-1.615673  -2.594844  0.816083
2.946969  1.266418  0.313543
0.914407  0.376570  -0.314188
0.941044  -1.947200  2.211551
-0.665684  -0.776537  -0.852535
-1.081025  1.091637  2.033022
1.950281  -1.396981  -3.489094
1.013887  0.692174  0.022047
-0.739577  -0.490235  -0.453518
-1.175610  -0.083019  -1.665624
2.289149  -0.477968  -0.452087
0.643329  0.105480  0.220082
-1.638190  3.110923  1.089227
-0.563190  0.158462  0.793206
1.288951  -0.668550  -2.427482
-1.902337  1.783331  0.116729
2.528209  -1.343319  -0.397956
0.027271  -0.618483  -0.441976
-0.562166  0.327585  0.533633
0.367667  0.780725  -0.073571
0.570612  -0.231278  0.950293
-0.834397  -0.091384  -1.618796
-0.111053  -1.344665  0.048557
-1.585678  0.105524  -1.373085
-1.298698  -0.203284  3.578003
-2.091738  -0.550695  2.810217
1.576320  0.414008  -0.883972
-0.931192  -1.723617  -0.468043
-0.010792  -0.531141  0.796193
0.931699  0.337581  -0.253690
-0.481095  0.650055  0.664557
0.915136  0.444114  0.413404
-1.133265  -0.943566  0.040814
2.575307  0.880637  -1.455627
0.809654  0.486810  0.592047
-0.530031  -0.182594  -0.019956
1.853941  -0.561796  0.011611
-2.520319  1.611841  -2.463364
0.824897  -0.203104  1.696565
-1.524019  1.827566  -1.539579
0.205028  -0.773131  0.097872
2.485656  -1.014645  -1.165951
1.550891  -0.314287  1.810688
-1.178549  0.049192  -0.826529
-0.438194  1.212688  0.113080
0.014925  0.424911  -0.578547
0.199692  0.885190  1.201295
-0.953113  1.581130  0.477834
-1.849130  0.323112  5.253938
3.373880  1.042735  -0.757887
0.059699  -1.009593  -1.045501
-1.575225  0.506739  1.047264
-0.385053  0.163566  0.239395
0.097649  -0.104006  -0.281462
1.806413  -0.378665  -3.467279
-0.051535  0.617709  -0.541177
-0.779604  -0.267936  -3.435977
-1.460288  -0.607262  0.082050
0.648789  0.635394  1.677063
1.617735  -0.221602  -4.168210
-0.294855  0.613635  0.148791
1.131100  -0.468428  -0.223277
-0.041669  0.743184  0.748626
0.425869  -1.189522  1.022156
-0.618208  -1.345727  0.727650
-0.221940  1.349688  3.304283
-0.503695  -1.992564  0.386677
-2.087769  3.276534  -3.345942
-2.084781  -1.756161  -0.483854
-2.230294  1.470162  1.053299
-0.142758  -0.076969  -0.387838
0.908434  0.102754  -1.055444
0.413411  0.608235  -0.796549
0.606896  0.167089  0.351568
-1.128067  -0.656722  0.259361
0.029125  -0.705309  0.272848
-1.598374  0.592871  -0.397032
-0.213338  -0.550501  0.844751
-1.639283  -0.526739  -0.983439
-0.862049  2.807577  1.204650
0.901211  0.885599  -0.893134
-0.626988  -1.049280  1.198398
-1.388249  -1.477631  -0.331505
0.946388  -0.467027  3.113460
-0.470982  -1.447048  0.039362
-0.446429  -0.485044  0.084730
-1.175087  -1.652125  0.160813
-0.392418  -0.905791  0.944423
0.788177  0.151327  0.854252
0.949186  -0.651512  -0.125672
0.283604  -0.614800  -1.501081
0.468475  -0.586522  2.638364
-0.217592  0.559761  -0.652805
-0.637350  -0.201322  -0.190456
-0.211018  -0.233171  0.743659
1.453123  -0.693130  -1.333276
0.400228  -0.703958  1.146513
-1.506197  2.817089  -2.520790
-4.733261  -1.543745  -1.301604
-0.308989  -0.017924  0.336322
1.690115  1.720210  -0.478993
-0.148028  -0.570043  0.307046
3.143275  -0.290166  2.255667
0.286065  0.077287  -2.199597
0.062136  0.633036  1.257810
-1.926190  -0.524264  0.512786
-1.250814  0.507492  0.119730
-0.861828  -0.053081  0.479149
0.488562  -0.129968  0.018193
-1.211440  0.932835  0.160274
3.764376  1.855851  -1.055243
0.750844  -0.012986  0.727259
-1.259845  -1.447713  1.721779
1.734836  0.704891  1.558108
0.545490  1.346843  0.481101
0.214413  0.744442  0.481391
-0.372594  -0.722826  -0.521985
-0.303892  -0.779369  -1.045836
1.361378  1.882616  3.961209
-2.242879  2.304383  0.458180
2.697598  -3.512717  -2.429517
0.383249  1.136586  -2.962589
1.175863  0.216416  -1.292572
-0.052822  -0.199820  -2.741801
1.268264  -1.322613  0.242256
0.162667  1.134201  0.119409
-0.192943  -2.164816  0.591080
0.807883  0.148040  -0.624753
