0.632621  1.608782  -0.124622
-0.442314  -0.328738  0.063522
0.047808  -0.643946  -0.440593
-0.357623  -1.022308  -0.398761
0.683582  2.864874  -0.293141
-0.200836  -1.380593  1.617132
-1.305145  -0.227393  0.833500
-1.249228  -1.051555  1.452048
0.475998  -0.289265  0.494136
-0.066851  1.292484  -0.813062
0.022234  -0.433656  0.077627
-1.248524  -1.717082  -1.090028
0.434543  0.275489  -0.830980
0.666552  -1.519053  1.310737
1.168539  1.241917  -0.332607
-1.037316  -0.824884  -0.285038
-0.074280  -0.791053  -2.981670
0.727832  0.883697  -0.485647
0.212355  -0.580724  2.420735
-3.489215  -0.614659  -0.378658
-0.231751  -0.135132  -1.996798
0.964486  1.257176  0.498701
0.191919  1.034922  -1.671198
1.231145  -0.457012  0.917341
1.400318  -1.163642  -0.667855
-2.110260  0.590731  0.264814
0.496180  0.984579  1.366381
-0.273534  1.406218  -0.984715
-1.389562  -2.561069  -0.760784
2.677551  1.279781  1.583556
-0.734433  -0.561622  -2.109544
0.336140  -0.973225  1.557519
-1.864614  -0.231954  1.045231
-0.843776  -0.935034  -0.938097
-0.228934  -0.421714  -1.142229
2.165247  -2.252895  0.742792
-1.157255  -1.152803  -0.012130
-0.405382  -0.764536  -0.011984
0.192567  0.941343  -2.813168
0.204518  -2.560406  -0.605659
-2.130013  2.461685  2.722044
0.424459  -0.588945  -0.053801
-2.052546  1.535728  -1.308205
1.470357  3.206951  -1.557869
-1.793450  -1.569477  -0.930528
2.206020  2.406135  -0.689379
-0.832252  -0.022349  -1.464469
-0.674382  1.670228  -0.665655
0.207501  1.454896  1.465866
1.576128  -0.772375  -1.073568
-0.147311  -0.194298  0.191385
2.027594  -1.135023  -1.526601
-1.364104  -1.240392  1.209230
-1.423291  -0.585542  1.954633
-0.845843  1.400237  1.534478
-1.086135  -0.660380  -0.310179
-1.743684  0.321550  0.189924
1.654669  0.205439  0.495678
-1.232000  0.813782  -0.845468
-0.576050  3.558336  0.293751
-0.024231  -0.828459  -1.083653
0.847965  0.941262  2.200520
-1.529301  -0.121330  -0.470323
-0.688953  -1.023081  -0.719657
-0.750294  0.181155  -0.723943
-1.211422  0.509211  0.764326
-0.393615  -0.708814  1.120577
-0.996685  -0.193719  -0.946860
0.489718  -0.917815  -0.254769
-0.968935  1.837763  -2.443596
1.276159  -0.822246  0.780071
0.928605  0.982872  -1.782367
0.726102  -0.733483  1.166752
-0.510965  0.797349  0.889590
1.493611  -0.216939  -0.452681
-0.974798  -0.169409  -0.593490
1.027757  -1.732068  1.617549
0.305920  0.128762  -0.620504
0.831736  0.184326  -0.093423
-0.001374  -0.938727  -0.362216
0.501321  0.266322  -0.640871
-1.429349  0.399153  0.971212
0.103903  -0.619261  -0.611115
-1.133994  -0.146323  -2.257701
0.876884  -0.715589  -1.799508
-0.145994  0.687910  2.630020
0.542155  -1.487316  -0.000875
0.713905  0.430263  -0.365948
0.144422  0.390456  2.373794
1.523425  -1.107728  1.351343
1.133426  -0.698107  0.056176
1.204803  0.729691  -0.990120
3.592674  0.161066  1.128736
-1.926041  -0.557003  0.205241
0.808718  1.518735  -0.431411
1.561768  -0.024825  -0.653069
1.356095  -1.649049  -0.751867
1.962772  0.200862  0.603635
0.348855  0.416416  -0.035965
2.152905  -1.192414  -0.095526
-0.855744  3.043964  -2.051303
-0.335307  1.361047  -0.307222
1.778246  -2.240797  1.742818
-0.426938  1.267229  0.298778
2.137312  -0.149579  -0.443000
-0.349670  -1.043471  0.500683
0.995787  -0.581301  -1.033226
0.935075  0.645841  -0.595194
-1.042877  1.839096  1.322491
-2.233977  0.036845  1.879803
-0.550394  0.804387  1.157126
-0.951547  -0.678438  1.366084
1.073945  -1.029152  0.113114
-0.633503  -0.873394  -0.206566
0.662991  0.678782  -0.915519
-0.461520  0.580144  0.418430
2.005789  -1.324127  0.359481
-0.425824  0.440634  0.643713
-0.740388  0.462824  0.122914
-0.177186  -1.085542  2.021120
1.256788  0.087079  -0.320902
-1.022046  1.692781  -0.588179
-0.207061  -0.914789  1.571681
-0.489657  0.058042  -0.771144
-1.114179  -1.927332  -0.459532
-0.197424  -0.114303  2.455454
-0.880476  0.399340  -0.987872
-1.406840  2.072097  0.319813
