0.586570  -1.546813  0.212424
-0.363449  1.980560  0.647498
0.396644  1.256264  -0.642390
0.977034  0.231800  -1.407197
-2.131238  -0.649593  0.600590
0.319029  -0.227402  2.035875
1.219780  -2.358298  0.723448
4.391515  1.183629  -1.632426
0.471273  -0.649270  -0.192718
1.897106  -0.621511  -0.507327
0.109585  -0.068447  0.092502
-0.270756  0.487152  -0.766459
-0.764188  -1.299860  -0.410884
-0.446220  1.205312  -0.744174
0.625562  -0.251612  0.815724
-0.690536  -0.322324  -0.557550
1.822614  -0.813560  -0.228177
-0.792024  -1.008625  2.741991
-0.062044  -1.499792  1.377816
0.577208  1.630743  -0.383103
-0.299569  -0.763048  0.719212
0.745763  0.528764  -0.152945
-0.761635  0.828234  -0.078111
0.544957  -0.056422  -0.466512
0.784226  0.172373  -2.486604
0.617544  -0.212969  -0.067461
0.308450  -0.385156  1.413475
-0.350715  0.417469  0.400205
-0.892488  -0.346463  0.032633
-0.264748  -1.486964  -1.432087
1.306521  -1.206438  -0.721742
-0.251405  -0.896316  0.264811
-0.290617  1.025059  0.271167
0.740094  -0.730418  -0.054337
1.320278  -0.292690  -0.276252
1.842167  0.129362  0.778842
-0.001301  -0.491037  0.002026
-0.430867  1.477293  0.516917
0.086463  -0.171990  -0.033878
-0.336475  0.112790  -0.210038
1.025852  0.672586  -1.229798
0.228104  -0.425424  0.060129
-2.228622  0.575832  -1.140009
0.606312  0.117175  0.842379
0.556065  0.451038  -1.072217
-1.401307  0.768729  -0.766399
0.374595  2.876119  -0.253324
-0.092489  -2.090274  0.549098
-0.523842  -0.023934  -0.276097
-0.887308  -0.127510  0.823372
0.394798  -0.074292  -0.447264
-1.080343  0.788465  -0.714828
-0.524820  -1.821610  0.042302
-1.437123  -0.605620  0.155409
0.480825  1.188810  -0.585034
0.261831  -0.698482  -0.322974
0.640931  0.415214  0.318243
-0.944283  1.038108  0.587631
-0.699067  1.626414  -1.117075
-0.414925  0.384727  1.068906
0.960059  0.294108  -0.351915
1.748928  0.025132  -0.366780
0.900040  -3.322598  -1.676462
-1.426288  0.564367  -1.171054
0.174854  -0.493382  -0.043844
-0.121834  -0.821101  0.630653
-0.212513  -0.343631  0.182354
-0.624823  0.383369  -0.526215
-1.698129  0.159285  2.878599
-2.832450  -0.127791  -0.112892
-1.006665  -0.896624  -0.336441
0.197027  1.175690  -0.564037
1.014035  0.226662  1.074600
-0.032751  -0.113460  -0.163633
1.095362  -1.280682  0.198296
0.931502  -0.580009  0.119997
-1.542290  0.335949  0.896128
1.091982  -4.637864  -0.651239
1.067877  -0.378130  -2.668384
0.070023  -0.247355  -0.267434
0.080426  0.578250  0.346316
0.519440  0.338343  0.450069
-1.053057  0.519490  -0.676706
0.855126  -0.189812  0.409837
0.394655  1.404660  -0.486241
-0.675700  2.039164  0.819386
-0.321437  -0.011402  0.682370
0.378167  0.134752  -0.588876
0.209548  1.581815  -0.738325
-1.067433  -0.533633  -0.003140
-1.198690  0.464165  0.651188
-1.197252  0.277321  -0.967283
1.230919  0.385631  0.462856
-0.228706  0.735644  -0.614915
-0.060106  0.533357  0.478105
0.845007  0.128247  0.674983
0.694844  -0.563685  -0.867924
-0.227754  0.480943  -1.509239
-0.823997  1.168138  0.511561
-0.292547  0.750563  0.536023
-0.765476  -0.671188  0.217021
-1.104711  -1.728163  1.123851
-1.130312  -1.047698  -1.198407
0.537730  0.020426  0.040211
-0.244563  -1.165468  0.492967
0.760145  -0.722060  -0.224756
0.588490  0.552798  -0.354878
-1.436335  1.315870  -1.173530
0.034969  -0.283232  -0.172741
-0.368469  1.144677  0.751021
-1.797412  -1.916410  -1.122807
1.008749  0.242615  0.137938
-1.862457  0.567368  -2.693026
-3.241004  0.471013  -0.662026
-0.008976  -0.562470  0.954965
1.184498  -2.408749  -0.599696
3.213199  -0.407924  0.235075
0.273477  1.639718  1.812423
1.291118  2.848960  0.768019
-0.691241  -0.208368  -0.027351
-1.650953  -0.235438  0.505187
-0.385993  0.903419  0.619789
0.472788  -1.440327  0.282098
-1.426515  0.376695  1.511042
0.692883  -0.836240  2.282039
-0.810878  0.980406  1.737269
0.565563  1.811910  1.463578
1.860996  1.268114  -0.072851
