1.003406  0.284312  1.251201
-1.734815  0.646729  -2.813908
3.131512  0.271356  0.654916
0.932076  0.551638  1.469963
-1.393423  -0.628295  -1.775950
-0.626727  -0.468416  -0.261785
-0.983715  0.139192  0.053799
1.913965  0.602957  0.045831
0.180510  -1.015963  -3.164468
-0.002509  -0.054191  1.526002
1.502428  -1.326433  -0.653925
0.672358  -0.732416  1.132037
0.077465  -0.169439  0.130299
-0.808509  0.238764  1.602567
3.142914  0.475103  1.299236
-0.440060  -0.846621  -0.669032
0.174853  0.312627  -0.831991
-1.121860  -0.940745  -0.889621
-2.181320  1.825832  -1.301096
0.173499  -0.408557  0.093650
-0.780817  -0.029866  -1.856691
2.426851  2.284201  1.477527
1.061170  -0.467625  1.045573
-0.540550  -0.748798  0.084379
-1.769041  1.441755  1.797175
-4.081606  3.257913  0.187753
0.128646  -1.338889  -1.003208
-0.732007  -1.132600  0.671541
4.250367  0.113972  -0.078507
0.490214  -0.500924  -1.214766
0.980620  0.165502  -0.032499
0.418440  0.034746  0.032650
1.195281  -0.833545  -0.453959
3.858073  -0.938344  -0.347076
0.351644  0.457623  0.797321
0.754677  0.501495  -0.608115
0.382277  -0.047388  0.162795
-0.390222  -0.132036  -1.341144
1.818117  1.287197  2.879038
0.308091  -0.918544  -0.388624
-1.959262  -2.091514  1.455418
-0.467874  -0.357207  0.396913
-0.049905  0.175376  -0.009105
-2.501515  -3.505492  -4.368503
-2.622829  0.290551  0.749370
-2.834171  2.608171  1.857541
-1.675533  -0.259044  1.048969
-0.501750  0.395474  0.289252
-1.907983  0.149995  -1.236214
0.578717  0.584573  0.607061
-0.995846  0.198131  0.089047
0.245936  -1.667169  -0.815922
-1.535906  -3.616086  0.527635
-0.183354  2.089576  -0.357136
-0.476994  0.940504  0.913428
-0.648236  1.767069  1.589170
1.100844  -0.444530  -0.637145
-0.432773  -0.387002  -0.194919
0.605492  -0.062457  -1.069155
1.150429  -2.266650  -0.905388
-1.005420  -0.493377  -0.394191
3.620476  -3.452792  2.087028
-1.751227  1.723805  -0.388236
-1.868991  0.570027  0.564071
0.618393  -2.426965  0.940363
-1.088878  0.894078  0.329756
1.930639  0.239228  0.587631
3.859210  0.168578  0.123220
-2.951579  2.804584  -0.287471
0.216149  0.403716  0.295055
0.091675  0.034514  0.438156
-0.550157  -1.406953  -0.703828
-2.007113  2.216150  -0.323207
-0.730583  0.227026  0.073172
-1.139967  1.174242  1.103426
1.232230  1.092537  -0.895454
-0.054425  3.872756  3.328069
-1.138629  0.825736  -0.156752
1.595974  -0.564563  1.948018
-0.876016  1.673106  1.665968
-0.019308  0.414024  0.220108
0.532051  0.181809  -0.619327
-1.576026  0.792068  -0.075787
0.037964  -0.931593  -3.327532
1.775109  1.822840  0.761046
0.515811  0.596289  0.300589
1.737493  -3.165875  -1.826657
-0.619138  1.086822  -0.134374
3.573061  -0.758449  1.333127
0.465027  1.831070  -0.544405
-0.339385  1.278300  0.552401
-0.207631  -0.955014  0.521454
0.345897  -0.167136  -0.104600
1.406264  0.151337  -1.005892
2.045229  -0.873422  0.454126
0.177568  -0.364048  0.862030
-0.240142  -0.529851  0.324340
2.919113  0.967560  -0.844425
0.645447  0.556760  -3.355353
0.582066  1.254385  -3.325762
-0.764199  -2.596857  0.908267
1.377657  -0.364134  2.743899
0.476248  1.066944  -0.388910
1.137357  0.087371  2.200839
-0.227213  -1.168796  1.008086
-0.682191  0.069916  -0.185270
0.793615  0.780426  0.074143
0.260836  -2.256903  0.230664
-1.196954  -1.771923  -2.168242
0.804658  0.397225  -0.161038
-1.306147  -0.138749  2.401637
0.217102  -0.969117  -2.015480
0.438115  -0.307992  0.510032
-2.146837  0.618410  -2.533743
0.031628  -1.040101  -2.851739
-1.565420  0.452423  -3.697498
-0.037993  0.538316  0.236439
-0.789741  -0.696234  -0.523927
-1.038369  1.583971  1.027297
1.897741  1.188416  2.475844
0.515814  0.645083  1.664914
-3.900121  1.442051  0.255823
0.257713  -1.316089  0.485001
0.296158  0.419671  -0.032760
-2.997489  -0.352839  -0.645663
0.475184  -1.471630  0.457692
-1.860078  -2.568991  0.297426
-0.855063  -0.788728  -0.912840
