0.014379  0.006272  0.006272
0.014379  0.006272  -0.006272
0.014379  -0.006272  0.006272
0.014379  -0.006272  -0.006272
0.022050  0.006234  0.006234
0.012794  0.012794  0.012794
0.002244  0.010433  0.000000
0.006381  0.006381  -0.010906
0.022050  0.006234  -0.006234
0.006381  0.006381  0.010906
0.012794  0.012794  -0.012794
0.002244  -0.000000  0.010433
0.006381  -0.010906  0.006381
-0.017544  -0.000000  0.000000
-0.009166  -0.005788  -0.005788
0.002244  -0.000000  -0.010433
-0.009166  -0.005788  0.005788
0.006381  -0.010906  -0.006381
0.022050  -0.006234  0.006234
0.006381  0.010906  0.006381
0.002244  -0.010433  0.000000
-0.009166  0.005788  -0.005788
0.022050  -0.006234  -0.006234
-0.009166  0.005788  0.005788
0.006381  0.010906  -0.006381
0.012794  -0.012794  0.012794
0.006381  -0.006381  -0.010906
0.006381  -0.006381  0.010906
0.012794  -0.012794  -0.012794
0.006234  0.022050  0.006234
0.010433  0.002244  0.000000
0.006272  0.014379  0.006272
0.006234  0.022050  -0.006234
0.006272  0.014379  -0.006272
0.006234  0.006234  0.022050
-0.004265  -0.004265  -0.004265
-0.010906  0.006381  0.006381
0.001027  0.001027  0.000000
-0.005788  -0.009166  -0.005788
-0.004265  -0.004265  0.004265
-0.005788  -0.009166  0.005788
0.006234  0.006234  -0.022050
-0.010906  0.006381  -0.006381
0.010433  -0.000000  0.002244
0.006272  0.006272  0.014379
0.001027  -0.000000  0.001027
-0.005788  -0.005788  -0.009166
0.001455  -0.000000  0.000000
-0.003038  -0.003038  -0.003038
0.001027  -0.000000  -0.001027
-0.003038  -0.003038  0.003038
0.010433  -0.000000  -0.002244
-0.005788  -0.005788  0.009166
0.006272  0.006272  -0.014379
0.006234  -0.006234  0.022050
0.006272  -0.006272  0.014379
-0.004265  0.004265  -0.004265
-0.005788  0.005788  -0.009166
0.001027  -0.001027  0.000000
-0.003038  0.003038  -0.003038
-0.004265  0.004265  0.004265
-0.003038  0.003038  0.003038
0.006234  -0.006234  -0.022050
-0.005788  0.005788  0.009166
0.006272  -0.006272  -0.014379
0.006234  -0.022050  0.006234
-0.010906  -0.006381  0.006381
0.010433  -0.002244  0.000000
-0.005788  0.009166  -0.005788
0.006234  -0.022050  -0.006234
-0.005788  0.009166  0.005788
-0.010906  -0.006381  -0.006381
0.006272  -0.014379  0.006272
0.006272  -0.014379  -0.006272
0.000000  0.002244  0.010433
0.000000  -0.017544  0.000000
-0.006272  0.014379  0.006272
0.000000  0.002244  -0.010433
-0.006272  0.014379  -0.006272
0.000000  0.010433  0.002244
0.000000  0.001027  0.001027
0.010906  0.006381  0.006381
0.000000  0.001455  0.000000
0.005788  -0.009166  -0.005788
0.000000  0.001027  -0.001027
0.005788  -0.009166  0.005788
0.000000  0.010433  -0.002244
0.010906  0.006381  -0.006381
0.000000  -0.000000  -0.017544
-0.006272  0.006272  0.014379
0.000000  -0.000000  0.001455
0.005788  -0.005788  -0.009166
0.000000  -0.000000  0.000000
0.003038  -0.003038  -0.003038
0.000000  -0.000000  -0.001455
0.003038  -0.003038  0.003038
0.000000  -0.000000  0.017544
0.005788  -0.005788  0.009166
-0.006272  0.006272  -0.014379
0.000000  -0.010433  0.002244
-0.006272  -0.006272  0.014379
0.000000  -0.001027  0.001027
0.005788  0.005788  -0.009166
0.000000  -0.001455  0.000000
0.003038  0.003038  -0.003038
0.000000  -0.001027  -0.001027
0.003038  0.003038  0.003038
0.000000  -0.010433  -0.002244
0.005788  0.005788  0.009166
-0.006272  -0.006272  -0.014379
0.000000  -0.002244  0.010433
0.010906  -0.006381  0.006381
0.000000  0.017544  0.000000
0.005788  0.009166  -0.005788
0.000000  -0.002244  -0.010433
0.005788  0.009166  0.005788
0.010906  -0.006381  -0.006381
-0.006272  -0.014379  0.006272
-0.006272  -0.014379  -0.006272
-0.006234  0.022050  0.006234
-0.010433  0.002244  0.000000
-0.006234  0.022050  -0.006234
-0.006234  0.006234  0.022050
0.004265  -0.004265  -0.004265
-0.012794  0.012794  0.012794
-0.001027  0.001027  0.000000
-0.006381  0.006381  -0.010906
0.004265  -0.004265  0.004265
-0.006381  0.006381  0.010906
-0.006234  0.006234  -0.022050
-0.012794  0.012794  -0.012794
-0.010433  -0.000000  0.002244
-0.001027  -0.000000  0.001027
-0.006381  -0.010906  0.006381
-0.001455  -0.000000  0.000000
0.009166  -0.005788  -0.005788
-0.001027  -0.000000  -0.001027
0.009166  -0.005788  0.005788
-0.010433  -0.000000  -0.002244
-0.006381  -0.010906  -0.006381
-0.006234  -0.006234  0.022050
0.004265  0.004265  -0.004265
-0.006381  0.010906  0.006381
-0.001027  -0.001027  0.000000
0.009166  0.005788  -0.005788
0.004265  0.004265  0.004265
0.009166  0.005788  0.005788
-0.006234  -0.006234  -0.022050
-0.006381  0.010906  -0.006381
-0.006234  -0.022050  0.006234
-0.012794  -0.012794  0.012794
-0.010433  -0.002244  0.000000
-0.006381  -0.006381  -0.010906
-0.006234  -0.022050  -0.006234
-0.006381  -0.006381  0.010906
-0.012794  -0.012794  -0.012794
-0.022050  0.006234  0.006234
-0.002244  0.010433  0.000000
-0.022050  0.006234  -0.006234
-0.002244  -0.000000  0.010433
0.017544  -0.000000  0.000000
-0.014379  0.006272  0.006272
-0.002244  -0.000000  -0.010433
-0.014379  0.006272  -0.006272
-0.022050  -0.006234  0.006234
-0.002244  -0.010433  0.000000
-0.014379  -0.006272  0.006272
-0.022050  -0.006234  -0.006234
-0.014379  -0.006272  -0.006272
