-0.639935  0.997025  0.488900
-0.022493  -1.007474  -1.786083
-0.006244  1.111927  -0.194675
1.070957  0.205319  0.442070
-0.597214  -0.843794  -2.473054
0.357350  0.963820  0.017140
-0.066980  0.101145  -0.144721
3.647437  4.044963  -2.940623
0.110394  -0.450361  0.075667
0.449613  0.311303  0.329326
-0.776507  -0.519105  0.341166
-1.470012  -2.821936  -3.066764
-0.405862  0.349119  2.252583
-0.996245  -0.569488  1.650439
0.543342  -2.712473  -0.934557
0.247140  -1.264075  -0.271921
-0.255184  0.796296  0.479315
0.260975  0.166768  0.043108
0.138623  -0.289841  -0.138958
0.078190  0.297728  1.265500
-1.059325  0.065297  0.191064
-1.513012  0.042984  0.641258
-0.152342  0.350057  -0.037820
0.238390  0.082616  -1.473587
-0.128930  -0.116973  -0.393008
-0.169406  0.800578  -0.255255
-0.285738  -0.044344  -0.110732
0.012838  0.071728  -0.241287
0.135271  -0.081337  -0.485233
-0.284517  0.142412  -0.520479
-0.998192  0.781854  -0.033461
0.117283  0.111648  -0.234792
-0.832293  0.156259  -0.837195
-0.776072  0.091879  -0.681543
0.359746  0.558735  -1.552350
0.257241  1.507802  1.295700
3.419025  1.492129  0.448691
0.088944  -0.429745  0.525211
0.309941  0.851357  0.533701
-1.330163  2.531225  0.846200
0.124717  0.478485  -0.822248
-1.110274  -0.161537  -0.606152
1.446261  -1.254879  -0.780693
0.412688  -0.261008  -2.094907
-0.919742  0.539768  0.469293
2.807429  1.137208  -2.511756
-0.125393  -0.122473  0.128739
-0.744826  1.853016  1.995812
0.151012  -0.167777  0.001180
1.415385  -1.515018  0.650430
-2.907926  0.541139  -0.609416
-3.336686  -1.602550  0.356461
-0.391565  -0.740923  -1.912042
-3.220972  0.437982  -3.013150
-0.097814  -0.107969  0.196433
-2.637204  1.675642  0.049499
-0.560606  -0.583373  1.517900
0.644965  0.524007  0.215489
0.263401  -1.487412  -0.011181
0.620792  -1.021863  -0.564308
1.568100  -0.562437  1.053129
0.913923  -1.635829  0.594864
-0.519440  0.457485  0.071049
-0.070869  -0.171660  0.243431
1.172335  0.775158  -0.598739
-0.756515  0.736231  0.224591
1.192704  0.473987  -0.083909
-0.756438  -1.150136  1.753019
0.501937  0.212545  0.654728
1.832370  0.215790  0.471178
0.298690  -0.933156  0.760904
-0.859622  -0.093866  1.387554
-0.370016  -0.959061  0.274630
-0.531765  0.127572  0.127646
-0.410810  1.626064  -0.282306
0.535629  -0.956014  -0.766075
1.967813  -3.105134  0.479687
1.171188  0.640917  -2.130941
2.434229  0.696810  -0.029872
-0.160138  1.396118  -1.424076
-2.203112  -1.684561  2.694177
-0.705947  -0.989548  -0.539295
-0.194745  -0.760363  -0.371953
0.571384  0.610781  1.953258
0.341853  -0.804148  0.551345
-2.778263  -1.070470  1.593383
-2.421038  0.369917  -0.072551
1.438391  -0.079650  -0.437480
0.139498  -0.244966  -0.499091
2.402727  -1.705057  2.256039
-0.537970  -0.108038  -0.104172
-0.475833  -0.590117  -0.298401
-0.915613  -0.773884  1.097973
0.524335  -2.910814  1.777741
1.062031  0.713990  0.538184
0.150971  0.476043  0.953243
0.469935  1.318690  -2.044177
-1.442323  -1.478932  0.319803
1.740962  0.681866  0.109523
-0.688071  -1.533203  1.558973
0.209277  1.323147  -0.425033
0.457331  0.575075  -0.056703
-0.256037  -0.960383  -0.743048
0.278751  0.279823  1.206312
0.418605  -0.242145  0.481062
1.361004  0.225875  0.501660
0.439310  -0.188228  0.550711
0.658149  2.111936  -1.480300
-0.904630  0.334028  -0.617657
-2.832260  -0.686384  1.630633
0.437034  0.536838  -0.571082
0.250760  0.111270  -0.302431
-0.401451  -1.517267  0.035648
0.207979  0.467010  -0.998352
1.680277  3.880607  -0.043399
-2.317206  -1.327250  1.056159
0.384606  0.348971  0.265920
3.904366  0.514132  -0.569952
0.274418  0.040964  -1.328729
-0.814634  -2.422193  2.299028
1.251462  -0.262339  0.456608
-0.697235  0.835457  -2.549510
-1.324758  1.879322  -0.767992
0.517285  0.494766  0.206111
-0.343859  -0.481583  -1.115998
-0.292570  0.085142  -0.212847
0.547000  1.606223  3.831896
0.364876  -0.785227  -0.270054
