0.548802  0.415565  -1.700550
-0.057909  1.373814  -0.442415
-1.603113  1.971353  0.671656
-0.467113  0.505239  0.077121
0.762772  -1.522610  -2.842356
-0.366434  1.581082  1.231257
-0.168543  0.535333  -0.641088
-1.785399  -1.897906  1.020038
-0.548341  -1.302095  -0.142004
-0.656254  1.281864  -1.394698
-0.119591  -0.809548  1.507911
-0.163365  -1.176353  -0.540060
0.775738  -0.096697  -1.647359
0.073294  1.368381  -0.943196
-0.840977  0.433834  0.920135
-1.264114  1.913879  -2.306920
1.630399  -0.342431  0.811898
1.911960  0.561011  0.358794
-1.715673  -1.387888  0.359937
0.401575  -0.244860  1.775539
0.012284  -0.569285  0.045131
-1.072178  1.526104  -0.480923
0.652838  -1.231757  1.222949
-1.412038  0.829641  -0.365485
-1.119972  0.596270  -0.763268
1.118695  -1.512161  -2.110071
1.188700  1.977508  1.047236
1.227576  -1.225476  4.280808
-0.343923  -0.432901  -0.438961
0.680567  -0.644532  1.084702
2.682307  0.430157  0.894069
-0.260609  -0.451914  1.441694
-1.096193  0.724104  2.210068
-1.102665  0.495954  1.249886
0.378900  0.161458  -1.025565
-0.668465  0.746072  -0.375022
1.767883  -2.065639  -0.591702
-0.442556  0.096079  -1.258690
-0.937002  -0.571388  -1.400407
0.435320  0.589808  -2.466248
-0.538320  -1.143787  2.655410
0.320474  1.859156  -0.191320
0.318385  0.255707  1.809957
1.233985  2.292909  -2.893532
-1.700718  -1.102329  0.983363
-1.049727  -0.719406  0.867383
0.992674  1.934417  -0.904905
-0.373402  0.432003  -1.922317
0.986948  0.126252  1.949675
0.492807  -0.110815  0.630306
0.630557  -0.303631  -0.216041
-0.389268  -0.571837  -0.638055
1.683123  -0.101298  -0.371271
0.466357  0.629595  -0.623410
-0.109951  -1.305379  0.490892
0.882092  0.606748  0.552290
0.119074  -1.166432  -0.638125
-1.886594  -0.607232  -0.499794
1.000363  -0.578027  0.231610
-0.488267  0.892892  -0.062102
-3.238389  -2.519872  -1.236219
0.727472  2.544273  0.912676
-0.552529  -0.913344  0.379679
1.081059  -1.573568  -1.802350
-0.582231  -1.068976  -0.843275
-2.104844  -1.025613  -1.240725
1.514082  -0.747643  0.958201
0.234830  0.568671  2.414131
0.281082  1.319591  0.641930
0.124896  0.363272  0.141929
1.679859  -0.387186  -0.386178
0.305222  1.897158  -2.368602
-0.211223  -2.057801  1.697527
-1.725708  -0.031606  -1.141937
-1.568514  1.090171  0.590501
-0.263272  0.351295  -0.299039
-1.037557  -1.421116  0.013743
0.271405  0.294699  -1.533791
0.548603  -0.969637  -0.150047
0.325461  0.792506  -0.271721
-0.152604  -0.101637  -0.310342
0.085085  -0.355439  -0.722885
-0.476700  -0.991433  0.439594
1.938450  -4.353828  3.475518
0.076833  1.000238  -0.053831
1.567052  -0.427425  -1.857114
0.604351  0.047242  0.717349
0.607890  0.147826  -1.741696
-0.111058  0.561860  -0.368744
0.844108  -1.408889  1.425700
-3.850169  2.912626  -4.271248
1.659058  0.772022  0.115068
-1.125403  -1.669890  1.264841
-0.062082  0.744227  -0.662396
-0.616022  0.593456  2.901798
-1.747533  -1.548310  -0.084948
0.216308  2.703365  1.096759
-0.369718  0.964355  -0.282514
0.929470  -0.749555  0.107845
0.290425  -0.025950  -0.727435
-0.054663  0.287075  -0.070115
-2.562644  1.413433  0.820641
1.140285  -0.417966  -0.152872
0.711803  1.266022  1.418050
2.063314  -0.042680  0.488111
-0.160597  0.014055  -0.652670
1.362739  1.096229  2.513026
-0.471830  -0.627575  0.520941
1.036894  -1.003024  1.011103
0.057684  0.391981  0.317676
0.201525  -1.544477  0.337645
-1.128550  -0.283877  -0.805484
1.601569  0.760719  1.504139
-2.147596  -1.052945  -1.566137
2.049617  1.244503  1.553228
-0.998676  0.906088  -2.599980
1.092496  -1.448493  -0.526732
-0.284910  0.352386  0.308527
0.797332  0.954624  -0.053124
-1.070395  0.469048  -1.067041
-1.139732  -2.273165  0.513408
0.416226  0.142447  0.520965
0.689992  0.721496  -0.674344
-0.492503  0.343112  0.250763
1.020190  -0.223528  -1.568987
0.428619  -0.153580  -1.050095
-1.894691  0.097951  2.006844
0.991285  -0.658571  0.220899
