0.001181  -0.001181  0.001620
0.001269  -0.001269  -0.001640
-0.002879  0.002879  0.001179
0.001269  -0.001269  0.001640
0.000274  -0.000274  -0.000000
0.001181  -0.001181  -0.001620
-0.002879  0.002879  -0.001179
0.001037  -0.001444  0.000000
-0.002021  0.000543  0.001422
0.000927  -0.001333  -0.001495
-0.002021  0.000543  -0.001422
0.001086  -0.000092  0.002658
-0.002240  -0.000004  -0.000984
0.001086  -0.000092  -0.002658
-0.003022  0.002034  -0.000000
0.000927  -0.001333  0.001495
-0.002240  -0.000004  0.000984
-0.001655  -0.004659  -0.000000
-0.000302  0.003174  -0.000871
0.001303  -0.000255  -0.000699
-0.000302  0.003174  0.000871
0.000122  0.000850  0.000055
0.001054  -0.000104  -0.000457
0.000122  0.000850  -0.000055
0.004029  -0.000356  -0.000000
0.001303  -0.000255  0.000699
0.001054  -0.000104  0.000457
-0.000254  -0.004378  -0.000000
-0.001248  -0.000450  -0.001310
-0.002197  -0.001054  -0.003593
-0.001248  -0.000450  0.001310
-0.002746  0.000728  0.001525
0.002036  0.001814  -0.000352
-0.002746  0.000728  -0.001525
0.004120  0.001336  -0.000000
-0.002197  -0.001054  0.003593
0.002036  0.001814  0.000352
-0.002087  -0.000629  -0.000000
-0.001055  0.003100  -0.000484
0.001152  0.000096  -0.000531
-0.001055  0.003100  0.000484
-0.001400  0.000385  0.000762
0.000471  0.001274  0.000160
-0.001400  0.000385  -0.000762
0.001281  0.002218  0.000000
0.001152  0.000096  0.000531
0.000471  0.001274  -0.000160
0.000629  0.002087  0.000000
-0.003100  0.001055  -0.000484
-0.000096  -0.001152  -0.000531
-0.003100  0.001055  0.000484
-0.000385  0.001400  0.000762
-0.001274  -0.000471  0.000160
-0.000385  0.001400  -0.000762
-0.002218  -0.001281  -0.000000
-0.000096  -0.001152  0.000531
-0.001274  -0.000471  -0.000160
0.001916  0.002619  0.000000
-0.000445  0.000861  -0.000502
-0.000727  -0.001278  -0.002468
-0.000445  0.000861  0.000502
0.001949  0.002809  0.000147
0.001051  -0.003589  0.001724
0.001949  0.002809  -0.000147
-0.001352  0.000360  -0.000000
-0.000727  -0.001278  0.002468
0.001051  -0.003589  -0.001724
-0.003333  0.001123  -0.000000
-0.001067  -0.000224  -0.000790
-0.003112  0.000365  -0.000863
-0.001067  -0.000224  0.000790
-0.000855  0.000776  -0.000705
0.001376  -0.001771  -0.001264
-0.000855  0.000776  0.000705
0.003873  0.000587  0.000000
-0.003112  0.000365  0.000863
0.001376  -0.001771  0.001264
-0.002571  -0.000685  0.000000
0.002733  -0.000404  0.000841
-0.001062  0.000984  -0.001163
0.002733  -0.000404  -0.000841
0.000441  0.000554  0.001028
0.004605  -0.000510  0.001534
0.000441  0.000554  -0.001028
0.004782  -0.002610  -0.000000
-0.001062  0.000984  0.001163
0.004605  -0.000510  -0.001534
0.000195  -0.000195  0.000000
-0.000158  0.000158  -0.001830
-0.001216  0.001216  -0.003038
-0.000158  0.000158  0.001830
-0.001927  0.001927  0.001015
-0.000581  0.000581  0.001804
-0.001927  0.001927  -0.001015
0.003468  -0.003468  0.000000
-0.001216  0.001216  0.003038
-0.000581  0.000581  -0.001804
0.004378  0.000254  0.000000
0.000450  0.001248  -0.001310
0.001054  0.002197  -0.003593
0.000450  0.001248  0.001310
-0.000728  0.002746  0.001525
-0.001814  -0.002036  -0.000352
-0.000728  0.002746  -0.001525
-0.001336  -0.004120  0.000000
0.001054  0.002197  0.003593
-0.001814  -0.002036  0.000352
0.002937  0.001815  -0.000000
-0.001933  -0.000233  0.001660
-0.003343  -0.000575  0.000419
-0.001933  -0.000233  -0.001660
-0.000656  0.003405  0.001375
-0.000849  -0.003915  -0.002059
-0.000656  0.003405  -0.001375
-0.001461  -0.005105  -0.000000
-0.003343  -0.000575  -0.000419
-0.000849  -0.003915  0.002059
0.001083  0.000044  0.000000
-0.001261  -0.001340  0.000547
-0.003945  0.000056  0.001090
-0.001261  -0.001340  -0.000547
0.000608  0.000470  0.000831
0.001733  -0.003858  0.000582
0.000608  0.000470  -0.000831
0.001238  -0.003027  -0.000000
-0.003945  0.000056  -0.001090
0.001733  -0.003858  -0.000582
-0.003425  0.003425  -0.000000
0.000419  -0.000419  -0.001643
-0.002037  0.002037  0.001183
0.000419  -0.000419  0.001643
-0.001119  0.001119  -0.001389
0.003245  -0.003245  -0.001259
-0.001119  0.001119  0.001389
0.004577  -0.004577  0.000000
-0.002037  0.002037  -0.001183
0.003245  -0.003245  0.001259
0.000685  0.002571  0.000000
0.000404  -0.002733  0.000841
-0.000984  0.001062  -0.001163
0.000404  -0.002733  -0.000841
-0.000554  -0.000441  0.001028
0.000510  -0.004605  0.001534
-0.000554  -0.000441  -0.001028
0.002610  -0.004782  -0.000000
-0.000984  0.001062  0.001163
0.000510  -0.004605  -0.001534
0.004659  0.001655  0.000000
-0.003174  0.000302  -0.000871
0.000255  -0.001303  -0.000699
-0.003174  0.000302  0.000871
-0.000850  -0.000122  0.000055
0.000104  -0.001054  -0.000457
-0.000850  -0.000122  -0.000055
0.000356  -0.004029  -0.000000
0.000255  -0.001303  0.000699
0.000104  -0.001054  0.000457
0.002430  0.005525  0.000000
-0.003206  -0.000952  -0.000945
0.002671  0.000810  -0.000685
-0.003206  -0.000952  0.000945
0.000493  0.001441  0.000125
-0.003264  -0.000040  -0.000934
0.000493  0.001441  -0.000125
0.002183  -0.002227  -0.000000
0.002671  0.000810  0.000685
-0.003264  -0.000040  0.000934
0.000993  -0.000993  -0.000000
-0.000361  0.000361  -0.000035
0.000082  -0.000082  0.000645
-0.000361  0.000361  0.000035
0.000139  -0.000139  0.000001
0.002244  -0.002244  -0.001502
0.000139  -0.000139  -0.000001
-0.001354  0.001354  0.000000
0.000082  -0.000082  -0.000645
0.002244  -0.002244  0.001502
-0.000044  -0.001083  -0.000000
0.001340  0.001261  0.000547
-0.000056  0.003945  0.001090
0.001340  0.001261  -0.000547
-0.000470  -0.000608  0.000831
0.003858  -0.001733  0.000582
-0.000470  -0.000608  -0.000831
0.003027  -0.001238  0.000000
-0.000056  0.003945  -0.001090
0.003858  -0.001733  -0.000582
-0.001123  0.003333  -0.000000
0.000224  0.001067  -0.000790
-0.000365  0.003112  -0.000863
0.000224  0.001067  0.000790
-0.000776  0.000855  -0.000705
0.001771  -0.001376  -0.001264
-0.000776  0.000855  0.000705
-0.000587  -0.003873  -0.000000
-0.000365  0.003112  0.000863
0.001771  -0.001376  0.001264
0.001444  -0.001037  -0.000000
-0.000543  0.002021  0.001422
0.001333  -0.000927  -0.001495
-0.000543  0.002021  -0.001422
0.000092  -0.001086  0.002658
0.000004  0.002240  -0.000984
0.000092  -0.001086  -0.002658
-0.002034  0.003022  -0.000000
0.001333  -0.000927  0.001495
0.000004  0.002240  0.000984
0.001862  -0.001862  0.000000
0.000799  -0.000799  0.002314
0.002656  -0.002656  -0.002888
0.000799  -0.000799  -0.002314
0.001722  -0.001722  -0.001660
-0.002007  0.002007  -0.004279
0.001722  -0.001722  0.001660
-0.000870  0.000870  -0.000000
0.002656  -0.002656  0.002888
-0.002007  0.002007  0.004279
-0.005525  -0.002430  -0.000000
0.000952  0.003206  -0.000945
-0.000810  -0.002671  -0.000685
0.000952  0.003206  0.000945
-0.001441  -0.000493  0.000125
0.000040  0.003264  -0.000934
-0.001441  -0.000493  -0.000125
0.002227  -0.002183  0.000000
-0.000810  -0.002671  0.000685
0.000040  0.003264  0.000934
-0.001815  -0.002937  0.000000
0.000233  0.001933  0.001660
0.000575  0.003343  0.000419
0.000233  0.001933  -0.001660
-0.003405  0.000656  0.001375
0.003915  0.000849  -0.002059
-0.003405  0.000656  -0.001375
0.005105  0.001461  -0.000000
0.000575  0.003343  -0.000419
0.003915  0.000849  0.002059
-0.002619  -0.001916  0.000000
-0.000861  0.000445  -0.000502
0.001278  0.000727  -0.002468
-0.000861  0.000445  0.000502
-0.002809  -0.001949  0.000147
0.003589  -0.001051  0.001724
-0.002809  -0.001949  -0.000147
-0.000360  0.001352  0.000000
0.001278  0.000727  0.002468
0.003589  -0.001051  -0.001724
