0.000070  0.000000  0.000184
-0.000070  -0.000000  0.000184
-0.000070  -0.000000  -0.000184
0.000070  0.000000  -0.000184
0.000070  0.000000  0.000184
-0.000070  0.000000  0.000184
-0.000070  0.000000  -0.000184
0.000070  -0.000000  -0.000184
0.000070  -0.000000  0.000184
-0.000070  0.000000  0.000184
-0.000070  0.000000  -0.000184
0.000070  0.000000  -0.000184
0.000070  0.000000  0.000184
-0.000070  0.000000  0.000184
-0.000070  0.000000  -0.000184
0.000070  0.000000  -0.000184
0.000070  0.000000  0.000184
-0.000070  -0.000000  0.000184
-0.000070  0.000000  -0.000184
0.000070  0.000000  -0.000184
0.000070  -0.000000  0.000184
-0.000070  0.000000  0.000184
-0.000070  -0.000000  -0.000184
0.000070  -0.000000  -0.000184
0.000070  0.000000  0.000184
-0.000070  -0.000000  0.000184
-0.000070  -0.000000  -0.000184
0.000070  0.000000  -0.000184
0.000070  -0.000000  0.000184
-0.000070  0.000000  0.000184
-0.000070  0.000000  -0.000184
0.000070  -0.000000  -0.000184
0.000070  -0.000000  0.000184
-0.000070  -0.000000  0.000184
-0.000070  -0.000000  -0.000184
0.000070  0.000000  -0.000184
0.000070  0.000000  0.000184
-0.000070  0.000000  0.000184
-0.000070  -0.000000  -0.000184
0.000070  -0.000000  -0.000184
0.000070  0.000000  0.000184
-0.000070  -0.000000  0.000184
-0.000070  0.000000  -0.000184
0.000070  -0.000000  -0.000184
0.000070  -0.000000  0.000184
-0.000070  0.000000  0.000184
-0.000070  0.000000  -0.000184
0.000070  -0.000000  -0.000184
0.000070  0.000000  0.000184
-0.000070  0.000000  0.000184
-0.000070  0.000000  -0.000184
0.000070  0.000000  -0.000184
0.000070  0.000000  0.000184
-0.000070  0.000000  0.000184
-0.000070  0.000000  -0.000184
0.000070  0.000000  -0.000184
0.000070  0.000000  0.000184
-0.000070  -0.000000  0.000184
-0.000070  -0.000000  -0.000184
0.000070  -0.000000  -0.000184
0.000070  0.000000  0.000184
-0.000070  -0.000000  0.000184
-0.000070  0.000000  -0.000184
0.000070  -0.000000  -0.000184
0.000070  -0.000000  0.000184
-0.000070  -0.000000  0.000184
-0.000070  -0.000000  -0.000184
0.000070  0.000000  -0.000184
0.000070  0.000000  0.000184
-0.000070  0.000000  0.000184
-0.000070  0.000000  -0.000184
0.000070  -0.000000  -0.000184
0.000070  -0.000000  0.000184
-0.000070  -0.000000  0.000184
-0.000070  -0.000000  -0.000184
0.000070  0.000000  -0.000184
0.000070  0.000000  0.000184
-0.000070  0.000000  0.000184
-0.000070  0.000000  -0.000184
0.000070  -0.000000  -0.000184
0.000070  -0.000000  0.000184
-0.000070  0.000000  0.000184
-0.000070  -0.000000  -0.000184
0.000070  -0.000000  -0.000184
0.000070  0.000000  0.000184
-0.000070  0.000000  0.000184
-0.000070  -0.000000  -0.000184
0.000070  -0.000000  -0.000184
0.000070  0.000000  0.000184
-0.000070  -0.000000  0.000184
-0.000070  0.000000  -0.000184
0.000070  0.000000  -0.000184
0.000070  -0.000000  0.000184
-0.000070  0.000000  0.000184
-0.000070  0.000000  -0.000184
0.000070  -0.000000  -0.000184
0.000070  0.000000  0.000184
-0.000070  -0.000000  0.000184
-0.000070  -0.000000  -0.000184
0.000070  0.000000  -0.000184
0.000070  -0.000000  0.000184
-0.000070  0.000000  0.000184
-0.000070  0.000000  -0.000184
0.000070  0.000000  -0.000184
0.000070  -0.000000  0.000184
-0.000070  -0.000000  0.000184
-0.000070  -0.000000  -0.000184
0.000070  0.000000  -0.000184
0.000070  0.000000  0.000184
-0.000070  0.000000  0.000184
-0.000070  -0.000000  -0.000184
0.000070  -0.000000  -0.000184
0.000070  0.000000  0.000184
-0.000070  -0.000000  0.000184
-0.000070  -0.000000  -0.000184
0.000070  0.000000  -0.000184
0.000070  -0.000000  0.000184
-0.000070  0.000000  0.000184
-0.000070  -0.000000  -0.000184
0.000070  -0.000000  -0.000184
0.000070  0.000000  0.000184
-0.000070  0.000000  0.000184
-0.000070  -0.000000  -0.000184
0.000070  0.000000  -0.000184
0.000070  0.000000  0.000184
-0.000070  0.000000  0.000184
-0.000070  0.000000  -0.000184
0.000070  -0.000000  -0.000184
0.000070  0.000000  0.000184
-0.000070  0.000000  0.000184
-0.000070  -0.000000  -0.000184
0.000070  -0.000000  -0.000184
0.000070  -0.000000  0.000184
-0.000070  -0.000000  0.000184
-0.000070  0.000000  -0.000184
0.000070  -0.000000  -0.000184
0.000070  -0.000000  0.000184
-0.000070  -0.000000  0.000184
-0.000070  -0.000000  -0.000184
0.000070  0.000000  -0.000184
0.000070  -0.000000  0.000184
-0.000070  0.000000  0.000184
-0.000070  0.000000  -0.000184
0.000070  -0.000000  -0.000184
0.000070  0.000000  0.000184
-0.000070  -0.000000  0.000184
-0.000070  -0.000000  -0.000184
0.000070  0.000000  -0.000184
0.000070  -0.000000  0.000184
-0.000070  0.000000  0.000184
-0.000070  0.000000  -0.000184
0.000070  -0.000000  -0.000184
0.000070  -0.000000  0.000184
-0.000070  -0.000000  0.000184
-0.000070  -0.000000  -0.000184
0.000070  -0.000000  -0.000184
0.000070  -0.000000  0.000184
-0.000070  0.000000  0.000184
-0.000070  0.000000  -0.000184
0.000070  0.000000  -0.000184
0.000070  0.000000  0.000184
-0.000070  -0.000000  0.000184
-0.000070  -0.000000  -0.000184
0.000070  -0.000000  -0.000184
0.000070  -0.000000  0.000184
-0.000070  0.000000  0.000184
-0.000070  -0.000000  -0.000184
0.000070  0.000000  -0.000184
0.000070  0.000000  0.000184
-0.000070  -0.000000  0.000184
-0.000070  -0.000000  -0.000184
0.000070  0.000000  -0.000184
0.000070  -0.000000  0.000184
-0.000070  0.000000  0.000184
-0.000070  0.000000  -0.000184
0.000070  -0.000000  -0.000184
0.000070  -0.000000  0.000184
-0.000070  -0.000000  0.000184
-0.000070  -0.000000  -0.000184
0.000070  0.000000  -0.000184
0.000070  0.000000  0.000184
-0.000070  0.000000  0.000184
-0.000070  0.000000  -0.000184
0.000070  -0.000000  -0.000184
0.000070  0.000000  0.000184
-0.000070  -0.000000  0.000184
-0.000070  0.000000  -0.000184
0.000070  0.000000  -0.000184
0.000070  -0.000000  0.000184
-0.000070  0.000000  0.000184
-0.000070  0.000000  -0.000184
0.000070  -0.000000  -0.000184
0.000070  -0.000000  0.000184
-0.000070  0.000000  0.000184
-0.000070  -0.000000  -0.000184
0.000070  0.000000  -0.000184
0.000070  0.000000  0.000184
-0.000070  0.000000  0.000184
-0.000070  0.000000  -0.000184
0.000070  0.000000  -0.000184
0.000070  -0.000000  0.000184
-0.000070  0.000000  0.000184
-0.000070  -0.000000  -0.000184
0.000070  -0.000000  -0.000184
0.000070  0.000000  0.000184
-0.000070  -0.000000  0.000184
-0.000070  -0.000000  -0.000184
0.000070  -0.000000  -0.000184
0.000070  0.000000  0.000184
-0.000070  -0.000000  0.000184
-0.000070  -0.000000  -0.000184
0.000070  0.000000  -0.000184
0.000070  -0.000000  0.000184
-0.000070  0.000000  0.000184
-0.000070  0.000000  -0.000184
0.000070  0.000000  -0.000184
