0.000033  0.000975  -0.000154
0.000045  0.003426  -0.000898
0.000014  0.000672  -0.000740
0.000035  0.000537  0.001112
0.000053  0.001134  -0.001281
0.000009  0.001267  0.000581
0.000022  0.001046  -0.000980
0.000013  0.000050  -0.000064
0.000052  -0.000689  -0.001180
0.000009  0.000209  -0.000168
0.000024  0.001706  0.000365
0.000024  0.000597  -0.000746
0.000031  0.000358  -0.000861
0.000042  -0.000058  0.000471
-0.000010  -0.000434  -0.000514
-0.000051  -0.001070  -0.000646
-0.000032  -0.000522  -0.000707
-0.000021  0.000499  0.000443
-0.000024  -0.001636  0.000627
-0.000037  -0.000233  -0.000417
-0.000037  0.000392  0.000509
0.000002  -0.000793  -0.000252
-0.000001  -0.000695  0.001061
-0.000018  -0.000233  0.000187
-0.000079  -0.000144  0.000734
-0.000005  0.000252  0.000756
0.000054  0.000938  0.000310
0.000007  0.000213  -0.000286
0.000045  0.000811  0.000791
0.000017  0.000986  -0.000109
0.000066  0.003718  -0.000867
0.000025  0.000659  -0.000763
0.000042  0.000526  0.001125
0.000024  0.001193  -0.001260
0.000069  0.001267  0.000568
0.000067  0.001009  -0.000950
0.000049  0.000038  -0.000034
-0.000020  -0.000715  -0.001174
0.000015  0.000195  -0.000179
0.000034  0.001715  0.000356
0.000005  0.000582  -0.000708
0.000081  0.000402  -0.000790
0.000038  -0.000032  0.000546
-0.000003  -0.000392  -0.000516
0.000014  -0.001067  -0.000730
-0.000031  -0.000541  -0.000702
0.000000  0.000510  0.000482
0.000009  -0.001593  0.000687
-0.000030  -0.000218  -0.000416
-0.000014  0.000383  0.000534
0.000008  -0.000794  -0.000256
-0.000018  -0.000729  0.001073
0.000005  -0.000211  0.000232
-0.000023  -0.000172  0.000737
-0.000004  0.000270  0.000773
0.000053  0.000919  0.000290
-0.000010  0.000206  -0.000257
0.000008  0.000770  0.000822
0.000033  0.000975  -0.000154
0.000045  0.003426  -0.000898
0.000014  0.000672  -0.000740
0.000035  0.000537  0.001112
0.000053  0.001134  -0.001281
0.000009  0.001267  0.000581
0.000022  0.001046  -0.000980
0.000013  0.000050  -0.000064
0.000052  -0.000689  -0.001180
0.000009  0.000209  -0.000168
0.000024  0.001706  0.000365
0.000024  0.000597  -0.000746
0.000031  0.000358  -0.000861
0.000042  -0.000058  0.000471
-0.000010  -0.000434  -0.000514
-0.000051  -0.001070  -0.000646
-0.000032  -0.000522  -0.000707
-0.000021  0.000499  0.000443
-0.000024  -0.001636  0.000627
-0.000037  -0.000233  -0.000417
-0.000037  0.000392  0.000509
0.000002  -0.000793  -0.000252
-0.000001  -0.000695  0.001061
-0.000018  -0.000233  0.000187
-0.000079  -0.000144  0.000734
-0.000005  0.000252  0.000756
0.000054  0.000938  0.000310
0.000007  0.000213  -0.000286
0.000045  0.000811  0.000791
0.000017  0.000986  -0.000109
0.000066  0.003718  -0.000867
0.000025  0.000659  -0.000763
0.000042  0.000526  0.001125
0.000024  0.001193  -0.001260
0.000069  0.001267  0.000568
0.000067  0.001009  -0.000950
0.000049  0.000038  -0.000034
-0.000020  -0.000715  -0.001174
0.000015  0.000195  -0.000179
0.000034  0.001715  0.000356
0.000005  0.000582  -0.000708
0.000081  0.000402  -0.000790
0.000038  -0.000032  0.000546
-0.000003  -0.000392  -0.000516
0.000014  -0.001067  -0.000730
-0.000031  -0.000541  -0.000702
0.000000  0.000510  0.000482
0.000009  -0.001593  0.000687
-0.000030  -0.000218  -0.000416
-0.000014  0.000383  0.000534
0.000008  -0.000794  -0.000256
-0.000018  -0.000729  0.001073
0.000005  -0.000211  0.000232
-0.000023  -0.000172  0.000737
-0.000004  0.000270  0.000773
0.000053  0.000919  0.000290
-0.000010  0.000206  -0.000257
0.000008  0.000770  0.000822
-0.000034  0.000476  -0.001195
-0.000039  0.000299  0.001728
-0.000063  0.000294  0.000691
-0.000006  0.001041  0.000058
-0.000047  -0.000060  0.000292
0.000017  -0.000852  0.001390
-0.000017  -0.000870  -0.000683
-0.000057  -0.001213  0.000388
-0.000028  0.000873  0.000028
0.000007  0.000527  0.001377
0.000005  0.000933  0.000464
0.000050  0.000164  0.001292
0.000020  0.000662  0.001266
0.000038  0.000566  -0.000361
0.000018  -0.000319  -0.000011
-0.000011  0.000792  -0.000415
-0.000000  -0.000394  -0.000240
0.000028  0.000362  0.000291
-0.000032  -0.000510  -0.000952
-0.000036  -0.000866  -0.000813
-0.000030  -0.000788  -0.001484
-0.000023  -0.001332  0.000049
-0.000011  -0.000697  -0.001206
-0.000017  -0.000919  0.000180
-0.000022  -0.002646  -0.000740
-0.000031  -0.000527  0.000542
-0.000021  -0.001309  0.000384
-0.000028  -0.001677  0.000480
-0.000026  -0.000742  -0.001062
-0.000042  0.000490  -0.001208
-0.000010  0.000233  0.001667
-0.000037  0.000283  0.000695
-0.000034  0.001039  0.000020
-0.000034  -0.000052  0.000269
-0.000013  -0.000843  0.001360
-0.000007  -0.000838  -0.000720
0.000005  -0.000993  0.000398
-0.000024  0.000872  0.000063
0.000002  0.000544  0.001349
-0.000001  0.000964  0.000485
0.000003  0.000186  0.001322
0.000009  0.000560  0.001214
0.000001  0.000561  -0.000361
0.000006  -0.000320  -0.000002
0.000021  0.000787  -0.000409
0.000038  -0.000429  -0.000248
0.000024  0.000257  0.000289
0.000012  -0.000563  -0.000977
-0.000048  -0.000859  -0.000793
-0.000009  -0.000787  -0.001509
-0.000012  -0.001326  0.000037
0.000000  -0.000567  -0.001145
0.000014  -0.000959  0.000192
-0.000041  -0.002707  -0.000721
-0.000011  -0.000538  0.000554
-0.000034  -0.001304  0.000389
-0.000029  -0.001672  0.000488
-0.000027  -0.000740  -0.001003
-0.000034  0.000476  -0.001195
-0.000039  0.000299  0.001728
-0.000063  0.000294  0.000691
-0.000006  0.001041  0.000058
-0.000047  -0.000060  0.000292
0.000017  -0.000852  0.001390
-0.000017  -0.000870  -0.000683
-0.000057  -0.001213  0.000388
-0.000028  0.000873  0.000028
0.000007  0.000527  0.001377
0.000005  0.000933  0.000464
0.000050  0.000164  0.001292
0.000020  0.000662  0.001266
0.000038  0.000566  -0.000361
0.000018  -0.000319  -0.000011
-0.000011  0.000792  -0.000415
-0.000000  -0.000394  -0.000240
0.000028  0.000362  0.000291
-0.000032  -0.000510  -0.000952
-0.000036  -0.000866  -0.000813
-0.000030  -0.000788  -0.001484
-0.000023  -0.001332  0.000049
-0.000011  -0.000697  -0.001206
-0.000017  -0.000919  0.000180
-0.000022  -0.002646  -0.000740
-0.000031  -0.000527  0.000542
-0.000021  -0.001309  0.000384
-0.000028  -0.001677  0.000480
-0.000026  -0.000742  -0.001062
-0.000042  0.000490  -0.001208
-0.000010  0.000233  0.001667
-0.000037  0.000283  0.000695
-0.000034  0.001039  0.000020
-0.000034  -0.000052  0.000269
-0.000013  -0.000843  0.001360
-0.000007  -0.000838  -0.000720
0.000005  -0.000993  0.000398
-0.000024  0.000872  0.000063
0.000002  0.000544  0.001349
-0.000001  0.000964  0.000485
0.000003  0.000186  0.001322
0.000009  0.000560  0.001214
0.000001  0.000561  -0.000361
0.000006  -0.000320  -0.000002
0.000021  0.000787  -0.000409
0.000038  -0.000429  -0.000248
0.000024  0.000257  0.000289
0.000012  -0.000563  -0.000977
-0.000048  -0.000859  -0.000793
-0.000009  -0.000787  -0.001509
-0.000012  -0.001326  0.000037
0.000000  -0.000567  -0.001145
0.000014  -0.000959  0.000192
-0.000041  -0.002707  -0.000721
-0.000011  -0.000538  0.000554
-0.000034  -0.001304  0.000389
-0.000029  -0.001672  0.000488
-0.000027  -0.000740  -0.001003
