-0.000086  0.000086  0.000086
0.000000  0.000000  -0.000113
-0.000086  0.000086  -0.000086
-0.000000  0.000000  -0.000078
0.000010  -0.000010  -0.000101
0.000000  0.000000  0.000078
-0.000050  0.000050  0.000000
0.000000  -0.000000  0.000113
0.000010  -0.000010  0.000101
0.000000  -0.000113  0.000000
-0.000086  -0.000086  0.000086
0.000000  -0.000000  -0.000000
-0.000086  -0.000086  -0.000086
0.000000  0.000003  -0.000059
0.000010  0.000010  -0.000101
0.000000  0.000003  0.000059
-0.000050  -0.000050  0.000000
-0.000000  -0.000000  0.000000
0.000010  0.000010  0.000101
0.000000  -0.000078  0.000000
0.000010  -0.000101  -0.000010
-0.000000  -0.000059  0.000003
0.000010  -0.000101  0.000010
-0.000000  0.000002  0.000002
0.000027  -0.000038  -0.000038
0.000000  0.000002  -0.000002
-0.000020  0.000017  0.000000
-0.000000  -0.000059  -0.000003
0.000027  -0.000038  0.000038
0.000000  0.000078  0.000000
-0.000050  0.000000  0.000050
0.000000  0.000059  0.000003
-0.000050  0.000000  -0.000050
-0.000000  -0.000002  0.000002
-0.000020  -0.000000  0.000017
0.000000  -0.000002  -0.000002
-0.000154  -0.000000  -0.000000
0.000000  0.000059  -0.000003
-0.000020  0.000000  -0.000017
0.000000  0.000113  -0.000000
0.000010  0.000101  -0.000010
0.000000  0.000000  -0.000000
0.000010  0.000101  0.000010
0.000000  -0.000003  -0.000059
0.000027  0.000038  -0.000038
-0.000000  -0.000003  0.000059
-0.000020  -0.000017  0.000000
0.000000  0.000000  0.000000
0.000027  0.000038  0.000038
-0.000113  0.000000  -0.000000
-0.000101  -0.000010  -0.000010
-0.000000  0.000000  -0.000000
-0.000101  -0.000010  0.000010
0.000003  -0.000000  -0.000059
-0.000038  -0.000027  -0.000038
0.000003  0.000000  0.000059
0.000017  0.000020  0.000000
-0.000000  -0.000000  0.000000
-0.000038  -0.000027  0.000038
-0.000000  -0.000000  -0.000000
-0.000101  0.000010  -0.000010
0.000004  0.000004  0.000004
-0.000101  0.000010  0.000010
0.000011  0.000011  -0.000037
-0.000038  0.000027  -0.000038
0.000011  0.000011  0.000037
0.000017  -0.000020  0.000000
0.000004  0.000004  -0.000004
-0.000038  0.000027  0.000038
0.000003  -0.000059  0.000000
-0.000038  -0.000038  -0.000027
0.000011  -0.000037  0.000011
-0.000038  -0.000038  0.000027
-0.000027  0.000002  0.000002
-0.000003  -0.000003  -0.000003
-0.000027  0.000002  -0.000002
0.000014  0.000014  0.000000
0.000011  -0.000037  -0.000011
-0.000003  -0.000003  0.000003
0.000003  0.000059  0.000000
0.000017  0.000000  0.000020
0.000011  0.000037  0.000011
0.000017  -0.000000  -0.000020
-0.000027  -0.000002  0.000002
0.000014  0.000000  0.000014
-0.000027  -0.000002  -0.000002
0.000017  -0.000000  0.000000
0.000011  0.000037  -0.000011
0.000014  -0.000000  -0.000014
-0.000000  0.000000  0.000000
-0.000038  0.000038  -0.000027
0.000004  -0.000004  0.000004
-0.000038  0.000038  0.000027
0.000011  -0.000011  -0.000037
-0.000003  0.000003  -0.000003
0.000011  -0.000011  0.000037
0.000014  -0.000014  0.000000
0.000004  -0.000004  -0.000004
-0.000003  0.000003  0.000003
-0.000078  0.000000  0.000000
-0.000000  0.000050  0.000050
-0.000059  -0.000000  0.000003
-0.000000  0.000050  -0.000050
0.000002  -0.000000  0.000002
0.000000  0.000020  0.000017
0.000002  -0.000000  -0.000002
0.000000  0.000154  -0.000000
-0.000059  0.000000  -0.000003
0.000000  0.000020  -0.000017
-0.000059  0.000003  -0.000000
0.000000  -0.000050  0.000050
-0.000037  0.000011  0.000011
0.000000  -0.000050  -0.000050
0.000002  -0.000027  0.000002
0.000000  -0.000020  0.000017
0.000002  -0.000027  -0.000002
-0.000000  -0.000154  -0.000000
-0.000037  0.000011  -0.000011
-0.000000  -0.000020  -0.000017
0.000002  0.000002  -0.000000
-0.000000  0.000017  0.000020
0.000002  0.000002  -0.000027
0.000000  0.000017  -0.000020
0.000031  0.000031  0.000031
-0.000000  0.000014  0.000014
0.000031  0.000031  -0.000031
-0.000000  0.000017  0.000000
0.000002  0.000002  0.000027
-0.000000  0.000014  -0.000014
0.000002  -0.000002  -0.000000
0.000000  0.000000  0.000154
0.000002  -0.000002  -0.000027
0.000000  -0.000000  -0.000154
0.000031  -0.000031  0.000031
-0.000000  -0.000000  0.000017
0.000031  -0.000031  -0.000031
0.000000  -0.000000  0.000000
0.000002  -0.000002  0.000027
0.000000  -0.000000  -0.000017
-0.000059  -0.000003  0.000000
0.000000  -0.000017  0.000020
-0.000037  -0.000011  0.000011
0.000000  -0.000017  -0.000020
0.000002  0.000027  0.000002
0.000000  -0.000014  0.000014
0.000002  0.000027  -0.000002
0.000000  -0.000017  -0.000000
-0.000037  -0.000011  -0.000011
-0.000000  -0.000014  -0.000014
0.000078  -0.000000  -0.000000
0.000101  -0.000010  -0.000010
0.000059  0.000000  0.000003
0.000101  -0.000010  0.000010
-0.000002  -0.000000  0.000002
0.000038  -0.000027  -0.000038
-0.000002  -0.000000  -0.000002
-0.000017  0.000020  -0.000000
0.000059  -0.000000  -0.000003
0.000038  -0.000027  0.000038
0.000059  0.000003  0.000000
0.000101  0.000010  -0.000010
0.000037  0.000011  0.000011
0.000101  0.000010  0.000010
-0.000002  -0.000027  0.000002
0.000038  0.000027  -0.000038
-0.000002  -0.000027  -0.000002
-0.000017  -0.000020  -0.000000
0.000037  0.000011  -0.000011
0.000038  0.000027  0.000038
-0.000002  0.000002  -0.000000
0.000038  -0.000038  -0.000027
-0.000002  0.000002  -0.000027
0.000038  -0.000038  0.000027
-0.000031  0.000031  0.000031
0.000003  -0.000003  -0.000003
-0.000031  0.000031  -0.000031
-0.000014  0.000014  -0.000000
-0.000002  0.000002  0.000027
0.000003  -0.000003  0.000003
-0.000002  -0.000002  -0.000000
-0.000017  0.000000  0.000020
-0.000002  -0.000002  -0.000027
-0.000017  0.000000  -0.000020
-0.000031  -0.000031  0.000031
-0.000014  0.000000  0.000014
-0.000031  -0.000031  -0.000031
-0.000017  -0.000000  -0.000000
-0.000002  -0.000002  0.000027
-0.000014  -0.000000  -0.000014
0.000059  -0.000003  -0.000000
0.000038  0.000038  -0.000027
0.000037  -0.000011  0.000011
0.000038  0.000038  0.000027
-0.000002  0.000027  0.000002
0.000003  0.000003  -0.000003
-0.000002  0.000027  -0.000002
-0.000014  -0.000014  0.000000
0.000037  -0.000011  -0.000011
0.000003  0.000003  0.000003
0.000113  -0.000000  -0.000000
0.000086  0.000086  0.000086
0.000000  0.000000  -0.000000
0.000086  0.000086  -0.000086
-0.000003  -0.000000  -0.000059
-0.000010  -0.000010  -0.000101
-0.000003  0.000000  0.000059
0.000050  0.000050  -0.000000
0.000000  0.000000  0.000000
-0.000010  -0.000010  0.000101
0.000000  -0.000000  0.000000
0.000086  -0.000086  0.000086
-0.000004  0.000004  0.000004
0.000086  -0.000086  -0.000086
-0.000011  0.000011  -0.000037
-0.000010  0.000010  -0.000101
-0.000011  0.000011  0.000037
0.000050  -0.000050  0.000000
-0.000004  0.000004  -0.000004
-0.000010  0.000010  0.000101
-0.000003  -0.000059  0.000000
-0.000010  -0.000101  -0.000010
-0.000011  -0.000037  0.000011
-0.000010  -0.000101  0.000010
0.000027  0.000002  0.000002
-0.000027  -0.000038  -0.000038
0.000027  0.000002  -0.000002
0.000020  0.000017  -0.000000
-0.000011  -0.000037  -0.000011
-0.000027  -0.000038  0.000038
-0.000003  0.000059  -0.000000
0.000050  -0.000000  0.000050
-0.000011  0.000037  0.000011
0.000050  0.000000  -0.000050
0.000027  -0.000002  0.000002
0.000020  -0.000000  0.000017
0.000027  -0.000002  -0.000002
0.000154  0.000000  0.000000
-0.000011  0.000037  -0.000011
0.000020  0.000000  -0.000017
0.000000  0.000000  0.000000
-0.000010  0.000101  -0.000010
-0.000004  -0.000004  0.000004
-0.000010  0.000101  0.000010
-0.000011  -0.000011  -0.000037
-0.000027  0.000038  -0.000038
-0.000011  -0.000011  0.000037
0.000020  -0.000017  0.000000
-0.000004  -0.000004  -0.000004
-0.000027  0.000038  0.000038
