-0.000133  0.000046  -0.000479
-0.000056  -0.000606  -0.000204
0.000021  -0.000199  -0.000577
-0.000511  0.000572  -0.000900
-0.000577  -0.000146  -0.000053
-0.000227  -0.000055  -0.000031
-0.000522  0.000285  -0.000173
-0.000065  0.000156  -0.000351
-0.000412  -0.000048  -0.000165
-0.000442  -0.000062  -0.000377
0.000203  -0.000194  -0.000237
-0.000571  -0.000110  -0.000535
0.000123  0.000079  0.000430
-0.000415  -0.000376  -0.000231
-0.000434  -0.000178  -0.000091
-0.000457  -0.000035  -0.000542
-0.000187  -0.000098  -0.000034
-0.000404  -0.000087  0.000083
0.000120  0.000135  0.000168
-0.000127  -0.000153  -0.000263
-0.000117  0.000182  -0.000501
-0.000162  0.000008  -0.000040
-0.000568  0.000179  -0.000541
-0.000394  0.000067  -0.000380
-0.000244  0.000108  0.000144
-0.000538  0.000368  -0.000494
0.000133  -0.000148  -0.000680
-0.000490  0.000182  -0.000299
0.000324  0.000241  0.000361
-0.000130  0.000033  -0.000465
-0.000053  -0.000621  -0.000203
-0.000001  -0.000210  -0.000587
-0.000548  0.000558  -0.000907
-0.000557  -0.000145  -0.000089
-0.000223  -0.000010  -0.000023
-0.000503  0.000282  -0.000163
-0.000057  0.000134  -0.000370
-0.000401  -0.000020  -0.000153
-0.000430  -0.000034  -0.000356
0.000190  -0.000181  -0.000221
-0.000580  -0.000082  -0.000526
0.000085  0.000050  0.000435
-0.000429  -0.000379  -0.000247
-0.000440  -0.000184  -0.000090
-0.000455  -0.000020  -0.000534
-0.000209  -0.000071  -0.000043
-0.000527  -0.000150  0.000060
0.000060  -0.000019  0.000176
-0.000126  -0.000147  -0.000267
-0.000109  0.000174  -0.000499
-0.000143  0.000005  -0.000050
-0.000578  0.000189  -0.000535
-0.000408  0.000075  -0.000391
-0.000253  0.000095  0.000164
-0.000527  0.000367  -0.000492
0.000127  -0.000161  -0.000700
-0.000463  0.000174  -0.000274
0.000319  0.000239  0.000352
-0.000133  0.000046  -0.000479
-0.000056  -0.000606  -0.000204
0.000021  -0.000199  -0.000577
-0.000511  0.000572  -0.000900
-0.000577  -0.000146  -0.000053
-0.000227  -0.000055  -0.000031
-0.000522  0.000285  -0.000173
-0.000065  0.000156  -0.000351
-0.000412  -0.000048  -0.000165
-0.000442  -0.000062  -0.000377
0.000203  -0.000194  -0.000237
-0.000571  -0.000110  -0.000535
0.000123  0.000079  0.000430
-0.000415  -0.000376  -0.000231
-0.000434  -0.000178  -0.000091
-0.000457  -0.000035  -0.000542
-0.000187  -0.000098  -0.000034
-0.000404  -0.000087  0.000083
0.000120  0.000135  0.000168
-0.000127  -0.000153  -0.000263
-0.000117  0.000182  -0.000501
-0.000162  0.000008  -0.000040
-0.000568  0.000179  -0.000541
-0.000394  0.000067  -0.000380
-0.000244  0.000108  0.000144
-0.000538  0.000368  -0.000494
0.000133  -0.000148  -0.000680
-0.000490  0.000182  -0.000299
0.000324  0.000241  0.000361
-0.000130  0.000033  -0.000465
-0.000053  -0.000621  -0.000203
-0.000001  -0.000210  -0.000587
-0.000548  0.000558  -0.000907
-0.000557  -0.000145  -0.000089
-0.000223  -0.000010  -0.000023
-0.000503  0.000282  -0.000163
-0.000057  0.000134  -0.000370
-0.000401  -0.000020  -0.000153
-0.000430  -0.000034  -0.000356
0.000190  -0.000181  -0.000221
-0.000580  -0.000082  -0.000526
0.000085  0.000050  0.000435
-0.000429  -0.000379  -0.000247
-0.000440  -0.000184  -0.000090
-0.000455  -0.000020  -0.000534
-0.000209  -0.000071  -0.000043
-0.000527  -0.000150  0.000060
0.000060  -0.000019  0.000176
-0.000126  -0.000147  -0.000267
-0.000109  0.000174  -0.000499
-0.000143  0.000005  -0.000050
-0.000578  0.000189  -0.000535
-0.000408  0.000075  -0.000391
-0.000253  0.000095  0.000164
-0.000527  0.000367  -0.000492
0.000127  -0.000161  -0.000700
-0.000463  0.000174  -0.000274
0.000319  0.000239  0.000352
0.000432  -0.000070  -0.000217
-0.000110  0.000006  -0.000556
0.000669  0.000330  0.000681
-0.000178  -0.000257  0.000433
0.000400  -0.000276  0.000380
0.000387  -0.000060  0.000325
0.000109  0.000114  0.000421
0.000524  0.000294  0.000301
0.000270  -0.000111  0.000097
0.000486  -0.000159  0.000086
0.000568  0.000443  0.000741
-0.000051  -0.000285  0.000517
-0.000033  -0.000076  0.000275
-0.000278  0.000191  -0.000459
0.000430  0.000089  0.000197
-0.000128  -0.000017  0.000649
0.000535  0.000287  0.000420
0.000118  -0.000014  0.000465
0.000236  0.000073  -0.000096
0.000426  -0.000021  0.000377
0.000502  0.000083  0.000402
0.000155  0.000000  0.000071
0.000146  0.000203  0.000456
0.000110  -0.000176  0.000251
-0.000088  -0.000122  -0.000140
0.000245  -0.000111  0.000107
0.000499  -0.000072  0.000463
0.000443  -0.000065  0.000050
0.000384  -0.000252  0.000343
0.000469  -0.000072  -0.000218
-0.000115  0.000015  -0.000552
0.000665  0.000366  0.000667
-0.000279  -0.000262  0.000393
0.000405  -0.000261  0.000354
0.000412  -0.000062  0.000353
0.000086  0.000133  0.000428
0.000522  0.000297  0.000309
0.000282  -0.000087  0.000106
0.000512  -0.000168  0.000096
0.000564  0.000324  0.000764
0.000111  -0.000203  0.000436
-0.000021  0.000012  0.000318
-0.000282  0.000183  -0.000441
0.000428  0.000084  0.000187
-0.000119  -0.000031  0.000663
0.000519  0.000284  0.000426
0.000116  -0.000046  0.000419
0.000244  0.000072  -0.000080
0.000439  -0.000019  0.000368
0.000510  0.000068  0.000404
0.000150  -0.000002  0.000059
0.000143  0.000192  0.000436
0.000106  -0.000186  0.000257
-0.000075  -0.000166  -0.000143
0.000239  -0.000094  0.000109
0.000468  -0.000069  0.000440
0.000412  -0.000080  0.000037
0.000379  -0.000246  0.000356
0.000432  -0.000070  -0.000217
-0.000110  0.000006  -0.000556
0.000669  0.000330  0.000681
-0.000178  -0.000257  0.000433
0.000400  -0.000276  0.000380
0.000387  -0.000060  0.000325
0.000109  0.000114  0.000421
0.000524  0.000294  0.000301
0.000270  -0.000111  0.000097
0.000486  -0.000159  0.000086
0.000568  0.000443  0.000741
-0.000051  -0.000285  0.000517
-0.000033  -0.000076  0.000275
-0.000278  0.000191  -0.000459
0.000430  0.000089  0.000197
-0.000128  -0.000017  0.000649
0.000535  0.000287  0.000420
0.000118  -0.000014  0.000465
0.000236  0.000073  -0.000096
0.000426  -0.000021  0.000377
0.000502  0.000083  0.000402
0.000155  0.000000  0.000071
0.000146  0.000203  0.000456
0.000110  -0.000176  0.000251
-0.000088  -0.000122  -0.000140
0.000245  -0.000111  0.000107
0.000499  -0.000072  0.000463
0.000443  -0.000065  0.000050
0.000384  -0.000252  0.000343
0.000469  -0.000072  -0.000218
-0.000115  0.000015  -0.000552
0.000665  0.000366  0.000667
-0.000279  -0.000262  0.000393
0.000405  -0.000261  0.000354
0.000412  -0.000062  0.000353
0.000086  0.000133  0.000428
0.000522  0.000297  0.000309
0.000282  -0.000087  0.000106
0.000512  -0.000168  0.000096
0.000564  0.000324  0.000764
0.000111  -0.000203  0.000436
-0.000021  0.000012  0.000318
-0.000282  0.000183  -0.000441
0.000428  0.000084  0.000187
-0.000119  -0.000031  0.000663
0.000519  0.000284  0.000426
0.000116  -0.000046  0.000419
0.000244  0.000072  -0.000080
0.000439  -0.000019  0.000368
0.000510  0.000068  0.000404
0.000150  -0.000002  0.000059
0.000143  0.000192  0.000436
0.000106  -0.000186  0.000257
-0.000075  -0.000166  -0.000143
0.000239  -0.000094  0.000109
0.000468  -0.000069  0.000440
0.000412  -0.000080  0.000037
0.000379  -0.000246  0.000356
