0.837764  3.502153  -1.564595
0.568575  1.364400  -0.381304
0.797594  -1.379462  -3.036222
1.680064  -2.399248  -0.220519
0.676537  0.421468  0.135356
-0.458152  0.638111  1.181017
2.072115  2.668820  0.399089
-0.010619  0.653167  -0.541990
-1.077377  -1.304938  0.590735
1.511334  2.421916  0.583305
1.276428  0.352253  -0.617156
-0.000002  -1.608661  0.174725
-0.795913  -2.063227  -1.698571
1.304277  1.796483  -0.650716
1.135529  -0.395958  1.715889
0.262326  -1.026294  1.021656
0.995304  -7.103480  -3.735754
-0.160039  -0.119083  1.969033
0.489126  -0.681376  1.175185
0.447712  -0.464480  -1.788742
0.954072  -0.389457  0.546053
0.510398  0.564345  1.138180
-0.918570  -1.055773  -0.282417
1.644905  1.742005  -1.093412
1.059636  -0.344706  0.017579
1.289688  -0.736242  1.257559
2.807596  1.360393  2.982771
-3.541218  2.060416  1.836953
0.003283  0.443240  -0.306250
0.892101  0.033402  0.360228
1.797423  -0.447854  2.787405
0.528311  -1.564375  -0.341988
-1.431284  3.150552  1.076305
1.130709  0.273367  0.275588
-0.240401  1.214490  -0.253508
-1.016582  -1.167858  -0.341313
1.716902  0.286940  0.693989
-0.493166  -0.172401  -0.369575
0.257264  0.106813  -0.467461
-0.430192  -3.098330  -2.782084
0.751097  -2.545371  -0.289841
-1.019680  0.038436  -1.366155
0.586247  0.736829  -1.371348
-0.930590  0.853666  -2.136264
0.564511  0.158380  1.275054
-1.832076  -0.291166  0.063340
-0.842072  -0.796514  -0.943395
-2.202704  3.542947  1.431565
-0.726793  0.525380  0.132961
0.015253  0.283111  0.556941
0.795072  -0.486810  -0.739365
3.031574  -0.654789  -1.395594
-0.258186  1.928914  1.716260
-0.293720  -1.932661  1.037166
0.903282  2.043816  0.300863
0.175255  0.074507  0.453181
-0.841817  0.478913  -0.946201
0.392334  1.202069  -2.647526
-0.421672  0.086835  0.504330
-0.948564  -0.565430  1.752428
0.085306  -1.497890  -0.000414
-0.326941  -0.022835  0.646867
-0.244872  -0.815161  -0.930656
-4.301209  -0.296656  -0.764036
-0.697897  -0.082834  0.900816
-1.371415  -1.549717  -2.626470
0.396994  0.691548  0.021890
-0.313344  0.589524  -3.052562
1.216172  0.504485  1.141860
0.087969  -0.073208  -0.698977
3.773027  4.392619  0.741482
-0.728796  0.412597  0.662692
0.790679  -1.236234  1.745567
-2.150208  -0.360444  -2.340381
-0.015112  0.081927  -0.017076
-2.312333  -1.082328  1.096273
1.680118  -1.748175  1.684901
-0.496620  -0.735059  -0.582356
1.436872  -1.383295  -0.574079
-1.219011  -1.702016  1.667444
0.553975  -0.878769  0.734350
-0.696458  1.417637  -1.228690
0.638184  0.233130  0.373249
-0.705968  -1.341250  -1.100041
-1.859717  0.959182  0.185054
2.181778  -0.774519  -1.695492
0.468555  -1.157754  -1.129997
0.157572  1.719099  1.662635
0.450672  -0.007383  1.633031
0.383412  -0.135858  -1.342218
0.622715  0.306976  -0.874781
-0.599371  1.187050  0.515236
1.107514  -0.778213  -1.140823
-0.576815  -0.201641  -0.005837
0.611930  -1.230170  1.545152
-1.789740  2.355788  1.085875
-0.577406  -0.097407  -0.217931
-0.817781  -1.566891  1.074149
0.646309  0.196312  -0.375914
-0.655081  0.742450  1.880022
-4.387405  -2.319192  -2.576671
0.322851  0.050648  -1.302744
-0.229484  -0.803775  -2.169189
1.316145  -0.598598  0.410102
1.456939  -1.086797  0.389740
-0.805467  1.225072  0.656912
1.012661  -0.282330  1.015890
-1.032504  1.291606  0.216387
-0.138795  -2.118464  -0.619293
-1.273311  -0.667295  -4.421670
-1.050589  0.925636  -0.080485
0.806799  0.263978  2.208107
-0.705591  0.663193  -0.921700
0.372740  4.964343  1.277212
-1.291928  -0.250376  1.216180
0.028514  0.701353  -0.235300
0.226657  -1.310912  -0.419813
-0.283927  2.268733  -1.308715
-0.536418  -1.036675  -0.527431
-0.797652  -4.399587  4.243913
0.153608  -0.284653  0.201756
0.248359  0.085396  0.254752
1.654113  0.696832  -1.062476
-0.707707  2.052990  0.198291
-0.394546  0.434720  1.211411
-3.030492  1.603025  2.836388
1.790972  -0.207242  1.367523
-2.528407  0.891164  -1.192311
