0.001831  -0.001256  0.004240
0.000523  0.007656  -0.001217
-0.007233  0.009049  -0.001033
0.000685  -0.007296  0.001332
-0.000675  0.004713  0.008476
0.003616  -0.002857  -0.004462
-0.002692  0.003618  0.003705
0.005040  0.002511  -0.001368
0.003510  -0.001636  0.001587
-0.008261  -0.002948  -0.006473
-0.003894  0.004119  0.011202
0.000955  -0.006268  0.006023
0.006256  0.000614  0.003573
-0.005254  0.002206  0.003599
-0.001997  -0.007057  0.003131
0.001863  -0.008367  0.004976
-0.001904  -0.002879  0.002707
0.002525  0.014750  0.012314
0.000012  -0.006851  0.001317
-0.002493  0.002892  -0.000834
-0.003117  0.003565  0.001738
-0.001016  -0.000811  0.007812
-0.002143  0.004221  -0.002274
0.001917  0.001839  -0.004183
-0.001096  0.000830  -0.000344
-0.003844  0.002648  0.001671
0.001633  -0.001959  -0.005650
-0.001329  -0.004775  -0.001393
-0.001934  -0.002537  0.002767
0.002561  -0.001191  0.004090
-0.002692  -0.003672  0.000349
-0.004777  0.004966  -0.004297
-0.002158  -0.002633  0.001525
-0.000293  0.004918  0.007769
0.002920  -0.004504  -0.004051
-0.002499  0.002732  0.003683
0.004460  0.001983  -0.000741
0.004530  0.000590  0.003149
-0.005828  0.002760  -0.007022
-0.006528  0.007442  0.013471
0.003047  -0.019961  0.008011
0.006802  0.001520  0.002602
-0.005095  0.001727  0.004090
-0.001263  -0.006977  0.002296
0.000348  -0.007400  0.004313
-0.001775  -0.003129  0.002478
-0.001407  0.010280  0.008021
-0.001085  -0.008591  0.001478
-0.002557  0.002706  -0.001193
-0.002859  0.003484  0.001412
-0.001547  -0.000807  0.007115
-0.002932  0.004022  -0.002617
0.002192  0.002065  -0.004182
-0.001180  0.001026  0.000839
-0.003088  0.002487  0.002075
0.000960  -0.001582  -0.005145
-0.001357  -0.004130  -0.001061
-0.001522  -0.002112  0.002704
0.002534  -0.000064  0.003080
-0.000677  0.000907  0.000923
-0.004080  0.005474  -0.003479
-0.003275  -0.002643  0.001263
-0.000548  0.005362  0.008023
0.003654  -0.003598  -0.004190
-0.002513  0.002468  0.003615
0.004909  0.001928  -0.000903
0.003128  -0.001133  0.002056
-0.004685  0.002543  -0.005971
-0.002505  0.006439  0.012368
0.002161  -0.012400  0.008083
0.005045  0.000458  0.002368
-0.005513  0.000776  0.003765
-0.002136  -0.006999  0.002720
0.001361  -0.007683  0.004494
-0.003035  -0.001310  0.000723
-0.000799  0.010966  0.008489
-0.004598  -0.015329  0.001149
-0.002378  0.002931  -0.001019
-0.003073  0.003415  0.001968
-0.000837  -0.000888  0.007357
-0.002042  0.003991  -0.001674
0.001820  0.002100  -0.004234
-0.000844  0.000886  0.001288
-0.004053  0.002374  0.001737
0.001879  -0.001985  -0.005392
-0.001372  -0.004724  -0.001524
-0.002007  -0.002529  0.002914
0.003087  -0.000915  0.003479
0.000549  0.012774  -0.001140
-0.008308  0.010157  -0.001137
-0.000399  -0.007914  0.001830
-0.000173  0.003723  0.009426
0.003120  -0.002472  -0.004267
-0.002316  0.003614  0.003593
0.004570  0.004285  -0.001140
0.000543  -0.003016  0.000708
-0.007756  -0.005528  -0.006399
-0.001844  0.002978  0.010236
-0.000275  0.000705  0.005993
0.004510  0.000073  0.003433
-0.005245  0.002156  0.003981
-0.001159  -0.007113  0.001927
0.000714  -0.008575  0.005716
-0.002490  -0.002595  0.001676
0.004769  0.016050  0.013312
-0.002812  -0.010873  0.000113
-0.002171  0.002712  -0.000789
-0.002814  0.003348  0.001544
-0.001299  -0.000864  0.007533
-0.002391  0.003798  -0.002656
0.002034  0.001998  -0.003912
-0.000369  0.000912  0.000337
-0.003590  0.002411  0.002069
0.001014  -0.001961  -0.005608
-0.001289  -0.004054  -0.001262
-0.001447  -0.001908  0.002683
0.000664  0.010223  -0.008872
-0.006907  0.001714  -0.003099
-0.003009  -0.019170  -0.007807
0.005034  0.007408  -0.013607
0.004951  0.003748  0.005738
-0.003727  0.000167  -0.001928
-0.004543  0.002216  -0.000162
0.002151  0.002531  -0.004108
-0.002899  -0.005000  0.004428
0.000160  0.005486  -0.009800
0.002590  -0.001689  -0.000830
0.004691  0.004736  0.004107
0.002457  -0.004145  0.000229
0.001764  -0.002454  -0.002770
0.002063  -0.005825  0.001206
-0.000612  -0.000796  0.006935
0.003880  0.002468  -0.002636
-0.002247  -0.000546  -0.003196
0.001087  0.000109  -0.000868
-0.002334  0.000851  0.004266
0.002630  0.004984  0.000041
0.000641  0.000662  -0.006633
0.003700  0.003539  -0.000543
0.003141  0.002542  0.001124
0.002563  -0.012402  -0.001599
0.002554  -0.002040  -0.000822
-0.000782  -0.007527  -0.003156
0.001956  -0.008396  -0.002644
0.004901  0.002233  -0.003235
0.000589  0.011448  -0.011169
-0.007071  0.001383  -0.003848
-0.002022  -0.014380  -0.006910
0.005796  0.006130  -0.012791
0.006627  0.001207  0.006131
-0.005139  -0.000071  -0.001897
-0.004773  0.002168  -0.000067
0.002411  0.002529  -0.004023
-0.003236  -0.004450  0.005377
0.000515  0.005605  -0.009575
0.000050  -0.004748  -0.000504
0.005535  0.007361  0.002414
0.001220  0.001681  0.001621
0.001281  -0.002001  -0.003102
0.000523  -0.005623  0.000347
-0.001595  -0.000496  0.006061
0.002973  0.002351  -0.002984
-0.002283  -0.001123  -0.003898
0.001433  0.000710  -0.000448
-0.002427  0.000607  0.004792
0.002942  0.004821  0.001241
0.001288  0.000453  -0.006518
0.002788  0.003381  -0.000152
0.002899  0.002518  0.000622
0.000770  -0.009095  -0.001450
0.001771  -0.002283  -0.001602
-0.001373  -0.007790  -0.003748
0.000492  -0.008593  -0.002728
0.004750  0.003149  -0.003468
-0.005796  0.016777  -0.014852
-0.005894  0.000866  -0.004381
0.000084  -0.000125  -0.005094
0.002476  0.002862  -0.010560
0.008361  -0.005849  0.005435
-0.000654  -0.003156  0.000498
-0.004723  0.004282  0.000381
0.002220  0.003743  -0.004116
-0.003279  -0.002886  0.004836
0.000284  0.004092  -0.011313
-0.001454  -0.009371  -0.000879
0.009990  0.011691  -0.000007
-0.000990  0.013775  0.002580
0.001602  -0.002290  -0.002810
0.001989  -0.005819  0.001145
-0.000660  -0.000832  0.007294
0.004260  0.002529  -0.002583
-0.002320  -0.000913  -0.003506
0.000890  0.000034  0.000186
-0.002200  0.000898  0.004019
0.002398  0.004966  0.000562
0.000479  0.000436  -0.007263
0.003721  0.003543  -0.000533
0.002947  0.002459  0.000664
0.001259  -0.009292  -0.000732
0.002469  -0.002830  -0.001510
-0.001321  -0.008935  -0.004593
0.001807  -0.008516  -0.002273
0.004876  0.003561  -0.003112
-0.000384  0.011837  -0.011238
-0.004645  0.000491  -0.003364
-0.000845  -0.006621  -0.007435
0.001790  0.004939  -0.011719
0.005078  0.000714  0.005270
-0.002229  -0.001817  -0.000713
-0.004278  0.003355  -0.000336
0.002189  0.002192  -0.003973
-0.003189  -0.003769  0.005464
0.000299  0.005518  -0.009912
0.002366  -0.004627  -0.000877
0.005460  0.007575  0.002298
0.000062  0.006822  0.000823
0.001500  -0.001964  -0.003177
0.000709  -0.005594  0.000467
-0.001241  -0.000581  0.006013
0.003394  0.002184  -0.003190
-0.003078  0.000039  -0.002595
0.001181  0.000528  -0.001433
-0.002304  0.000858  0.004769
0.002720  0.004555  0.000745
0.001348  0.000434  -0.006451
0.002801  0.003159  -0.000244
0.002841  0.002336  0.000503
0.005125  -0.016754  -0.000408
0.002996  -0.000939  0.000247
-0.000978  -0.007882  -0.004214
0.001066  -0.008760  -0.002094
0.005021  0.002207  -0.003568
