0.721301  -0.261289  0.466680
-1.035985  -0.396242  1.849025
-0.477950  1.522886  -0.167909
0.861547  -0.730529  -0.304556
0.266883  -0.818642  -0.436649
2.675694  -0.422411  1.079487
1.638135  0.154041  -0.126627
-0.210394  0.993951  1.081866
-3.647347  -1.428533  -2.324479
-0.815795  0.045901  2.426610
0.543246  1.486559  1.459616
-1.384541  -0.250366  1.901028
-0.481116  1.057772  -2.798098
2.954562  -0.233191  2.031531
-0.593558  0.329496  -0.572318
-0.938453  0.879698  0.245294
0.300737  -1.520959  1.502239
-0.263363  -0.574533  1.056590
-0.086927  2.080388  -1.224700
-0.768095  -0.248809  0.569005
-1.535884  0.316008  -1.648033
0.164348  -0.561330  0.531459
1.069628  1.006010  1.801222
-1.334442  -0.531442  -0.050844
-0.349080  -0.433870  -0.009417
1.809673  0.002412  -3.330174
0.220617  -2.280454  0.870049
-0.875921  1.457746  -0.243940
-0.372299  -0.496010  0.304338
-1.078510  0.215300  0.498820
1.531976  -0.807104  -0.551571
-1.447711  3.926759  -1.339694
-2.376418  -0.029613  0.062586
-1.397806  1.439980  1.292520
-0.992132  -0.406671  0.851688
-1.803344  0.572973  -0.317985
1.308122  0.159854  0.511799
0.425098  -0.729266  -1.005286
0.838191  -0.187197  -1.137907
2.469910  -1.388091  -1.827303
1.595165  0.935500  0.518655
-0.063707  -0.339592  -0.862572
-0.543156  -2.805708  -0.512938
0.847451  -0.265659  1.047314
1.293043  -0.143737  -1.049730
-1.565788  0.338568  -0.196839
-1.962803  0.734174  0.678778
1.134732  0.865056  0.573857
2.033062  1.884977  -0.971514
-0.540135  -0.139308  0.595755
2.062593  2.197064  -1.140643
-0.346238  0.508754  0.656836
-2.373442  0.019174  0.005285
-1.087273  0.588607  -0.757448
0.909203  -1.492952  -1.926321
0.259819  0.137118  0.825161
1.614141  -2.305269  2.173190
-1.025188  -1.037567  -0.025889
1.182087  -0.243802  -0.890396
-1.764727  -0.895094  -0.992347
1.367424  -0.806210  1.607070
-0.221022  -1.011673  0.097353
-0.862138  -0.217101  -0.883009
1.488251  0.581267  -1.452652
1.501481  0.168848  -0.908456
1.942892  1.540889  -0.822633
-1.065796  1.414821  -0.702041
0.965845  -2.706349  0.018253
0.758851  -0.051835  -0.153048
0.144758  0.662034  0.827739
-1.744549  2.105342  0.711443
0.710241  0.789618  0.465066
0.229038  -0.460619  -1.101121
-0.036451  -1.248041  0.281711
0.019692  -0.430787  -0.052604
0.907261  0.978644  0.117975
0.148301  1.044205  0.641838
0.163242  -0.911466  -3.366887
-1.494611  -2.793594  0.785652
-0.775773  0.076255  1.368973
-0.967795  -0.712341  0.712964
-0.183102  -0.340036  -0.057322
0.472514  1.544931  0.525445
-1.244967  -0.106513  -0.616759
1.540060  -0.630890  -2.264732
1.021560  -0.843607  0.713159
0.166005  0.532668  3.896574
-0.728759  0.446828  0.632507
-0.242242  -0.303749  1.286541
-2.681801  2.826075  -2.750850
-1.179333  0.123441  -0.408822
1.459268  -2.399175  3.906646
-0.489176  1.741924  -1.727278
0.975064  1.286837  -2.814132
-1.457095  -1.715089  -1.522664
2.388562  0.197351  2.881044
0.848935  0.360822  -0.072951
-1.249006  -0.788192  0.299469
1.011743  1.877646  -1.252961
-0.947842  0.697221  0.187153
0.671917  1.146073  0.478321
-2.690011  -1.690327  1.796782
-1.558446  -1.365172  -0.830341
1.103948  0.116704  -0.015148
-1.267292  -0.030208  1.341281
1.601637  -0.993415  0.535547
0.048578  1.343386  -0.577967
-0.294659  -1.007027  1.035034
0.406329  1.137951  -0.703903
0.581392  -1.167146  -1.103673
-0.419236  -0.106361  -0.537197
0.776512  0.485270  -0.217935
0.924441  1.920115  -1.700921
1.127306  -0.353014  -0.670098
-0.287195  -1.200962  -0.753843
1.253808  0.621758  0.600308
-0.983136  -0.609448  -1.747134
0.346765  0.510620  -1.397230
0.357584  0.508030  1.902307
-1.134601  -0.139838  0.068245
0.098552  -1.391335  0.338068
-2.379633  1.165559  0.634139
2.275616  -0.411098  2.036653
1.047651  -1.473892  1.106555
0.410414  -0.030298  0.630634
-1.266091  -0.736291  -0.455929
0.606016  -1.007988  -0.554666
-1.209127  0.786471  -0.995700
