-1.136642  -0.017750  1.159571
-1.260545  0.224167  1.372446
0.845792  -0.666842  1.027787
-0.717675  0.321451  0.919972
0.407016  -0.213197  0.017867
0.854026  -1.914393  1.525531
-0.614496  -1.102085  -3.972371
2.216826  0.540158  0.326557
-1.056560  1.473366  -1.558121
1.222293  -0.016719  -1.930836
-0.746262  -0.076154  -1.783280
0.371603  -1.563123  0.556372
0.218403  -1.053836  0.149897
1.231107  1.552257  -2.536607
1.478038  -0.101015  0.294154
-1.078717  -0.346976  0.631587
-1.093624  0.747293  0.676340
-0.500552  0.242211  0.055318
-1.101311  -0.121695  0.496605
-0.820492  -0.860467  -1.247206
-0.339588  0.756526  -0.411534
0.591994  0.417885  -0.830998
-1.067810  2.741126  -1.186018
1.485779  -2.361785  -0.263503
1.228368  0.421285  -0.649674
0.273706  -0.386735  -0.441141
-2.469282  1.377677  0.717005
0.625791  -0.508260  -0.521939
-0.369873  -1.378067  0.980299
-0.879231  -0.318945  -0.754676
-0.158928  0.582276  0.817630
0.554690  2.525936  3.128978
-0.449506  0.088563  -0.394036
-1.059133  2.416961  -1.340369
1.609305  -0.344031  -0.847295
-1.495364  0.924752  -1.420656
0.950211  -1.392951  0.096787
3.248612  0.245861  1.868572
-0.341383  -1.020645  1.320132
-0.694003  -0.972296  -1.606587
-0.024270  0.336757  0.676195
-3.355570  0.041961  2.168398
0.088339  -1.124495  0.033773
-2.182464  0.252038  0.359049
-2.101933  -0.146262  1.102372
0.293396  1.452582  0.013603
0.243066  -0.878440  0.507047
-0.248753  -0.526298  0.366686
0.511148  1.433329  1.847602
1.533523  0.517326  -0.235663
-0.017841  1.363996  1.509704
1.767850  1.876241  -0.788015
-1.593081  -0.486750  0.600598
3.385229  -1.059026  -0.911071
-0.695137  -1.064781  -0.848263
0.979594  1.699771  0.607622
-0.149996  0.716006  0.077101
-2.710148  -2.441735  -1.524496
-0.177093  -1.926897  1.869219
-0.579993  -2.203570  -0.229312
0.659878  -0.011171  0.445951
-0.438159  0.410209  -0.407797
0.460873  1.619746  1.482778
-0.382218  -0.894209  -0.299438
-0.249654  -1.017330  1.902426
-0.545173  3.615452  -0.945269
-0.078595  -0.299312  -0.568792
-1.736095  -1.017453  -0.738011
-0.858096  -1.065486  0.705801
-0.030823  0.845986  0.083121
1.231127  1.772223  1.094046
0.002702  -1.824865  1.369483
1.421157  0.967593  0.769096
-0.281480  0.482763  0.094068
1.911859  -1.175870  0.735018
-0.978940  0.766088  -1.907307
-0.168790  0.389011  -1.188152
2.053052  -0.795337  -1.988816
-0.579184  -0.819734  -0.275653
-1.193045  1.341968  2.232558
0.443713  0.290834  -0.467273
0.288394  -0.294599  -0.621157
0.339245  -0.062903  -1.412446
0.287136  -1.119598  -0.368961
-1.386349  -1.075298  -1.020204
1.484762  1.451635  1.515194
0.143374  -0.865305  -0.596687
-0.453357  -1.249085  0.171109
-1.973130  -0.680205  0.110043
-1.919106  -2.708849  -0.947665
1.308621  -0.415532  -1.652142
-3.617533  0.512054  -1.690256
0.292071  0.214086  -0.808339
-1.460770  0.435777  4.439671
-0.572576  -0.560630  0.755029
0.191249  -0.091994  -1.257359
2.264946  -0.395025  0.018523
0.685917  -0.505400  -0.235439
1.231485  0.809569  -0.532267
0.314451  -0.263376  -0.141830
3.054672  0.726590  -0.263340
0.301322  -0.893326  0.339139
-0.267153  0.218469  -2.004107
0.108127  1.293900  1.235752
0.088947  -0.644463  -0.347093
1.508542  0.597614  0.442324
0.182276  3.053591  1.697555
0.569377  1.398958  0.887875
-0.120250  0.964308  -0.422699
-2.273241  1.059559  0.158459
1.373224  -0.476951  -3.104892
0.241638  -0.236614  -0.724551
-0.602448  -0.986484  1.319444
-0.741427  -0.933448  -0.366965
1.298153  1.190073  -1.870837
1.531548  -0.115727  -1.416295
-0.207691  -0.769463  2.185850
0.265874  -0.391818  0.414265
-0.624419  -0.228213  -0.612921
-1.856348  1.217285  2.944424
0.273119  0.687873  0.050206
-1.696761  -0.080932  2.205855
2.305447  -2.831319  -0.473640
2.183949  0.560120  1.362138
0.325085  1.962163  0.347607
0.115854  -2.251069  -0.360958
-0.296019  -0.369933  -2.304371
-0.082781  0.869292  -0.815591
