0.000494  -0.000000  -0.000000
0.000494  0.000000  0.000000
0.000430  0.000000  -0.000000
0.000430  0.000000  0.000000
0.000430  -0.000000  0.000000
0.000430  -0.000000  0.000000
0.000494  -0.000000  -0.000000
0.000494  -0.000000  -0.000000
0.000494  -0.000000  -0.000000
0.000494  0.000000  0.000000
0.000430  0.000000  0.000000
0.000430  -0.000000  0.000000
0.000494  -0.000000  0.000000
0.000494  0.000000  0.000000
0.000430  0.000000  -0.000000
0.000430  0.000000  -0.000000
0.000430  -0.000000  -0.000000
0.000430  -0.000000  -0.000000
0.000494  0.000000  0.000000
0.000494  -0.000000  0.000000
0.000494  -0.000000  0.000000
0.000494  -0.000000  0.000000
0.000430  -0.000000  -0.000000
0.000430  -0.000000  0.000000
0.000494  0.000000  -0.000000
0.000494  -0.000000  -0.000000
0.000430  -0.000000  -0.000000
0.000430  0.000000  -0.000000
0.000430  0.000000  -0.000000
0.000430  -0.000000  -0.000000
0.000494  0.000000  0.000000
0.000494  -0.000000  -0.000000
0.000494  -0.000000  -0.000000
0.000494  0.000000  0.000000
0.000430  -0.000000  -0.000000
0.000430  -0.000000  -0.000000
0.000494  -0.000000  0.000000
0.000494  0.000000  0.000000
0.000430  0.000000  -0.000000
0.000430  0.000000  -0.000000
0.000430  0.000000  0.000000
0.000430  -0.000000  0.000000
0.000494  -0.000000  -0.000000
0.000494  0.000000  -0.000000
0.000494  -0.000000  0.000000
0.000494  -0.000000  0.000000
0.000430  0.000000  -0.000000
0.000430  -0.000000  0.000000
0.000494  0.000000  -0.000000
0.000494  0.000000  -0.000000
0.000430  0.000000  0.000000
0.000430  0.000000  0.000000
0.000430  -0.000000  -0.000000
0.000430  0.000000  0.000000
0.000494  -0.000000  0.000000
0.000494  0.000000  0.000000
0.000494  -0.000000  0.000000
0.000494  -0.000000  0.000000
0.000430  -0.000000  0.000000
0.000430  -0.000000  -0.000000
0.000494  -0.000000  0.000000
0.000494  0.000000  -0.000000
0.000430  0.000000  0.000000
0.000430  0.000000  -0.000000
0.000430  0.000000  0.000000
0.000430  0.000000  -0.000000
0.000494  -0.000000  -0.000000
0.000494  0.000000  -0.000000
0.000494  -0.000000  -0.000000
0.000494  0.000000  -0.000000
0.000430  -0.000000  0.000000
0.000430  -0.000000  0.000000
0.001132  0.000000  -0.000000
0.001132  0.000000  0.000000
-0.001132  0.000000  0.000000
-0.001132  0.000000  0.000000
-0.001132  0.000000  0.000000
-0.001132  -0.000000  0.000000
0.001132  -0.000000  0.000000
0.001132  0.000000  0.000000
0.001132  -0.000000  -0.000000
0.001132  -0.000000  -0.000000
-0.001132  -0.000000  -0.000000
-0.001132  -0.000000  -0.000000
0.001132  -0.000000  0.000000
0.001132  0.000000  0.000000
-0.001132  0.000000  0.000000
-0.001132  0.000000  -0.000000
-0.001132  0.000000  0.000000
-0.001132  -0.000000  0.000000
0.001132  -0.000000  -0.000000
0.001132  0.000000  -0.000000
0.001132  -0.000000  0.000000
0.001132  0.000000  0.000000
-0.001132  -0.000000  0.000000
-0.001132  0.000000  0.000000
0.001132  -0.000000  -0.000000
0.001132  0.000000  -0.000000
-0.001132  -0.000000  -0.000000
-0.001132  0.000000  -0.000000
-0.001132  0.000000  -0.000000
-0.001132  -0.000000  -0.000000
0.001132  -0.000000  -0.000000
0.001132  0.000000  -0.000000
0.001132  -0.000000  0.000000
0.001132  -0.000000  0.000000
-0.001132  0.000000  -0.000000
-0.001132  -0.000000  0.000000
0.001132  -0.000000  0.000000
0.001132  0.000000  0.000000
-0.001132  0.000000  -0.000000
-0.001132  0.000000  0.000000
-0.001132  0.000000  -0.000000
-0.001132  -0.000000  -0.000000
0.001132  -0.000000  -0.000000
0.001132  0.000000  0.000000
0.001132  -0.000000  -0.000000
0.001132  -0.000000  -0.000000
-0.001132  -0.000000  0.000000
-0.001132  -0.000000  -0.000000
0.001132  0.000000  0.000000
0.001132  0.000000  -0.000000
-0.001132  0.000000  0.000000
-0.001132  0.000000  -0.000000
-0.001132  0.000000  0.000000
-0.001132  0.000000  0.000000
0.001132  0.000000  0.000000
0.001132  0.000000  0.000000
0.001132  -0.000000  -0.000000
0.001132  -0.000000  0.000000
-0.001132  -0.000000  0.000000
-0.001132  -0.000000  0.000000
0.001132  0.000000  -0.000000
0.001132  -0.000000  -0.000000
-0.001132  0.000000  -0.000000
-0.001132  0.000000  -0.000000
-0.001132  -0.000000  -0.000000
-0.001132  -0.000000  0.000000
0.001132  -0.000000  -0.000000
0.001132  0.000000  -0.000000
0.001132  -0.000000  0.000000
0.001132  -0.000000  -0.000000
-0.001132  -0.000000  -0.000000
-0.001132  -0.000000  0.000000
-0.000430  0.000000  0.000000
-0.000430  0.000000  -0.000000
-0.000494  0.000000  -0.000000
-0.000494  0.000000  -0.000000
-0.000494  -0.000000  0.000000
-0.000494  -0.000000  0.000000
-0.000430  0.000000  0.000000
-0.000430  0.000000  -0.000000
-0.000430  0.000000  0.000000
-0.000430  -0.000000  0.000000
-0.000494  -0.000000  -0.000000
-0.000494  -0.000000  0.000000
-0.000430  -0.000000  -0.000000
-0.000430  0.000000  -0.000000
-0.000494  -0.000000  -0.000000
-0.000494  -0.000000  -0.000000
-0.000494  -0.000000  0.000000
-0.000494  0.000000  0.000000
-0.000430  -0.000000  -0.000000
-0.000430  -0.000000  0.000000
-0.000430  -0.000000  0.000000
-0.000430  -0.000000  0.000000
-0.000494  0.000000  0.000000
-0.000494  -0.000000  0.000000
-0.000430  0.000000  0.000000
-0.000430  0.000000  -0.000000
-0.000494  -0.000000  0.000000
-0.000494  -0.000000  -0.000000
-0.000494  -0.000000  0.000000
-0.000494  0.000000  -0.000000
-0.000430  0.000000  0.000000
-0.000430  0.000000  -0.000000
-0.000430  -0.000000  -0.000000
-0.000430  -0.000000  -0.000000
-0.000494  -0.000000  -0.000000
-0.000494  0.000000  0.000000
-0.000430  0.000000  -0.000000
-0.000430  -0.000000  -0.000000
-0.000494  -0.000000  -0.000000
-0.000494  -0.000000  -0.000000
-0.000494  -0.000000  -0.000000
-0.000494  -0.000000  0.000000
-0.000430  0.000000  -0.000000
-0.000430  0.000000  -0.000000
-0.000430  -0.000000  0.000000
-0.000430  -0.000000  0.000000
-0.000494  -0.000000  0.000000
-0.000494  0.000000  0.000000
-0.000430  -0.000000  -0.000000
-0.000430  0.000000  0.000000
-0.000494  -0.000000  0.000000
-0.000494  -0.000000  -0.000000
-0.000494  -0.000000  -0.000000
-0.000494  0.000000  -0.000000
-0.000430  -0.000000  0.000000
-0.000430  0.000000  -0.000000
-0.000430  -0.000000  -0.000000
-0.000430  -0.000000  -0.000000
-0.000494  -0.000000  0.000000
-0.000494  -0.000000  0.000000
-0.000430  0.000000  -0.000000
-0.000430  0.000000  -0.000000
-0.000494  0.000000  -0.000000
-0.000494  0.000000  -0.000000
-0.000494  0.000000  0.000000
-0.000494  0.000000  0.000000
-0.000430  -0.000000  0.000000
-0.000430  0.000000  0.000000
-0.000430  -0.000000  0.000000
-0.000430  0.000000  -0.000000
-0.000494  -0.000000  -0.000000
-0.000494  0.000000  -0.000000
