-0.955341  0.851005  1.446880
-0.075974  -2.707122  -0.263569
0.093148  1.531148  -4.556680
-2.415927  2.055682  -3.195492
1.564455  0.873953  3.715617
5.597810  2.178077  1.992317
-0.230972  -0.791500  2.703411
1.909035  -4.162844  -0.970304
-5.500740  1.544164  -2.507887
2.097582  3.665507  -0.662577
-0.267097  -0.627640  -1.997323
-0.156607  0.699773  1.210563
-3.259577  2.580857  1.778649
1.404701  0.154657  0.068548
0.282527  -1.996481  -0.288115
1.170254  0.639046  -0.208725
1.583690  2.595069  6.163833
1.014733  2.125802  0.074155
-0.572998  -1.556842  0.233507
0.619696  1.601567  -0.848459
0.113462  -0.648104  1.270601
1.656224  0.311736  -2.816046
0.497860  2.944618  -2.717038
-1.287724  -1.152769  1.638834
5.173426  1.349063  2.235930
-0.092341  -0.680270  0.287736
-0.274468  3.417623  1.317449
1.128139  -3.768721  1.645444
2.858149  -3.148783  0.332952
-0.084438  2.061157  0.308941
3.877811  1.265252  3.022753
-0.311477  1.440137  -3.071612
-1.517769  -1.297657  -0.912163
-1.470793  0.689387  1.253022
-0.117683  -2.276519  1.518888
1.452979  1.277204  -2.365932
-0.478810  -0.565907  1.256673
-0.678287  -2.504821  1.194112
-1.668664  0.050225  -1.583286
-0.516719  2.672441  -0.251137
4.941809  0.806274  1.074747
-4.221701  2.085263  0.769410
-0.730232  -1.612455  -1.589867
-1.043361  -2.176297  -0.011931
2.546938  0.097413  2.065751
0.183459  -2.893646  -0.521526
-1.348497  -1.291308  0.086846
-1.054257  -0.440429  -2.517301
-0.171927  1.137919  0.389618
1.429425  1.039028  0.181915
2.240315  0.784140  -1.388544
-1.444164  0.108153  2.404461
-0.918316  -0.918474  1.710060
1.285202  4.172562  -1.340808
-1.241824  -2.470490  -0.746128
-3.931121  1.702008  -1.803574
0.559710  1.688795  0.312850
-1.456535  2.749099  2.168388
-1.348085  -2.397269  0.025965
-1.483967  -0.293715  -1.439185
-0.206231  0.215713  -1.146827
-1.474917  -0.136580  -1.953707
0.998945  -2.184819  0.950359
0.817294  -0.637652  2.350551
1.877659  -4.187179  -0.678702
2.146074  -2.945679  -2.887279
2.714864  -2.518109  1.724498
-0.442094  -0.483303  1.939623
0.985010  -0.038752  2.024706
3.487655  -2.404396  0.859847
-2.307545  2.209140  -1.500918
-0.893459  1.083004  -1.130624
0.409940  1.695377  -3.405609
2.018343  3.166793  0.495035
-0.529529  -0.927386  5.224246
0.982144  2.037992  -1.448037
1.398665  1.869098  -2.229004
-1.061043  -1.798339  0.644630
-3.559343  0.514319  3.030392
1.770978  -1.634507  -1.552617
-2.198688  -2.493115  2.102589
-0.417368  -1.888011  -2.924021
2.807767  -0.323918  1.621495
0.439926  -0.736298  -1.037491
0.122060  0.034734  -0.953237
-1.292554  -2.425453  -0.174394
-0.115403  1.511624  2.958044
0.475169  2.321119  -0.263592
1.983554  -1.761504  -2.870563
-2.638491  -0.022297  -1.432955
-2.743467  0.848070  1.870560
0.103656  -1.867863  -0.701878
1.171442  2.406727  1.654194
-0.380898  -1.161376  -3.458569
-2.584597  0.967682  4.808799
-0.811531  -2.590599  -0.791004
-2.397021  2.449700  2.184677
0.530340  -0.676727  2.549417
-3.043529  0.442173  0.359512
0.492061  1.816202  0.895971
-3.657894  1.399556  1.015476
0.454627  -0.839978  -0.017590
2.097747  4.434836  -1.291964
1.821165  2.700144  0.076463
-1.344198  0.389616  -2.903896
1.752405  -0.060364  2.293216
0.568658  -0.556395  2.243444
-2.465689  1.597138  -0.516584
2.170340  2.158693  -0.365995
2.033252  -1.326472  -2.211031
0.894038  0.441323  0.462936
-3.117521  -5.224627  -2.749566
-0.062076  1.408192  3.343655
-0.930032  1.630573  -1.659649
-4.135324  -1.706016  0.991440
1.396224  2.470538  -1.763391
0.929838  -2.227464  -1.564187
-0.235548  -2.740697  0.560531
-1.491249  0.619957  -1.247508
1.970755  -2.838784  1.668706
0.233545  -1.068304  -3.493012
2.954143  -1.775790  -3.814202
-0.079830  -0.493550  3.590387
-1.694580  -2.273860  -1.600065
-1.814608  1.959136  -0.991136
-3.473607  0.508290  -1.936372
-1.316572  1.228057  -0.777768
2.952010  -4.125092  -2.336070
