0.398750  -0.146324  -1.588647
-1.570559  -2.797399  -1.817856
0.963709  -0.532729  0.444933
2.980682  -1.531914  2.479902
-0.466631  0.531229  0.657231
0.038311  -0.711755  1.415675
-1.049804  1.595009  -0.976016
0.892226  -0.782051  0.054153
-1.815401  0.134542  1.435325
-0.219912  0.388952  0.499569
-2.472595  1.874069  -0.104565
-0.781996  -1.113845  -0.252375
0.724755  1.284981  -2.893215
0.513141  -0.964812  1.288131
-0.461167  -0.098965  0.382351
0.570696  0.669103  -1.357072
0.948575  -1.144452  0.769444
0.933030  -0.065795  0.287721
0.284527  0.645672  0.866473
0.585057  -0.462194  -0.247763
-0.319139  0.496455  -0.419281
0.406468  0.916745  0.516830
-0.944318  2.661175  -2.331610
3.220585  -1.407985  -0.880194
-1.084515  0.117887  0.192932
-1.883249  0.255981  -1.104676
-0.625286  0.112790  0.349676
0.024444  -2.329340  0.996644
-2.149446  -0.890552  0.475541
-0.680747  1.654966  0.951888
-1.236944  -1.523896  -1.010167
1.328469  -0.231099  0.708087
0.735280  0.798384  -0.409807
-1.481840  0.464967  1.422468
1.333742  0.142218  0.393359
0.160453  -1.372329  -0.745381
0.546138  0.646657  -1.065707
-0.275228  0.131876  -0.854227
-0.646831  -0.278795  -0.114781
0.175313  1.005547  -2.167042
2.197575  -2.376183  -0.977772
0.212696  1.510995  0.017283
2.135819  4.253190  -0.980410
-3.545758  3.046112  0.723158
-0.171781  -0.425534  -0.053504
-0.206717  1.053004  0.638366
-0.698763  0.259033  -1.444876
1.783561  0.373946  0.187659
0.532584  -0.914692  1.135946
0.582674  -2.740971  1.196343
-0.122728  0.195465  0.122912
-0.085964  -0.348520  -0.687249
-0.913150  -0.582350  -1.044243
1.554916  -2.947219  1.874669
-1.352790  -1.325919  -0.698833
-0.214419  -1.596291  -0.814284
-2.461546  0.461937  -1.417469
-0.952700  -0.380477  0.805828
1.990555  0.473840  -0.334646
-0.108048  0.198587  -0.756975
0.354929  -0.694453  -3.050213
2.175926  2.784453  0.599044
-1.097596  -0.005583  -0.384605
0.776289  0.622136  0.671623
0.013197  2.408920  -1.694802
-0.558622  2.534629  0.512742
-0.800476  -2.593373  -0.787984
0.165243  0.764503  -0.165440
-1.224359  0.376813  2.665408
0.769335  1.160424  0.686965
-1.644520  -0.577449  0.483330
0.347664  -0.226465  0.543113
0.417240  -1.372216  -0.590739
0.834598  -0.247843  1.194634
1.214602  0.735842  -4.921779
-0.729441  -0.627994  -1.785779
2.126544  -3.323337  4.476112
0.985571  -0.751786  1.006191
-0.229543  0.353624  0.043014
-1.274338  0.093438  0.574986
-1.466766  -0.172076  0.221153
2.134405  0.365596  0.944888
1.646209  -0.255190  0.302031
-0.484553  -0.217523  0.185265
-0.267266  0.157765  0.854346
-0.358481  -0.222787  -0.447486
0.010544  1.253895  1.038550
-0.289314  2.712729  -0.546220
-1.466448  -0.227868  0.941046
0.006437  0.692335  0.632914
0.495546  1.949116  1.791042
1.155751  -0.630396  -0.254375
1.309890  -0.077291  -0.281480
0.611551  -1.061757  -0.951496
2.211176  -0.067578  -1.518098
-0.182237  -0.692706  -0.814575
-0.113331  -1.438247  -0.103648
-0.567884  0.089729  1.847908
0.454434  1.532971  0.274404
-1.792255  0.416523  0.321175
-0.691413  -0.722256  -1.363750
1.299840  -1.409732  -0.837301
1.677735  0.276899  -0.601852
-0.401937  0.049170  -0.158603
-0.920233  -1.988480  2.052206
-0.858811  0.409185  -1.023732
0.369803  -0.171475  0.277877
0.567809  -0.835864  0.081633
-0.012039  -0.556445  0.680720
0.266184  0.566694  0.832792
-1.330690  0.227765  2.161281
1.026887  0.864590  -1.697842
-1.521419  1.029394  0.700557
-0.482714  -1.392220  -0.384758
-0.907999  0.593418  -0.777996
0.876726  1.731831  -0.806910
0.284574  -0.381219  1.920109
0.834997  -0.740906  0.457802
0.467576  0.152707  -1.406714
1.210593  -0.310054  -1.019349
-1.434871  -1.663801  0.559059
-2.078494  -0.245328  0.304004
0.057497  -1.008787  1.383947
-0.426455  -1.527440  -0.114211
-0.554116  0.722816  -0.608352
-0.027700  0.549118  1.185921
-0.801144  0.634369  0.060790
0.085403  3.293603  -0.110350
