0.000000  0.001159  -0.000056
0.000000  0.001159  -0.000056
0.000000  0.001443  -0.000062
-0.000000  0.000296  0.000052
-0.000000  0.002015  -0.000052
-0.000000  -0.000135  0.000247
-0.000000  0.001443  -0.000062
-0.000000  0.000296  0.000052
-0.000000  -0.000630  0.000151
0.000000  -0.000613  0.000252
-0.000000  0.002015  -0.000052
-0.000000  -0.000135  0.000247
-0.000000  -0.000630  0.000151
0.000000  -0.000613  0.000252
0.000000  -0.001443  0.000062
-0.000000  -0.002015  0.000052
-0.000000  -0.000296  -0.000052
-0.000000  0.000613  -0.000252
-0.000000  -0.001443  0.000062
0.000000  -0.002015  0.000052
-0.000000  0.000000  -0.000000
0.000000  0.000135  -0.000247
-0.000000  -0.000296  -0.000052
-0.000000  0.000613  -0.000252
0.000000  0.000000  -0.000000
0.000000  0.000135  -0.000247
0.000000  -0.001159  0.000056
-0.000000  0.000630  -0.000151
-0.000000  -0.001159  0.000056
0.000000  0.000630  -0.000151
0.000000  0.001159  -0.000056
-0.000000  0.001159  -0.000056
-0.000000  0.001443  -0.000062
-0.000000  0.000296  0.000052
-0.000000  0.002015  -0.000052
0.000000  -0.000135  0.000247
0.000000  0.001443  -0.000062
-0.000000  0.000296  0.000052
0.000000  -0.000630  0.000151
0.000000  -0.000613  0.000252
-0.000000  0.002015  -0.000052
0.000000  -0.000135  0.000247
-0.000000  -0.000630  0.000151
0.000000  -0.000613  0.000252
0.000000  -0.001443  0.000062
0.000000  -0.002015  0.000052
0.000000  -0.000296  -0.000052
-0.000000  0.000613  -0.000252
-0.000000  -0.001443  0.000062
-0.000000  -0.002015  0.000052
0.000000  0.000000  0.000000
-0.000000  0.000135  -0.000247
0.000000  -0.000296  -0.000052
0.000000  0.000613  -0.000252
-0.000000  0.000000  0.000000
-0.000000  0.000135  -0.000247
-0.000000  -0.001159  0.000056
0.000000  0.000630  -0.000151
-0.000000  -0.001159  0.000056
-0.000000  0.000630  -0.000151
-0.000000  0.001159  -0.000056
0.000000  0.001159  -0.000056
-0.000000  0.001443  -0.000062
-0.000000  0.000296  0.000052
-0.000000  0.002015  -0.000052
0.000000  -0.000135  0.000247
0.000000  0.001443  -0.000062
0.000000  0.000296  0.000052
-0.000000  -0.000630  0.000151
-0.000000  -0.000613  0.000252
0.000000  0.002015  -0.000052
0.000000  -0.000135  0.000247
-0.000000  -0.000630  0.000151
0.000000  -0.000613  0.000252
0.000000  -0.001443  0.000062
0.000000  -0.002015  0.000052
0.000000  -0.000296  -0.000052
-0.000000  0.000613  -0.000252
-0.000000  -0.001443  0.000062
-0.000000  -0.002015  0.000052
-0.000000  0.000000  0.000000
0.000000  0.000135  -0.000247
0.000000  -0.000296  -0.000052
-0.000000  0.000613  -0.000252
-0.000000  0.000000  0.000000
-0.000000  0.000135  -0.000247
-0.000000  -0.001159  0.000056
0.000000  0.000630  -0.000151
-0.000000  -0.001159  0.000056
0.000000  0.000630  -0.000151
0.000000  0.001159  -0.000056
0.000000  0.001159  -0.000056
0.000000  0.001443  -0.000062
-0.000000  0.000296  0.000052
-0.000000  0.002015  -0.000052
0.000000  -0.000135  0.000247
-0.000000  0.001443  -0.000062
0.000000  0.000296  0.000052
-0.000000  -0.000630  0.000151
0.000000  -0.000613  0.000252
-0.000000  0.002015  -0.000052
-0.000000  -0.000135  0.000247
-0.000000  -0.000630  0.000151
-0.000000  -0.000613  0.000252
0.000000  -0.001443  0.000062
-0.000000  -0.002015  0.000052
0.000000  -0.000296  -0.000052
0.000000  0.000613  -0.000252
0.000000  -0.001443  0.000062
-0.000000  -0.002015  0.000052
-0.000000  0.000000  0.000000
-0.000000  0.000135  -0.000247
-0.000000  -0.000296  -0.000052
0.000000  0.000613  -0.000252
0.000000  0.000000  0.000000
-0.000000  0.000135  -0.000247
-0.000000  -0.001159  0.000056
-0.000000  0.000630  -0.000151
-0.000000  -0.001159  0.000056
0.000000  0.000630  -0.000151
0.000000  0.001159  -0.000056
-0.000000  0.001159  -0.000056
0.000000  0.001443  -0.000062
-0.000000  0.000296  0.000052
-0.000000  0.002015  -0.000052
-0.000000  -0.000135  0.000247
-0.000000  0.001443  -0.000062
0.000000  0.000296  0.000052
0.000000  -0.000630  0.000151
-0.000000  -0.000613  0.000252
-0.000000  0.002015  -0.000052
-0.000000  -0.000135  0.000247
0.000000  -0.000630  0.000151
0.000000  -0.000613  0.000252
-0.000000  -0.001443  0.000062
-0.000000  -0.002015  0.000052
0.000000  -0.000296  -0.000052
-0.000000  0.000613  -0.000252
-0.000000  -0.001443  0.000062
0.000000  -0.002015  0.000052
0.000000  0.000000  0.000000
0.000000  0.000135  -0.000247
0.000000  -0.000296  -0.000052
0.000000  0.000613  -0.000252
0.000000  0.000000  0.000000
0.000000  0.000135  -0.000247
-0.000000  -0.001159  0.000056
0.000000  0.000630  -0.000151
-0.000000  -0.001159  0.000056
0.000000  0.000630  -0.000151
0.000000  0.001159  -0.000056
0.000000  0.001159  -0.000056
-0.000000  0.001443  -0.000062
-0.000000  0.000296  0.000052
-0.000000  0.002015  -0.000052
0.000000  -0.000135  0.000247
0.000000  0.001443  -0.000062
0.000000  0.000296  0.000052
-0.000000  -0.000630  0.000151
-0.000000  -0.000613  0.000252
0.000000  0.002015  -0.000052
0.000000  -0.000135  0.000247
0.000000  -0.000630  0.000151
0.000000  -0.000613  0.000252
-0.000000  -0.001443  0.000062
0.000000  -0.002015  0.000052
0.000000  -0.000296  -0.000052
-0.000000  0.000613  -0.000252
-0.000000  -0.001443  0.000062
-0.000000  -0.002015  0.000052
0.000000  0.000000  0.000000
0.000000  0.000135  -0.000247
0.000000  -0.000296  -0.000052
-0.000000  0.000613  -0.000252
-0.000000  0.000000  -0.000000
-0.000000  0.000135  -0.000247
0.000000  -0.001159  0.000056
-0.000000  0.000630  -0.000151
-0.000000  -0.001159  0.000056
-0.000000  0.000630  -0.000151
0.000000  0.001159  -0.000056
0.000000  0.001159  -0.000056
-0.000000  0.001443  -0.000062
0.000000  0.000296  0.000052
-0.000000  0.002015  -0.000052
0.000000  -0.000135  0.000247
-0.000000  0.001443  -0.000062
0.000000  0.000296  0.000052
0.000000  -0.000630  0.000151
0.000000  -0.000613  0.000252
-0.000000  0.002015  -0.000052
0.000000  -0.000135  0.000247
-0.000000  -0.000630  0.000151
0.000000  -0.000613  0.000252
0.000000  -0.001443  0.000062
0.000000  -0.002015  0.000052
0.000000  -0.000296  -0.000052
-0.000000  0.000613  -0.000252
-0.000000  -0.001443  0.000062
-0.000000  -0.002015  0.000052
-0.000000  0.000000  0.000000
-0.000000  0.000135  -0.000247
0.000000  -0.000296  -0.000052
-0.000000  0.000613  -0.000252
-0.000000  0.000000  0.000000
-0.000000  0.000135  -0.000247
-0.000000  -0.001159  0.000056
0.000000  0.000630  -0.000151
-0.000000  -0.001159  0.000056
-0.000000  0.000630  -0.000151
0.000000  0.001159  -0.000056
0.000000  0.001159  -0.000056
0.000000  0.001443  -0.000062
0.000000  0.000296  0.000052
0.000000  0.002015  -0.000052
-0.000000  -0.000135  0.000247
0.000000  0.001443  -0.000062
0.000000  0.000296  0.000052
-0.000000  -0.000630  0.000151
-0.000000  -0.000613  0.000252
-0.000000  0.002015  -0.000052
-0.000000  -0.000135  0.000247
0.000000  -0.000630  0.000151
-0.000000  -0.000613  0.000252
-0.000000  -0.001443  0.000062
-0.000000  -0.002015  0.000052
-0.000000  -0.000296  -0.000052
0.000000  0.000613  -0.000252
0.000000  -0.001443  0.000062
0.000000  -0.002015  0.000052
-0.000000  0.000000  0.000000
-0.000000  0.000135  -0.000247
-0.000000  -0.000296  -0.000052
-0.000000  0.000613  -0.000252
0.000000  0.000000  0.000000
-0.000000  0.000135  -0.000247
-0.000000  -0.001159  0.000056
0.000000  0.000630  -0.000151
-0.000000  -0.001159  0.000056
0.000000  0.000630  -0.000151
