0.000000  0.000000  0.000000
-0.000000  0.000074  -0.000272
-0.000110  -0.000110  -0.000014
-0.000000  0.000092  -0.000157
-0.000033  -0.000033  -0.000193
0.000000  0.000092  0.000157
0.000072  0.000072  -0.000000
-0.000000  0.000074  0.000272
-0.000033  -0.000033  0.000193
-0.000000  -0.000003  0.000000
-0.000110  -0.000110  0.000014
-0.000000  0.000072  -0.000133
0.000042  -0.000048  -0.000126
-0.000000  0.000017  -0.000030
0.000087  0.000165  -0.000161
-0.000000  0.000017  0.000030
0.000051  0.000054  -0.000000
-0.000000  0.000072  0.000133
0.000087  0.000165  0.000161
0.000000  0.000061  -0.000000
0.000042  -0.000048  0.000126
0.000000  -0.000072  -0.000133
-0.000209  -0.000000  -0.000062
-0.000000  -0.000017  -0.000030
-0.000031  0.000000  -0.000010
0.000000  -0.000017  0.000030
-0.000048  -0.000000  -0.000000
0.000000  -0.000072  0.000133
-0.000031  0.000000  0.000010
0.000000  -0.000061  0.000000
-0.000209  -0.000000  0.000062
0.000000  -0.000074  -0.000272
0.000042  0.000048  -0.000126
0.000000  -0.000092  -0.000157
0.000087  -0.000165  -0.000161
0.000000  -0.000092  0.000157
0.000051  -0.000054  0.000000
0.000000  -0.000074  0.000272
0.000087  -0.000165  0.000161
-0.000000  0.000003  0.000000
0.000042  0.000048  0.000126
-0.000000  0.000000  -0.000023
-0.000110  0.000110  -0.000014
0.000000  -0.000000  0.000023
-0.000033  0.000033  -0.000193
0.000000  0.000000  -0.000023
0.000072  -0.000072  0.000000
0.000000  0.000000  0.000023
-0.000033  0.000033  0.000193
-0.000000  0.000000  0.000000
-0.000110  0.000110  0.000014
0.000061  0.000061  -0.000151
-0.000048  0.000042  -0.000126
0.000224  0.000224  -0.000083
0.000165  0.000087  -0.000161
0.000224  0.000224  0.000083
0.000054  0.000051  -0.000000
0.000061  0.000061  0.000151
0.000165  0.000087  0.000161
-0.000025  -0.000025  0.000000
-0.000048  0.000042  0.000126
0.000069  0.000122  -0.000120
-0.000125  -0.000125  -0.000109
0.000092  0.000067  -0.000072
0.000100  0.000100  -0.000058
0.000092  0.000067  0.000072
0.000256  0.000256  0.000000
0.000069  0.000122  0.000120
0.000100  0.000100  0.000058
-0.000027  -0.000108  0.000000
-0.000125  -0.000125  0.000109
0.000069  -0.000122  -0.000120
-0.000065  -0.000000  -0.000048
0.000092  -0.000067  -0.000072
0.000096  0.000000  -0.000161
0.000092  -0.000067  0.000072
0.000057  0.000000  0.000000
0.000069  -0.000122  0.000120
0.000096  0.000000  0.000161
-0.000027  0.000108  0.000000
-0.000065  -0.000000  0.000048
0.000061  -0.000061  -0.000151
-0.000125  0.000125  -0.000109
0.000224  -0.000224  -0.000083
0.000100  -0.000100  -0.000058
0.000224  -0.000224  0.000083
0.000256  -0.000256  0.000000
0.000061  -0.000061  0.000151
0.000100  -0.000100  0.000058
-0.000025  0.000025  0.000000
-0.000125  0.000125  0.000109
0.000074  0.000000  -0.000272
-0.000048  -0.000042  -0.000126
0.000092  0.000000  -0.000157
0.000165  -0.000087  -0.000161
0.000092  -0.000000  0.000157
0.000054  -0.000051  0.000000
0.000074  0.000000  0.000272
0.000165  -0.000087  0.000161
-0.000003  0.000000  0.000000
-0.000048  -0.000042  0.000126
0.000122  0.000069  -0.000120
0.000000  -0.000209  -0.000062
0.000067  0.000092  -0.000072
-0.000000  -0.000031  -0.000010
0.000067  0.000092  0.000072
0.000000  -0.000048  -0.000000
0.000122  0.000069  0.000120
0.000000  -0.000031  0.000010
-0.000108  -0.000027  0.000000
0.000000  -0.000209  0.000062
0.000160  0.000160  -0.000082
0.000000  -0.000065  -0.000048
0.000053  0.000053  0.000118
0.000000  0.000096  -0.000161
0.000053  0.000053  -0.000118
0.000000  0.000057  0.000000
0.000160  0.000160  0.000082
0.000000  0.000096  0.000161
0.000079  0.000079  -0.000000
0.000000  -0.000065  0.000048
0.000160  -0.000160  -0.000082
-0.000000  -0.000000  0.000130
0.000053  -0.000053  0.000118
0.000000  0.000000  -0.000238
0.000053  -0.000053  -0.000118
0.000000  0.000000  0.000000
0.000160  -0.000160  0.000082
0.000000  0.000000  0.000238
0.000079  -0.000079  -0.000000
0.000000  0.000000  -0.000130
0.000122  -0.000069  -0.000120
0.000000  0.000065  -0.000048
0.000067  -0.000092  -0.000072
0.000000  -0.000096  -0.000161
0.000067  -0.000092  0.000072
-0.000000  -0.000057  0.000000
0.000122  -0.000069  0.000120
0.000000  -0.000096  0.000161
-0.000108  0.000027  0.000000
0.000000  0.000065  0.000048
0.000072  0.000000  -0.000133
0.000000  0.000209  -0.000062
0.000017  0.000000  -0.000030
-0.000000  0.000031  -0.000010
0.000017  0.000000  0.000030
0.000000  0.000048  -0.000000
0.000072  0.000000  0.000133
0.000000  0.000031  0.000010
0.000061  0.000000  0.000000
0.000000  0.000209  0.000062
-0.000122  0.000069  -0.000120
0.000048  0.000042  -0.000126
-0.000067  0.000092  -0.000072
-0.000165  0.000087  -0.000161
-0.000067  0.000092  0.000072
-0.000054  0.000051  0.000000
-0.000122  0.000069  0.000120
-0.000165  0.000087  0.000161
0.000108  -0.000027  0.000000
0.000048  0.000042  0.000126
-0.000160  0.000160  -0.000082
0.000125  -0.000125  -0.000109
-0.000053  0.000053  0.000118
-0.000100  0.000100  -0.000058
-0.000053  0.000053  -0.000118
-0.000256  0.000256  0.000000
-0.000160  0.000160  0.000082
-0.000100  0.000100  0.000058
-0.000079  0.000079  -0.000000
0.000125  -0.000125  0.000109
-0.000160  -0.000160  -0.000082
0.000065  -0.000000  -0.000048
-0.000053  -0.000053  0.000118
-0.000096  0.000000  -0.000161
-0.000053  -0.000053  -0.000118
-0.000057  0.000000  0.000000
-0.000160  -0.000160  0.000082
-0.000096  0.000000  0.000161
-0.000079  -0.000079  -0.000000
0.000065  -0.000000  0.000048
-0.000122  -0.000069  -0.000120
0.000125  0.000125  -0.000109
-0.000067  -0.000092  -0.000072
-0.000100  -0.000100  -0.000058
-0.000067  -0.000092  0.000072
-0.000256  -0.000256  0.000000
-0.000122  -0.000069  0.000120
-0.000100  -0.000100  0.000058
0.000108  0.000027  0.000000
0.000125  0.000125  0.000109
-0.000072  -0.000000  -0.000133
0.000048  -0.000042  -0.000126
-0.000017  0.000000  -0.000030
-0.000165  -0.000087  -0.000161
-0.000017  0.000000  0.000030
-0.000054  -0.000051  0.000000
-0.000072  0.000000  0.000133
-0.000165  -0.000087  0.000161
-0.000061  0.000000  0.000000
0.000048  -0.000042  0.000126
-0.000061  0.000061  -0.000151
0.000110  -0.000110  -0.000014
-0.000224  0.000224  -0.000083
0.000033  -0.000033  -0.000193
-0.000224  0.000224  0.000083
-0.000072  0.000072  0.000000
-0.000061  0.000061  0.000151
0.000033  -0.000033  0.000193
0.000025  -0.000025  0.000000
0.000110  -0.000110  0.000014
-0.000069  0.000122  -0.000120
-0.000042  -0.000048  -0.000126
-0.000092  0.000067  -0.000072
-0.000087  0.000165  -0.000161
-0.000092  0.000067  0.000072
-0.000051  0.000054  0.000000
-0.000069  0.000122  0.000120
-0.000087  0.000165  0.000161
0.000027  -0.000108  0.000000
-0.000042  -0.000048  0.000126
-0.000069  -0.000122  -0.000120
0.000209  -0.000000  -0.000062
-0.000092  -0.000067  -0.000072
0.000031  0.000000  -0.000010
-0.000092  -0.000067  0.000072
0.000048  -0.000000  -0.000000
-0.000069  -0.000122  0.000120
0.000031  0.000000  0.000010
0.000027  0.000108  0.000000
0.000209  -0.000000  0.000062
-0.000061  -0.000061  -0.000151
-0.000042  0.000048  -0.000126
-0.000224  -0.000224  -0.000083
-0.000087  -0.000165  -0.000161
-0.000224  -0.000224  0.000083
-0.000051  -0.000054  0.000000
-0.000061  -0.000061  0.000151
-0.000087  -0.000165  0.000161
0.000025  0.000025  0.000000
-0.000042  0.000048  0.000126
-0.000074  0.000000  -0.000272
0.000110  0.000110  -0.000014
-0.000092  -0.000000  -0.000157
0.000033  0.000033  -0.000193
-0.000092  0.000000  0.000157
-0.000072  -0.000072  -0.000000
-0.000074  0.000000  0.000272
0.000033  0.000033  0.000193
0.000003  0.000000  0.000000
0.000110  0.000110  0.000014
