-0.150455  0.436883  0.662132
-1.268602  -2.791175  -1.392018
-0.216784  -1.297284  -0.651920
-0.655633  -0.038582  1.212973
-0.544796  -0.951682  -1.563696
-0.791084  0.043963  0.415973
0.158407  0.217300  -0.189165
-0.207077  -0.388529  1.364649
0.331111  -1.698652  0.779836
-1.189888  0.377346  -0.580944
-1.134745  1.115873  -0.354413
-0.329257  -0.469856  -0.441926
0.427148  1.541639  -0.157650
0.240814  0.844182  0.740041
-0.906221  -0.245857  -1.863215
0.232544  -0.397013  -0.817931
0.083577  0.933558  2.939117
-0.308543  -1.177891  0.116069
1.793530  -1.307847  0.578511
0.395414  -0.185505  -1.103472
1.947692  -0.769773  -2.228577
1.301552  1.311667  -0.473503
0.325810  -1.409354  -0.328644
-0.779379  -1.037422  -0.479661
-0.425848  1.947123  -1.062422
-0.249356  -1.086927  0.232662
0.039342  -0.659333  -0.485820
-0.632237  1.192675  -0.442942
-1.539397  -0.509150  1.162572
0.239637  0.930064  1.202705
-0.441441  -0.073223  -0.422338
-1.598190  0.625703  0.407153
-1.617251  1.096580  0.288297
0.101696  0.231294  -0.207125
-0.682044  0.309678  -1.108879
0.256228  -0.171588  -2.806465
1.008764  1.231398  0.001521
-1.665453  -2.846425  2.972499
0.369915  -1.924752  -1.344157
-1.785524  -1.777784  2.428010
0.971145  0.739675  -0.939035
-1.421217  0.131328  -0.160363
1.813396  1.866519  2.306329
-0.619900  -1.029596  -0.260847
-1.672511  1.554764  -1.025820
-0.273312  3.329993  -0.381151
-0.813635  -1.340887  0.920497
-3.314962  0.588644  0.404583
-0.245570  0.029213  0.612192
-0.775071  0.765642  -1.078871
0.539105  -0.332801  0.351138
0.452104  -0.486211  1.382383
-1.026647  -0.011970  -0.053760
-0.598073  -0.281418  0.541171
1.807976  -0.960799  -0.121770
0.008062  -0.499058  0.257769
-0.604031  1.235306  0.883416
0.802082  -1.210696  0.520088
0.919048  0.628219  -0.436296
-0.920713  -1.050838  0.927059
0.149473  -2.193153  -1.583502
0.703984  0.298344  1.840305
-0.744616  -0.184595  -2.058346
0.975589  2.229930  0.435145
-0.957186  0.835356  -1.105803
-0.511754  -0.270973  1.128526
2.020513  0.528355  -2.852480
-0.301632  0.617515  1.085530
1.826212  -2.288154  0.639846
0.070441  0.195017  1.514541
-0.221526  -1.425079  -1.108053
0.030147  0.731803  0.218809
-1.333589  0.465530  -2.534120
0.933325  -0.166965  -0.890551
0.824360  -1.153658  1.016816
-0.617054  -0.033796  -0.415078
0.760350  -0.439594  -1.501330
1.040587  -0.789233  -0.196533
1.575252  -0.907902  -3.180198
3.896802  1.572408  1.101790
1.998442  0.521114  3.617427
1.233828  -0.386943  -1.267983
-1.610473  0.905951  2.086740
-0.662629  0.046499  0.105393
0.448361  0.988919  0.053288
-0.939662  -0.396250  -0.561496
-0.007802  1.603778  -1.355870
-0.343431  -0.207478  -0.930719
0.329555  -0.779099  1.224673
0.692269  -0.778175  0.551919
-1.631430  -0.409742  -1.605058
1.741639  2.605329  0.930479
-0.013546  -0.628386  -0.636819
1.379869  0.610765  0.542295
1.957850  0.388546  -1.570458
-2.039316  1.706663  0.630400
1.763326  -2.153506  -0.431676
-0.084585  0.100378  -0.867301
1.616835  0.205625  2.215649
0.102680  0.341398  -0.094178
-0.617149  -1.469870  -1.043626
1.283350  0.163962  0.598122
-0.255275  1.200757  -0.608787
2.246113  -0.865705  1.484256
0.538360  -0.269161  1.130259
-1.058537  0.515187  1.564924
0.649714  0.065821  1.454844
1.852228  -0.139316  -1.121967
0.195487  -0.012742  -1.084889
-0.971228  0.904554  -0.199632
-1.764352  1.443862  -1.950318
0.279785  -0.596710  -1.539557
-1.228568  -0.054526  -0.318308
0.090332  1.047356  0.176367
0.093274  -1.464006  -2.991864
1.150399  1.561179  2.026511
-1.327164  0.475408  0.738833
-1.212392  1.900209  0.937094
-0.363689  -0.157580  2.022858
1.640367  -0.755332  1.218993
0.817049  -1.048681  2.112224
0.299002  0.961951  -2.047728
-1.287703  -0.873415  1.114172
-0.372838  0.116841  1.750931
-0.559202  1.432089  -0.371422
-0.029200  -0.915961  0.114295
0.030143  0.316181  -1.437763
-1.331014  -0.225247  0.432604
