0.360808  0.006295  0.000793
0.360834  0.006288  0.000772
0.360894  0.006393  0.000073
0.360907  0.006292  0.001547
0.360900  0.006372  -0.000063
0.360906  0.006318  0.001500
0.360788  0.006319  0.000739
0.360802  0.006338  0.000874
0.360892  0.006406  0.000033
0.360921  0.006295  0.001500
0.360911  0.006412  0.000085
0.360909  0.006290  0.001596
0.360845  0.006327  0.000750
0.360830  0.006307  0.000639
0.360926  0.006390  -0.000034
0.360911  0.006336  0.001459
0.360907  0.006403  0.000030
0.360917  0.006306  0.001420
0.360833  0.006365  0.000793
0.360852  0.006334  0.000787
0.360908  0.006342  0.000034
0.360894  0.006212  0.001493
0.360918  0.006355  -0.000037
0.360908  0.006214  0.001482
0.360821  0.006296  0.000746
0.360821  0.006274  0.000875
0.360882  0.006312  0.000026
0.360891  0.006243  0.001524
0.360905  0.006325  0.000043
0.360872  0.006232  0.001561
0.360874  0.006308  0.000767
0.360847  0.006340  0.000637
0.360932  0.006333  0.000025
0.360904  0.006220  0.001498
0.360898  0.006323  0.000082
0.360899  0.006237  0.001478
-0.368421  -0.007059  -0.008188
-0.368409  -0.006936  -0.008123
0.019005  0.017276  0.030849
0.019006  0.017286  0.030820
0.018984  0.017258  0.030790
0.018989  0.017333  0.030845
-0.368425  -0.007039  -0.008346
-0.368407  -0.006948  -0.008100
-0.368447  -0.006972  -0.008115
-0.368420  -0.006984  -0.008142
0.018969  0.017220  0.030616
0.018970  0.017332  0.030890
-0.368396  -0.007034  -0.008334
-0.368420  -0.006932  -0.008109
0.018997  0.017282  0.030746
0.018974  0.017294  0.030843
0.018959  0.017233  0.030633
0.018943  0.017316  0.030853
-0.368390  -0.007054  -0.008239
-0.368388  -0.006927  -0.007984
-0.368444  -0.006983  -0.008225
-0.368445  -0.006986  -0.008109
0.018983  0.017258  0.030742
0.018961  0.017320  0.030954
-0.368423  -0.007043  -0.008255
-0.368435  -0.006937  -0.008032
0.018989  0.017273  0.030779
0.019001  0.017260  0.030707
0.018965  0.017238  0.030689
0.018958  0.017333  0.030920
-0.368419  -0.007034  -0.008202
-0.368449  -0.006937  -0.008167
-0.368455  -0.006986  -0.008202
-0.368471  -0.006983  -0.008278
0.018948  0.017242  0.030725
0.018949  0.017322  0.030789
-0.368445  -0.007025  -0.008192
-0.368451  -0.006939  -0.008145
0.018980  0.017293  0.030843
0.019003  0.017287  0.030814
0.018965  0.017249  0.030753
0.018976  0.017332  0.030836
-0.368457  -0.007011  -0.008358
-0.368455  -0.006914  -0.008104
-0.368464  -0.006998  -0.008116
-0.368445  -0.006996  -0.008184
0.018959  0.017244  0.030620
0.018965  0.017309  0.030863
-0.368438  -0.007036  -0.008333
-0.368425  -0.006939  -0.008103
0.018991  0.017276  0.030732
0.018970  0.017264  0.030829
0.018933  0.017231  0.030627
0.018939  0.017319  0.030867
-0.368423  -0.007046  -0.008219
-0.368416  -0.006957  -0.008003
-0.368431  -0.006998  -0.008232
-0.368416  -0.006988  -0.008103
0.018964  0.017239  0.030720
0.018949  0.017336  0.030953
-0.368461  -0.007020  -0.008267
-0.368470  -0.006917  -0.008023
0.018969  0.017275  0.030775
0.018981  0.017277  0.030705
0.018953  0.017251  0.030696
0.018971  0.017301  0.030922
-0.368462  -0.007054  -0.008223
-0.368475  -0.006928  -0.008162
-0.368427  -0.006992  -0.008171
-0.368464  -0.006970  -0.008245
0.018946  0.017252  0.030747
0.018965  0.017324  0.030815
-0.012022  -0.138241  -0.082087
-0.012034  -0.138340  -0.080703
-0.144943  0.478345  0.033594
-0.144983  0.478373  0.033537
-0.144936  0.478289  0.033491
-0.144965  0.478364  0.033567
-0.012027  -0.138248  -0.082228
-0.012018  -0.138357  -0.080663
-0.012001  -0.138299  -0.081291
-0.012042  -0.138296  -0.081373
-0.144962  0.478284  0.033406
-0.144998  0.478366  0.033629
-0.012065  -0.138215  -0.082225
-0.012057  -0.138337  -0.080676
-0.144933  0.478374  0.033501
-0.144904  0.478332  0.033597
-0.144923  0.478284  0.033395
-0.144972  0.478344  0.033594
-0.012082  -0.138222  -0.082140
-0.012081  -0.138317  -0.080590
-0.012044  -0.138296  -0.081502
-0.012061  -0.138283  -0.081320
-0.144952  0.478295  0.033451
-0.144946  0.478347  0.033680
-0.012063  -0.138244  -0.082152
-0.012019  -0.138354  -0.080600
-0.144963  0.478346  0.033516
-0.144964  0.478365  0.033486
-0.144977  0.478249  0.033449
-0.144987  0.478336  0.033704
-0.012041  -0.138220  -0.082093
-0.012028  -0.138357  -0.080724
-0.012065  -0.138302  -0.081414
-0.012016  -0.138317  -0.081509
-0.144926  0.478250  0.033472
-0.144973  0.478334  0.033560
-0.012025  -0.138239  -0.082066
-0.012045  -0.138341  -0.080717
-0.144968  0.478315  0.033629
-0.144990  0.478334  0.033561
-0.144965  0.478274  0.033514
-0.144973  0.478384  0.033573
-0.012024  -0.138238  -0.082207
-0.012036  -0.138334  -0.080664
-0.012024  -0.138289  -0.081309
-0.012048  -0.138293  -0.081413
-0.144975  0.478287  0.033414
-0.145007  0.478383  0.033614
-0.012070  -0.138246  -0.082224
-0.012074  -0.138334  -0.080681
-0.144937  0.478340  0.033509
-0.144902  0.478309  0.033586
-0.144904  0.478291  0.033407
-0.144945  0.478400  0.033604
-0.012078  -0.138248  -0.082128
-0.012072  -0.138343  -0.080600
-0.012049  -0.138281  -0.081522
-0.012047  -0.138264  -0.081308
-0.144949  0.478269  0.033477
-0.144928  0.478377  0.033705
-0.012080  -0.138241  -0.082145
-0.012058  -0.138322  -0.080592
-0.144976  0.478323  0.033533
-0.144972  0.478342  0.033517
-0.144975  0.478289  0.033459
-0.144971  0.478375  0.033675
-0.012064  -0.138243  -0.082116
-0.012048  -0.138323  -0.080719
-0.012067  -0.138275  -0.081401
-0.012037  -0.138288  -0.081514
-0.144906  0.478295  0.033481
-0.144951  0.478381  0.033535
0.144701  -0.478198  -0.033629
0.144880  -0.478296  -0.033469
0.011984  0.138253  0.081526
0.012003  0.138235  0.081662
0.012017  0.138500  0.081449
0.012043  0.138014  0.081035
0.144752  -0.478233  -0.033526
0.144867  -0.478335  -0.033376
0.144817  -0.478332  -0.033617
0.144822  -0.478336  -0.033571
0.012026  0.138499  0.081522
0.012021  0.138012  0.081095
0.144772  -0.478231  -0.033544
0.144885  -0.478342  -0.033369
0.012047  0.138241  0.081617
0.012034  0.138220  0.081545
0.012061  0.138498  0.081537
0.012029  0.137991  0.081071
0.144730  -0.478216  -0.033532
0.144885  -0.478319  -0.033502
0.144888  -0.478318  -0.033631
0.144843  -0.478306  -0.033666
0.012027  0.138494  0.081591
0.012036  0.138015  0.080972
0.144723  -0.478245  -0.033481
0.144874  -0.478347  -0.033446
0.011989  0.138248  0.081676
0.012007  0.138272  0.081615
0.012000  0.138495  0.081586
0.011991  0.138005  0.080966
0.144726  -0.478237  -0.033584
0.144891  -0.478350  -0.033410
0.144843  -0.478362  -0.033549
0.144877  -0.478365  -0.033580
0.012049  0.138482  0.081465
0.012021  0.137993  0.081012
0.144701  -0.478181  -0.033594
0.144869  -0.478328  -0.033440
0.011985  0.138258  0.081544
0.012014  0.138259  0.081679
0.012010  0.138489  0.081470
0.012036  0.137974  0.081032
0.144752  -0.478206  -0.033517
0.144855  -0.478331  -0.033349
0.144808  -0.478351  -0.033630
0.144816  -0.478377  -0.033558
0.011986  0.138514  0.081542
0.011995  0.138006  0.081105
0.144788  -0.478201  -0.033571
0.144886  -0.478344  -0.033373
0.012041  0.138238  0.081610
0.012016  0.138236  0.081519
0.012039  0.138477  0.081530
0.012012  0.137985  0.081097
0.144731  -0.478182  -0.033511
0.144896  -0.478334  -0.033478
0.144880  -0.478384  -0.033609
0.144843  -0.478372  -0.033631
0.012025  0.138486  0.081602
0.012030  0.137965  0.080979
0.144733  -0.478202  -0.033492
0.144865  -0.478323  -0.033443
0.011979  0.138237  0.081643
0.011987  0.138258  0.081596
0.011968  0.138509  0.081588
0.011969  0.138019  0.080970
0.144736  -0.478176  -0.033626
0.144873  -0.478327  -0.033429
0.144820  -0.478382  -0.033530
0.144854  -0.478373  -0.033575
0.012007  0.138475  0.081426
0.011997  0.138010  0.081022
-0.018615  -0.017176  -0.030842
-0.018767  -0.017269  -0.030668
0.368356  0.006951  0.008088
0.368373  0.006951  0.008196
0.368209  0.007094  0.008113
0.368360  0.007007  0.008276
-0.018648  -0.017153  -0.030765
-0.018774  -0.017273  -0.030592
-0.018762  -0.017324  -0.030876
-0.018730  -0.017297  -0.030777
0.368207  0.007080  0.008202
0.368341  0.006980  0.008404
-0.018629  -0.017163  -0.030804
-0.018791  -0.017265  -0.030624
0.368366  0.006968  0.008108
0.368365  0.006984  0.008040
0.368235  0.007117  0.008166
0.368392  0.007008  0.008351
-0.018624  -0.017173  -0.030734
-0.018782  -0.017280  -0.030731
-0.018762  -0.017290  -0.030836
-0.018765  -0.017308  -0.030922
0.368243  0.007100  0.008208
0.368388  0.007022  0.008199
-0.018657  -0.017161  -0.030741
-0.018823  -0.017280  -0.030717
0.368369  0.006967  0.008192
0.368345  0.006977  0.008128
0.368259  0.007091  0.008240
0.368379  0.006977  0.008241
-0.018638  -0.017163  -0.030887
-0.018809  -0.017263  -0.030671
-0.018775  -0.017312  -0.030796
-0.018785  -0.017337  -0.030834
0.368244  0.007113  0.008095
0.368389  0.006976  0.008271
-0.018599  -0.017176  -0.030833
-0.018786  -0.017290  -0.030660
0.368326  0.006932  0.008110
0.368340  0.006939  0.008215
0.368192  0.007074  0.008134
0.368372  0.006983  0.008271
-0.018615  -0.017191  -0.030753
-0.018768  -0.017296  -0.030560
-0.018767  -0.017326  -0.030864
-0.018761  -0.017313  -0.030747
0.368175  0.007059  0.008236
0.368355  0.006990  0.008417
-0.018632  -0.017182  -0.030819
-0.018805  -0.017297  -0.030647
0.368353  0.006949  0.008102
0.368344  0.006950  0.008028
0.368211  0.007079  0.008140
0.368355  0.007004  0.008344
-0.018614  -0.017162  -0.030735
-0.018814  -0.017290  -0.030741
-0.018784  -0.017326  -0.030845
-0.018796  -0.017332  -0.030939
0.368232  0.007073  0.008219
0.368383  0.007000  0.008192
-0.018633  -0.017192  -0.030747
-0.018800  -0.017302  -0.030699
0.368354  0.006916  0.008169
0.368328  0.006918  0.008151
0.368193  0.007071  0.008231
0.368360  0.007002  0.008245
-0.018628  -0.017179  -0.030900
-0.018805  -0.017306  -0.030705
-0.018783  -0.017301  -0.030802
-0.018799  -0.017307  -0.030832
0.368176  0.007073  0.008059
0.368338  0.007008  0.008260
-0.360822  -0.006085  -0.000639
-0.360873  -0.006611  -0.001135
-0.360812  -0.006032  -0.000608
-0.360842  -0.006595  -0.001096
-0.360800  -0.006380  -0.000621
-0.360822  -0.006362  -0.000557
-0.360830  -0.006084  -0.000679
-0.360839  -0.006571  -0.001133
-0.360833  -0.006102  -0.000610
-0.360854  -0.006602  -0.001174
-0.360853  -0.006340  -0.000597
-0.360806  -0.006352  -0.000637
-0.360809  -0.006017  -0.000623
-0.360838  -0.006578  -0.001181
-0.360803  -0.006042  -0.000719
-0.360860  -0.006556  -0.001158
-0.360815  -0.006362  -0.000588
-0.360843  -0.006391  -0.000624
-0.360817  -0.006142  -0.000611
-0.360868  -0.006627  -0.001088
-0.360811  -0.006171  -0.000604
-0.360823  -0.006633  -0.001023
-0.360777  -0.006297  -0.000564
-0.360806  -0.006338  -0.000507
-0.360832  -0.006125  -0.000678
-0.360814  -0.006638  -0.001207
-0.360841  -0.006107  -0.000603
-0.360850  -0.006621  -0.001228
-0.360849  -0.006358  -0.000613
-0.360788  -0.006331  -0.000720
-0.360806  -0.006190  -0.000645
-0.360808  -0.006641  -0.001140
-0.360810  -0.006175  -0.000716
-0.360814  -0.006653  -0.001192
-0.360773  -0.006301  -0.000641
-0.360799  -0.006288  -0.000599
