1.733803  -0.887888  0.092708
-0.901672  -0.445765  1.487222
3.063114  1.402538  1.959435
1.791379  0.849576  -0.450787
-1.819437  1.265943  0.876999
0.921975  1.011253  -1.397045
-1.927001  0.056107  -0.510532
1.822213  -0.658098  0.762191
-0.273852  -3.221242  0.648295
0.146416  1.109294  -1.833120
-0.328728  -3.445067  -2.161560
6.526074  2.801332  3.867660
0.101668  -1.748535  0.176012
1.476240  1.542850  -0.634503
-0.794948  -1.547107  2.728602
2.134539  -1.020349  0.108630
1.457901  0.753088  -1.109849
2.824950  -0.703268  2.474222
-1.381801  -1.096781  -2.176908
-2.039373  1.639826  -0.934085
1.035724  -1.621094  2.692729
-1.168702  -2.514144  0.518634
-1.589291  4.545117  -0.473278
-3.188907  -1.881836  -0.861677
-3.151276  1.558196  0.265929
-1.104449  1.295408  1.337902
2.898434  -0.416763  -0.482918
3.250375  -1.690265  -2.194997
0.311470  0.518872  1.757977
-3.532167  -2.390598  -1.325743
-2.780281  -0.690193  0.442120
-2.085437  -0.673716  -0.347363
-1.697219  1.734246  2.086818
-1.027168  -2.262898  -0.703391
0.083305  -0.560903  -0.002989
-1.405350  0.535035  0.545670
-0.423424  3.045876  -2.867054
0.396664  -3.251808  0.440781
-3.307599  2.449021  0.580909
1.964544  -2.306020  0.466394
0.504687  -0.272185  1.073346
1.345151  -0.798230  -0.331958
1.852464  -1.313216  -0.113060
-0.987887  -0.498744  -1.704983
-3.791924  -0.159018  -1.686453
-2.590646  0.708990  2.636055
-0.017305  -2.054985  -2.015290
-3.363370  0.723965  1.508738
-2.347944  0.543729  -0.756341
0.950531  0.370136  -0.625804
-0.393439  -0.959648  -0.986080
-1.320534  -0.285238  3.933324
-1.994600  -0.472934  -1.519086
-0.960746  -3.088013  -1.837568
-0.570681  0.618815  0.287122
1.660643  1.810487  -1.048922
3.387226  0.196778  -0.248659
-0.176449  0.945657  0.778529
-2.824140  0.489160  -0.625714
0.816240  1.187413  1.493989
1.354197  2.615326  0.010862
4.021870  -1.473375  -3.293177
1.242828  2.041592  2.248251
0.055453  -2.256331  1.803958
-0.473522  1.110071  -1.050500
-0.122689  -0.575318  -2.624832
-1.273021  1.706136  1.468560
-0.860301  0.942934  -0.073402
-2.171663  -0.658712  -2.395248
1.093519  3.487368  1.098012
-0.472360  0.417289  1.365511
0.008187  0.230722  2.945731
0.382941  0.087083  0.356116
-0.298142  -1.637443  -2.644845
1.700654  0.207861  0.778100
-0.254839  -1.134439  -1.453089
3.165464  -0.200648  0.449646
1.394078  0.441877  -0.560307
-0.406628  -0.041574  -3.477887
1.207400  0.259638  0.245914
-0.441920  1.202110  3.343907
3.732853  0.145940  -1.850808
-2.663822  -1.335901  -2.876187
1.419025  4.001337  -3.820893
-0.362753  0.337629  1.849203
-3.369018  1.163727  -1.101987
1.469813  -0.626310  0.467482
3.813473  0.068209  1.500780
-1.575458  -0.421321  -0.605478
0.331557  -0.509572  0.211257
0.386785  0.748568  -1.225915
2.085614  -2.843760  -1.497602
-2.531056  -1.377844  2.398699
-4.203351  2.719936  -4.257787
1.245021  1.730109  2.227701
-0.702797  -0.838227  -2.589461
-0.711176  -0.363706  0.159006
-0.376905  1.316760  -1.375863
1.114681  -3.534885  -0.726952
-3.380786  0.149226  -0.820681
0.798458  4.520655  1.814777
1.447273  -3.586875  -1.409526
2.490875  0.430625  1.454846
-1.343927  -0.863990  -0.557188
-0.703414  -2.514169  -0.126682
0.842218  1.692052  1.852327
2.369243  3.820324  0.920172
-5.780930  1.949570  0.623758
1.075608  -0.644959  0.426910
-1.032324  2.092548  -3.071769
0.991634  -2.093600  0.442046
0.275951  1.959484  0.093257
0.811462  2.043233  0.726249
-3.161416  -0.951900  1.158802
1.383020  0.720236  1.738080
-1.753980  -3.189628  -2.187596
3.319013  -3.791045  -0.101183
3.224647  2.112467  0.451161
-1.123369  -0.033854  1.832710
0.829016  1.632319  -0.749304
0.102319  0.014070  0.919269
-1.593629  -0.998128  -2.133127
-0.524993  -0.882313  0.002580
-1.594599  3.687634  -1.750404
-1.088712  -0.964336  1.293584
3.116720  0.578005  2.801669
3.983413  -6.061556  6.367350
0.877234  1.248894  -1.499791
