0.022616  -0.000000  0.000000
0.009771  0.011070  0.011070
0.009771  0.011070  -0.011070
0.009771  -0.011070  0.011070
0.009771  -0.011070  -0.011070
0.011844  0.011844  0.011844
0.005692  0.005692  0.000000
0.011070  0.009771  0.011070
0.011844  0.011844  -0.011844
0.011070  0.009771  -0.011070
0.005692  -0.000000  0.005692
0.011070  0.011070  0.009771
-0.001270  -0.000000  0.000000
-0.000482  -0.000482  -0.000482
0.005692  -0.000000  -0.005692
-0.000482  -0.000482  0.000482
0.011070  0.011070  -0.009771
0.011844  -0.011844  0.011844
0.011070  -0.011070  0.009771
0.005692  -0.005692  0.000000
-0.000482  0.000482  -0.000482
0.011844  -0.011844  -0.011844
-0.000482  0.000482  0.000482
0.011070  -0.011070  -0.009771
0.011070  -0.009771  0.011070
0.011070  -0.009771  -0.011070
-0.000000  0.022616  0.000000
-0.000000  0.005692  0.005692
-0.000000  -0.001270  -0.000000
-0.011070  0.009771  0.011070
-0.000000  0.005692  -0.005692
-0.011070  0.009771  -0.011070
-0.000000  -0.000000  0.022616
-0.000000  -0.000000  -0.001270
-0.011070  0.011070  0.009771
-0.000000  -0.000000  0.000000
0.000482  -0.000482  -0.000482
-0.000000  -0.000000  0.001270
0.000482  -0.000482  0.000482
-0.000000  -0.000000  -0.022616
-0.011070  0.011070  -0.009771
-0.000000  -0.005692  0.005692
-0.011070  -0.011070  0.009771
-0.000000  0.001270  0.000000
0.000482  0.000482  -0.000482
-0.000000  -0.005692  -0.005692
0.000482  0.000482  0.000482
-0.011070  -0.011070  -0.009771
-0.000000  -0.022616  0.000000
-0.011070  -0.009771  0.011070
-0.011070  -0.009771  -0.011070
-0.011844  0.011844  0.011844
-0.005692  0.005692  -0.000000
-0.011844  0.011844  -0.011844
-0.005692  -0.000000  0.005692
0.001270  -0.000000  0.000000
-0.009771  0.011070  0.011070
-0.005692  -0.000000  -0.005692
-0.009771  0.011070  -0.011070
-0.011844  -0.011844  0.011844
-0.005692  -0.005692  0.000000
-0.009771  -0.011070  0.011070
-0.011844  -0.011844  -0.011844
-0.009771  -0.011070  -0.011070
-0.022616  -0.000000  0.000000
