0.876131  3.210592  1.823768
-0.615379  -1.607064  0.238640
3.708369  6.268546  -2.283630
1.385502  -5.664384  -1.111390
-5.785652  -2.495746  -4.684511
3.677654  2.000795  4.836908
1.315401  -0.747818  0.580698
0.050213  -3.916160  4.260283
0.889600  -2.461920  1.248537
0.564402  -0.790148  2.769736
-0.872199  1.451358  -2.106127
0.627906  5.248053  -3.414632
-2.471079  -1.211183  -0.213067
-0.467734  1.254960  2.397225
1.008643  0.753414  1.282668
-2.287405  0.054220  -3.589024
1.685850  -0.809854  -1.575651
1.575120  -2.714736  -0.842321
0.458038  0.930604  -1.549268
-2.312719  -3.498344  3.177266
-0.957971  2.648833  0.477194
-1.145770  -0.741592  -1.600039
0.314184  -1.016911  -0.779940
-0.763907  -2.768687  -0.576037
-1.343296  -1.511565  -0.128391
2.191760  -0.594386  2.047676
-2.053152  1.462739  -5.020181
3.254846  -1.033330  -0.477408
0.225481  -2.181559  2.676154
0.435710  -1.153762  2.889022
2.449096  1.120752  0.090496
-0.334351  0.723730  -2.436302
0.602625  -0.822812  -1.267301
1.327437  -0.450200  -1.229081
-1.426448  0.979468  -3.005011
-1.567025  -3.929270  1.435523
2.132458  1.756696  -0.913346
-0.339010  -2.557607  2.941908
-0.680167  1.156170  0.211417
1.978068  -2.002578  0.494343
-1.374272  4.032863  -1.214569
-1.929130  1.510604  -1.025716
0.331218  0.109626  -1.516383
-1.806161  1.614871  -0.635521
0.242773  0.581391  1.793735
-2.909493  -0.181470  2.826526
3.781293  3.501927  -1.499828
-2.134320  2.931793  0.258681
-0.007846  0.920368  2.491939
-3.664839  0.990837  -0.525990
-0.164026  -1.773306  -2.719139
-1.599874  1.465449  0.346745
-0.178156  0.690351  1.023518
-0.592777  -0.684241  -0.590384
0.181041  -2.536394  0.137999
1.063895  -3.090804  3.347667
2.221755  -0.530976  -0.857472
-2.443704  -2.126234  0.857329
2.034583  2.507411  -0.239891
-1.199790  -0.261293  1.966233
1.262116  2.509606  -0.346629
1.040482  1.073097  -0.479596
-4.274787  -0.775037  -0.705012
0.562259  3.513121  2.073590
-3.371438  1.250115  -4.154364
1.364668  -2.445807  2.761918
-1.826234  1.032624  1.934447
2.576682  2.218505  2.717828
0.458763  -1.005851  -1.068503
-1.485316  -2.323793  -1.307165
-0.368448  -0.757100  -0.654335
0.579636  -2.576096  1.900226
-1.051120  0.979640  1.601861
1.477637  -3.276761  -2.053155
2.411953  1.876915  1.195583
0.098654  -3.835271  0.499293
2.439562  0.754855  -1.866990
-2.378976  -1.153825  -0.409903
0.288076  -0.362952  -2.058387
0.317554  -3.589197  1.232369
-1.613488  1.306662  -4.579884
3.445341  2.428570  -1.125234
-4.729051  -0.314057  2.166026
-2.235221  3.011925  1.938150
2.760119  2.520831  -1.847723
-2.515307  -1.324536  -1.652344
0.778564  2.716384  4.299737
-1.501323  3.187703  0.507558
-0.352409  -1.646549  -5.122182
4.066927  -0.025907  -1.713968
-2.593634  -1.837351  6.917966
-0.817918  1.979059  -2.712312
-1.001818  1.652389  -1.044664
-0.040911  2.479385  2.067318
0.416489  -3.612565  -1.224772
0.438629  3.415956  -0.669118
-0.776815  -0.237805  -0.806499
2.101171  2.846686  -0.593409
-3.582165  -0.508013  0.006290
0.182354  0.399929  2.617674
1.573351  2.488943  -0.677504
0.376042  -3.408634  -1.281407
-2.974628  -1.722005  -0.179888
0.223569  1.702607  -2.572351
-1.757927  0.129228  -1.791553
-0.554195  -2.301356  2.536519
1.061913  0.677515  2.257297
2.676160  -0.474914  -2.659749
-1.587633  0.445246  -0.637059
0.857353  4.160504  -0.471489
0.003672  -0.892462  -1.081607
1.253796  2.924347  -3.803961
0.574072  0.057437  -0.823373
1.111417  2.607458  0.346929
1.366022  -3.847772  1.596469
-0.734903  -1.168060  2.499068
0.666540  1.534257  1.095209
-1.050599  -2.333692  -1.181757
3.019568  1.633445  -1.466991
-1.435980  1.898710  3.198541
-0.896829  -0.386570  -0.191441
0.580214  -3.829819  2.497056
1.430140  -1.662829  -1.979391
-0.858890  -0.383229  4.587755
2.235576  -0.653421  1.487189
3.169196  -0.032551  1.829655
1.974755  -0.343085  0.869195
-2.016429  -2.376870  -3.545331
