1.921067  -0.669431  -1.094506
0.702909  1.904068  -0.907266
0.236686  -3.361551  0.106577
3.880898  2.100491  1.101790
1.710927  2.184598  1.380213
-0.999803  -0.540271  -1.556403
-1.754386  3.068851  -5.435269
-1.152224  1.215262  -1.382225
1.356637  -2.613371  2.214845
1.911087  -1.222825  1.428596
-0.739018  -0.691250  0.659207
-3.984099  -2.798293  3.186381
2.439690  1.214077  3.846118
-2.237943  -1.856038  -2.376113
-0.747746  -3.692928  -1.669419
1.208754  2.145064  0.984213
2.410504  -0.633331  4.688916
-0.950251  -0.051972  -1.851540
-4.627723  -1.764916  2.087890
1.459562  1.008849  0.203388
-1.798448  -0.964093  -0.810551
0.269391  2.321708  -0.001199
-2.902932  -1.859826  -2.538546
0.024458  3.443058  0.794322
3.041455  -0.037224  1.043387
3.208896  -1.861201  0.378737
0.248786  -0.616341  0.061582
0.826687  1.378694  1.902346
1.397686  2.673774  2.884379
0.877430  -0.373019  0.400670
-1.827728  -3.541696  1.526530
-4.407504  2.198211  6.159935
-0.061159  -1.129978  1.172591
-1.890433  1.052827  0.984928
-0.638272  -0.481760  -0.393985
-0.348541  -0.355662  -1.190766
-4.267816  0.513854  1.587100
-0.555056  -2.366841  1.976606
4.014227  0.150865  -4.262363
-1.616108  -0.473504  1.393265
0.994067  -1.076468  5.297191
0.093710  2.293396  -1.946176
-0.778710  -1.082805  1.522954
-0.805329  -2.947115  -4.101819
0.128952  2.501756  0.546348
2.940608  -3.098813  4.481824
3.374282  -0.073299  -3.109555
1.564701  -0.955504  -1.372917
4.011687  1.107269  1.778395
-0.070720  0.084015  -0.293098
3.066562  2.500671  -2.181399
0.222801  -0.406499  0.797083
0.899244  1.646332  -4.533317
-1.845467  0.288966  -2.938593
0.098059  -2.872731  0.942284
-1.558820  -0.457932  2.516975
-3.401208  0.347969  -1.123614
0.703083  0.435965  1.629712
-1.560837  -0.121182  -3.484830
-2.170593  1.660525  -5.202506
0.666076  -0.544195  2.649565
-0.659960  0.818313  3.623179
3.303331  -1.432844  -4.392944
3.088287  2.300979  -1.961821
-2.054483  -2.245439  1.996367
1.072600  -1.828213  -0.407519
0.894262  -3.896920  -1.388361
3.091316  0.903615  0.773538
-0.775768  0.239711  1.446268
-4.273951  -1.695280  -3.918366
-0.144583  0.332122  -1.731497
1.494228  -0.589859  -0.953803
-3.741891  -2.033433  4.073783
-1.378620  5.242457  -0.871945
-0.423132  -0.372240  -0.048061
2.685828  -0.307071  -5.471881
-1.997915  1.985182  3.166384
-0.285523  -0.891454  1.659045
-3.696532  1.334603  -1.257424
3.631846  1.606495  -2.674401
1.924220  1.712855  0.284272
-3.673532  -1.396704  1.935643
2.719616  -2.012958  -0.877791
-3.601516  -3.594461  -0.134439
-1.070937  2.052767  0.217839
2.176050  -1.674083  -0.315746
-0.507642  -3.612984  2.463650
1.839974  -0.651479  3.038148
-1.888097  1.225959  1.440054
-0.202299  0.299659  4.291977
-0.206689  -0.491618  -1.797775
-0.567939  0.746227  0.838843
1.201340  1.554224  1.074894
-0.948767  -2.209174  -1.439468
1.521688  1.949363  -2.202106
-2.741782  -1.615975  -1.154918
-1.192729  -2.926503  -2.151581
0.950004  2.281220  5.249576
0.267392  1.745586  0.621134
-2.384812  -1.753278  -2.158058
-0.594483  2.090503  -2.465393
4.910714  -0.992257  -1.472904
0.683788  1.597923  5.414137
3.437568  0.259184  0.207279
-3.914064  0.392713  -2.191672
4.786830  -4.033262  -2.308400
0.938111  -1.047689  -3.296336
3.285034  4.415800  0.296794
-0.159753  -0.025750  4.274381
2.261790  1.470437  -0.551148
-2.606999  2.723407  1.645345
-2.884406  -2.663476  -1.291573
-2.540729  1.182039  0.570235
3.224306  2.647836  -1.204831
-2.600415  -1.163571  4.652342
0.903117  -5.383726  -1.341704
-2.170677  0.259634  -2.043842
2.356847  -1.133694  2.096475
-1.278225  1.913478  -2.229023
-3.616987  4.512350  -1.333683
2.095776  2.781807  -5.275746
-2.006163  -0.262848  0.135640
-2.232281  1.202623  -2.302064
-0.188195  1.564355  -4.338829
1.833126  1.682876  1.813050
0.243595  -0.619240  0.312992
3.091121  2.919964  1.806272
-2.913926  -1.238030  -1.021352
