0.353941  0.004091  0.000781
0.353992  0.004101  0.000708
0.354017  0.004139  -0.000002
0.354009  0.004040  0.001418
0.354002  0.004149  -0.000068
0.354003  0.004074  0.001411
0.353956  0.004124  0.000617
0.353953  0.004121  0.000762
0.354031  0.004141  -0.000067
0.354031  0.004035  0.001464
0.354039  0.004120  -0.000025
0.354010  0.004024  0.001496
0.353975  0.004111  0.000714
0.353932  0.004093  0.000646
0.354019  0.004157  -0.000034
0.353989  0.004090  0.001462
0.354027  0.004161  -0.000009
0.354013  0.004066  0.001425
0.353909  0.004146  0.000737
0.353947  0.004144  0.000651
0.354014  0.004189  -0.000062
0.354037  0.004087  0.001389
0.353999  0.004168  -0.000076
0.354035  0.004068  0.001437
0.353927  0.004103  0.000618
0.353924  0.004093  0.000814
0.354018  0.004167  -0.000065
0.354038  0.004075  0.001458
0.354026  0.004201  -0.000077
0.354035  0.004101  0.001455
0.353957  0.004098  0.000742
0.353912  0.004121  0.000634
0.354018  0.004152  0.000007
0.354014  0.004047  0.001490
0.354021  0.004151  0.000037
0.354021  0.004043  0.001460
-0.359601  -0.011729  0.007681
-0.359636  -0.011652  0.007719
0.026562  0.029946  0.008669
0.026567  0.029951  0.008576
0.026557  0.029909  0.008555
0.026559  0.030015  0.008605
-0.359578  -0.011720  0.007561
-0.359590  -0.011656  0.007804
-0.359605  -0.011683  0.007793
-0.359605  -0.011722  0.007702
0.026542  0.029919  0.008446
0.026539  0.030021  0.008648
-0.359594  -0.011705  0.007499
-0.359612  -0.011623  0.007740
0.026598  0.029959  0.008515
0.026592  0.029959  0.008644
0.026588  0.029922  0.008420
0.026581  0.030022  0.008662
-0.359600  -0.011721  0.007600
-0.359624  -0.011655  0.007830
-0.359630  -0.011706  0.007617
-0.359624  -0.011695  0.007757
0.026570  0.029908  0.008500
0.026580  0.030014  0.008750
-0.359579  -0.011715  0.007639
-0.359591  -0.011644  0.007886
0.026579  0.029949  0.008605
0.026557  0.029946  0.008560
0.026547  0.029928  0.008532
0.026533  0.030038  0.008762
-0.359596  -0.011711  0.007657
-0.359609  -0.011624  0.007717
-0.359612  -0.011671  0.007685
-0.359603  -0.011667  0.007637
0.026577  0.029929  0.008560
0.026560  0.030028  0.008625
-0.359589  -0.011729  0.007675
-0.359582  -0.011592  0.007705
0.026549  0.030001  0.008638
0.026558  0.030005  0.008568
0.026525  0.029978  0.008539
0.026543  0.030040  0.008598
-0.359569  -0.011707  0.007542
-0.359570  -0.011576  0.007775
-0.359588  -0.011640  0.007781
-0.359586  -0.011627  0.007687
0.026518  0.029961  0.008445
0.026518  0.030035  0.008673
-0.359568  -0.011728  0.007519
-0.359551  -0.011585  0.007769
0.026580  0.029977  0.008528
0.026600  0.029988  0.008674
0.026548  0.029947  0.008444
0.026552  0.030016  0.008681
-0.359571  -0.011737  0.007608
-0.359553  -0.011580  0.007849
-0.359589  -0.011632  0.007598
-0.359576  -0.011627  0.007745
0.026526  0.029979  0.008502
0.026536  0.030035  0.008743
-0.359571  -0.011700  0.007638
-0.359572  -0.011580  0.007890
0.026584  0.029984  0.008602
0.026569  0.029979  0.008535
0.026529  0.029953  0.008551
0.026517  0.030017  0.008787
-0.359584  -0.011712  0.007689
-0.359581  -0.011581  0.007730
-0.359578  -0.011628  0.007703
-0.359595  -0.011631  0.007644
0.026554  0.029938  0.008585
0.026535  0.030010  0.008646
-0.022882  -0.123154  -0.127127
-0.022837  -0.123267  -0.125759
-0.851911  0.241620  0.390290
-0.851987  0.241650  0.390217
-0.852015  0.241550  0.390214
-0.851980  0.241677  0.390235
-0.022916  -0.123167  -0.127247
-0.022882  -0.123272  -0.125691
-0.022861  -0.123230  -0.126327
-0.022851  -0.123246  -0.126436
-0.851940  0.241593  0.390091
-0.851915  0.241707  0.390268
-0.022859  -0.123134  -0.127308
-0.022837  -0.123238  -0.125776
-0.852021  0.241674  0.390162
-0.851979  0.241638  0.390279
-0.852024  0.241603  0.390093
-0.851920  0.241719  0.390275
-0.022886  -0.123130  -0.127209
-0.022840  -0.123241  -0.125661
-0.022819  -0.123238  -0.126540
-0.022809  -0.123213  -0.126375
-0.852025  0.241550  0.390163
-0.851952  0.241666  0.390375
-0.022900  -0.123160  -0.127215
-0.022887  -0.123263  -0.125628
-0.851961  0.241647  0.390211
-0.851910  0.241659  0.390159
-0.851935  0.241577  0.390124
-0.851857  0.241694  0.390310
-0.022855  -0.123151  -0.127189
-0.022858  -0.123242  -0.125808
-0.022832  -0.123200  -0.126508
-0.022858  -0.123204  -0.126569
-0.852012  0.241597  0.390186
-0.851892  0.241722  0.390183
-0.022876  -0.123188  -0.127130
-0.022882  -0.123237  -0.125772
-0.851845  0.241631  0.390251
-0.851921  0.241639  0.390222
-0.851960  0.241597  0.390173
-0.851993  0.241740  0.390193
-0.022896  -0.123182  -0.127279
-0.022912  -0.123238  -0.125727
-0.022903  -0.123177  -0.126350
-0.022902  -0.123163  -0.126467
-0.851876  0.241604  0.390053
-0.851920  0.241745  0.390260
-0.022846  -0.123198  -0.127271
-0.022871  -0.123261  -0.125742
-0.851935  0.241633  0.390194
-0.851882  0.241596  0.390316
-0.851960  0.241587  0.390111
-0.851960  0.241724  0.390274
-0.022865  -0.123186  -0.127180
-0.022881  -0.123245  -0.125643
-0.022873  -0.123158  -0.126574
-0.022861  -0.123177  -0.126376
-0.851969  0.241574  0.390144
-0.851977  0.241707  0.390349
-0.022872  -0.123162  -0.127226
-0.022911  -0.123240  -0.125656
-0.851847  0.241618  0.390209
-0.851834  0.241656  0.390119
-0.851865  0.241547  0.390128
-0.851868  0.241688  0.390328
-0.022831  -0.123179  -0.127164
-0.022868  -0.123260  -0.125803
-0.022883  -0.123195  -0.126490
-0.022897  -0.123199  -0.126570
-0.851939  0.241547  0.390211
-0.851914  0.241690  0.390195
0.851820  -0.241591  -0.390400
0.851985  -0.241854  -0.390502
0.022937  0.123088  0.126147
0.022956  0.123063  0.126126
0.022945  0.123494  0.126538
0.022936  0.123547  0.126442
0.851784  -0.241573  -0.390518
0.851944  -0.241830  -0.390464
0.851587  -0.241723  -0.389480
0.851620  -0.241715  -0.389535
0.022945  0.123517  0.126379
0.022921  0.123568  0.126462
0.851806  -0.241547  -0.390552
0.851942  -0.241822  -0.390442
0.022989  0.123078  0.126033
0.023007  0.123108  0.126126
0.023020  0.123479  0.126397
0.022981  0.123522  0.126492
0.851827  -0.241594  -0.390469
0.851972  -0.241878  -0.390395
0.851615  -0.241719  -0.389573
0.851626  -0.241761  -0.389428
0.022986  0.123466  0.126518
0.022975  0.123528  0.126578
0.851799  -0.241587  -0.390448
0.851927  -0.241845  -0.390390
0.022996  0.123117  0.126093
0.022942  0.123112  0.126030
0.022976  0.123517  0.126487
0.022917  0.123563  0.126554
0.851815  -0.241551  -0.390405
0.851962  -0.241810  -0.390491
0.851586  -0.241721  -0.389466
0.851566  -0.241689  -0.389554
0.022998  0.123504  0.126533
0.022937  0.123547  0.126455
0.851877  -0.241538  -0.390439
0.852013  -0.241850  -0.390530
0.022915  0.123063  0.126150
0.022944  0.123076  0.126080
0.022923  0.123417  0.126540
0.022926  0.123495  0.126444
0.851839  -0.241544  -0.390534
0.851974  -0.241867  -0.390462
0.851573  -0.241817  -0.389438
0.851598  -0.241770  -0.389522
0.022925  0.123399  0.126426
0.022916  0.123482  0.126502
0.851864  -0.241554  -0.390530
0.851971  -0.241884  -0.390431
0.022964  0.123057  0.126017
0.022979  0.123034  0.126161
0.022981  0.123428  0.126367
0.022969  0.123528  0.126464
0.851879  -0.241566  -0.390494
0.851980  -0.241889  -0.390419
0.851577  -0.241742  -0.389596
0.851581  -0.241777  -0.389472
0.022963  0.123435  0.126465
0.022967  0.123532  0.126530
0.851829  -0.241601  -0.390407
0.851947  -0.241936  -0.390352
0.022963  0.123038  0.126132
0.022928  0.123044  0.126053
0.022947  0.123409  0.126523
0.022921  0.123510  0.126571
0.851878  -0.241596  -0.390349
0.851986  -0.241920  -0.390439
0.851566  -0.241780  -0.389482
0.851544  -0.241790  -0.389515
0.022965  0.123414  0.126544
0.022932  0.123526  0.126447
-0.026422  -0.029899  -0.008751
-0.026558  -0.030200  -0.008807
0.359301  0.011548  -0.006981
0.359300  0.011522  -0.006989
0.359487  0.011783  -0.007854
0.359615  0.011416  -0.007952
-0.026425  -0.029897  -0.008914
-0.026577  -0.030205  -0.008810
-0.026234  -0.030070  -0.007903
-0.026238  -0.030082  -0.007910
0.359476  0.011801  -0.008058
0.359615  0.011447  -0.007934
-0.026383  -0.029857  -0.008933
-0.026530  -0.030174  -0.008829
0.359294  0.011550  -0.007084
0.359276  0.011577  -0.006975
0.359450  0.011782  -0.008007
0.359569  0.011387  -0.007919
-0.026409  -0.029884  -0.008794
-0.026548  -0.030198  -0.008697
-0.026213  -0.030111  -0.007952
-0.026205  -0.030102  -0.007851
0.359460  0.011766  -0.007867
0.359582  0.011396  -0.007793
-0.026390  -0.029858  -0.008845
-0.026560  -0.030172  -0.008773
0.359267  0.011579  -0.007059
0.359294  0.011569  -0.007152
0.359453  0.011790  -0.007953
0.359599  0.011416  -0.007854
-0.026383  -0.029836  -0.008815
-0.026550  -0.030157  -0.008905
-0.026202  -0.030090  -0.007937
-0.026239  -0.030067  -0.008028
0.359460  0.011782  -0.007896
0.359589  0.011406  -0.007995
-0.026446  -0.029884  -0.008791
-0.026596  -0.030223  -0.008860
0.359312  0.011515  -0.006977
0.359302  0.011527  -0.007045
0.359544  0.011740  -0.007851
0.359676  0.011411  -0.007937
-0.026456  -0.029888  -0.008941
-0.026609  -0.030251  -0.008828
-0.026245  -0.030141  -0.007864
-0.026240  -0.030128  -0.007914
0.359502  0.011723  -0.008009
0.359656  0.011394  -0.007890
-0.026415  -0.029927  -0.008916
-0.026555  -0.030257  -0.008819
0.359271  0.011522  -0.007113
0.359247  0.011488  -0.006968
0.359474  0.011767  -0.008038
0.359617  0.011439  -0.007940
-0.026438  -0.029894  -0.008811
-0.026576  -0.030237  -0.008736
-0.026212  -0.030109  -0.008000
-0.026207  -0.030093  -0.007894
0.359504  0.011762  -0.007928
0.359630  0.011446  -0.007840
-0.026432  -0.029909  -0.008834
-0.026601  -0.030256  -0.008738
0.359240  0.011495  -0.007030
0.359268  0.011503  -0.007107
0.359459  0.011734  -0.007927
0.359625  0.011411  -0.007839
-0.026422  -0.029925  -0.008778
-0.026584  -0.030273  -0.008852
-0.026195  -0.030114  -0.007928
-0.026232  -0.030145  -0.007983
0.359477  0.011741  -0.007879
0.359635  0.011431  -0.007996
-0.353943  -0.003968  -0.000624
-0.353973  -0.003858  -0.000648
-0.353939  -0.003948  -0.000708
-0.353968  -0.003831  -0.000662
-0.353916  -0.004205  -0.001044
-0.353927  -0.004221  -0.001043
-0.353955  -0.003915  -0.000769
-0.354012  -0.003807  -0.000680
-0.353966  -0.003952  -0.000682
-0.353986  -0.003843  -0.000613
-0.353916  -0.004271  -0.001048
-0.353937  -0.004280  -0.000995
-0.353979  -0.003900  -0.000709
-0.353989  -0.003793  -0.000661
-0.353969  -0.003882  -0.000709
-0.354009  -0.003795  -0.000729
-0.353985  -0.004266  -0.001046
-0.353935  -0.004233  -0.001095
-0.353978  -0.003854  -0.000702
-0.353982  -0.003742  -0.000726
-0.353988  -0.003889  -0.000720
-0.353993  -0.003781  -0.000652
-0.353885  -0.004264  -0.000954
-0.353921  -0.004237  -0.001029
-0.353979  -0.003939  -0.000733
-0.353999  -0.003789  -0.000674
-0.353975  -0.003880  -0.000720
-0.353972  -0.003763  -0.000679
-0.353892  -0.004200  -0.001118
-0.353892  -0.004191  -0.001062
-0.354020  -0.003937  -0.000662
-0.353988  -0.003818  -0.000572
-0.354012  -0.003959  -0.000656
-0.354004  -0.003822  -0.000653
-0.353938  -0.004218  -0.001056
-0.353891  -0.004252  -0.001033
