0.000001  0.076153  -0.000002
-0.000001  0.076497  -0.000002
-0.000000  -0.075883  0.000670
-0.000002  -0.075368  -0.000572
-0.000001  0.076161  0.000002
0.000002  0.076168  0.000005
0.000001  -0.075882  -0.000667
0.000002  -0.075367  0.000573
0.000001  0.076154  0.000002
0.000002  0.076495  0.000002
0.000002  -0.075881  0.000672
0.000002  -0.075367  -0.000572
0.000002  0.076159  0.000000
0.000001  0.076169  -0.000004
0.000003  -0.075883  -0.000672
0.000002  -0.075370  0.000571
0.000002  0.076181  -0.000001
0.000000  0.075851  -0.000000
0.000001  -0.076227  0.000086
0.000001  -0.077225  -0.000389
0.000001  0.076178  0.000003
0.000005  0.076212  0.000001
0.000002  -0.076228  -0.000084
0.000001  -0.077228  0.000390
0.000001  0.076183  0.000001
0.000003  0.075850  0.000001
0.000001  -0.076226  0.000087
0.000001  -0.077226  -0.000387
0.000003  0.076179  -0.000003
-0.000000  0.076212  0.000001
0.000001  -0.076226  -0.000088
0.000001  -0.077224  0.000386
0.000001  0.076158  -0.000002
0.000001  0.076496  -0.000004
0.000001  -0.075882  0.000670
0.000002  -0.075365  -0.000575
0.000003  0.076163  0.000001
0.000003  0.076172  -0.000001
0.000002  -0.075881  -0.000669
-0.000001  -0.075364  0.000574
0.000003  0.076158  0.000003
0.000002  0.076496  0.000003
0.000003  -0.075881  0.000672
0.000003  -0.075364  -0.000572
-0.000001  0.076164  0.000001
0.000002  0.076170  -0.000001
0.000003  -0.075883  -0.000672
0.000002  -0.075365  0.000571
0.000002  0.076182  -0.000002
0.000002  0.075847  -0.000001
-0.000002  -0.076230  0.000084
0.000002  -0.077225  -0.000387
0.000000  0.076182  0.000002
0.000002  0.076208  0.000004
0.000001  -0.076232  -0.000084
0.000002  -0.077226  0.000388
0.000003  0.076183  0.000001
0.000002  0.075847  0.000002
0.000002  -0.076230  0.000086
0.000003  -0.077227  -0.000388
0.000004  0.076180  -0.000002
0.000002  0.076211  -0.000001
0.000001  -0.076228  -0.000089
0.000004  -0.077224  0.000386
-0.000001  0.076152  -0.000004
0.000000  0.076494  -0.000002
-0.000000  -0.075882  0.000671
-0.000001  -0.075366  -0.000573
0.000002  0.076160  0.000003
0.000001  0.076170  0.000004
-0.000000  -0.075883  -0.000669
-0.000000  -0.075367  0.000573
0.000001  0.076154  0.000002
0.000000  0.076495  0.000001
0.000000  -0.075881  0.000669
-0.000001  -0.075366  -0.000572
-0.000001  0.076159  -0.000000
0.000000  0.076169  -0.000003
0.000001  -0.075881  -0.000674
-0.000001  -0.075368  0.000571
-0.000000  0.076182  -0.000001
-0.000001  0.075851  -0.000002
0.000002  -0.076227  0.000086
0.000001  -0.077223  -0.000388
0.000001  0.076180  0.000002
-0.000002  0.076212  0.000001
0.000001  -0.076229  -0.000086
0.000001  -0.077226  0.000391
0.000002  0.076181  0.000000
0.000000  0.075848  0.000002
0.000001  -0.076229  0.000087
0.000003  -0.077226  -0.000388
0.000000  0.076178  -0.000002
0.000000  0.076215  -0.000002
0.000000  -0.076225  -0.000087
-0.000000  -0.077224  0.000386
0.000001  0.076158  -0.000004
-0.000001  0.076498  -0.000003
0.000001  -0.075883  0.000670
0.000002  -0.075364  -0.000573
0.000001  0.076162  0.000001
0.000000  0.076173  0.000003
0.000001  -0.075881  -0.000669
0.000004  -0.075363  0.000575
0.000001  0.076155  0.000003
-0.000001  0.076496  0.000003
-0.000001  -0.075884  0.000669
0.000001  -0.075363  -0.000573
0.000003  0.076164  -0.000002
-0.000000  0.076171  -0.000000
-0.000002  -0.075883  -0.000672
0.000000  -0.075361  0.000568
0.000002  0.076182  -0.000003
-0.000001  0.075847  -0.000001
0.000000  -0.076231  0.000086
0.000001  -0.077226  -0.000388
0.000000  0.076178  0.000002
-0.000000  0.076211  0.000003
-0.000001  -0.076229  -0.000085
0.000001  -0.077226  0.000391
0.000003  0.076185  0.000002
-0.000003  0.075846  0.000001
-0.000000  -0.076232  0.000086
0.000001  -0.077225  -0.000387
-0.000001  0.076178  -0.000001
-0.000001  0.076210  -0.000003
-0.000002  -0.076229  -0.000090
0.000001  -0.077228  0.000384
-0.000001  0.076153  -0.000001
-0.000000  0.076497  -0.000001
-0.000001  -0.075881  0.000672
0.000001  -0.075366  -0.000571
-0.000000  0.076161  0.000004
-0.000001  0.076170  0.000003
-0.000002  -0.075883  -0.000669
-0.000000  -0.075366  0.000574
-0.000001  0.076155  0.000002
-0.000001  0.076494  0.000001
-0.000002  -0.075883  0.000667
-0.000001  -0.075366  -0.000574
-0.000000  0.076159  -0.000002
-0.000002  0.076171  -0.000002
-0.000002  -0.075883  -0.000671
0.000001  -0.075366  0.000570
0.000001  0.076183  -0.000002
-0.000000  0.075847  -0.000001
-0.000002  -0.076227  0.000087
-0.000001  -0.077226  -0.000387
-0.000000  0.076180  0.000002
0.000000  0.076212  -0.000001
-0.000002  -0.076226  -0.000085
-0.000001  -0.077226  0.000390
-0.000001  0.076182  0.000001
-0.000002  0.075849  0.000001
-0.000002  -0.076228  0.000087
-0.000001  -0.077224  -0.000388
-0.000002  0.076179  -0.000001
-0.000002  0.076213  0.000000
-0.000001  -0.076226  -0.000088
-0.000001  -0.077227  0.000385
-0.000002  0.076157  -0.000003
-0.000003  0.076495  -0.000001
-0.000003  -0.075878  0.000671
-0.000002  -0.075365  -0.000573
-0.000001  0.076164  0.000003
-0.000001  0.076171  0.000001
-0.000005  -0.075882  -0.000669
-0.000002  -0.075364  0.000574
-0.000002  0.076159  0.000003
-0.000003  0.076496  0.000002
-0.000004  -0.075885  0.000668
-0.000002  -0.075363  -0.000572
-0.000003  0.076164  -0.000002
-0.000004  0.076171  -0.000002
-0.000003  -0.075881  -0.000673
-0.000003  -0.075365  0.000571
-0.000002  0.076181  -0.000001
-0.000002  0.075847  -0.000002
-0.000002  -0.076230  0.000087
-0.000002  -0.077229  -0.000388
-0.000001  0.076179  0.000002
-0.000002  0.076211  0.000002
-0.000002  -0.076227  -0.000085
-0.000000  -0.077228  0.000389
-0.000003  0.076183  0.000001
-0.000004  0.075849  -0.000000
-0.000004  -0.076230  0.000083
-0.000003  -0.077225  -0.000389
-0.000002  0.076178  -0.000002
-0.000002  0.076209  -0.000002
-0.000003  -0.076231  -0.000088
-0.000001  -0.077226  0.000386
-0.000001  0.076154  -0.000000
0.000001  0.076496  -0.000001
0.000002  -0.075882  0.000672
-0.000000  -0.075367  -0.000571
-0.000001  0.076160  0.000005
0.000001  0.076169  0.000002
0.000000  -0.075882  -0.000671
-0.000002  -0.075368  0.000575
-0.000002  0.076155  0.000001
-0.000000  0.076495  -0.000000
-0.000000  -0.075883  0.000670
-0.000001  -0.075364  -0.000575
-0.000004  0.076160  -0.000001
-0.000001  0.076171  -0.000001
0.000000  -0.075882  -0.000670
-0.000001  -0.075365  0.000570
-0.000002  0.076183  -0.000002
-0.000002  0.075847  0.000000
0.000002  -0.076228  0.000086
0.000000  -0.077226  -0.000389
-0.000000  0.076179  0.000002
-0.000001  0.076210  0.000000
-0.000003  -0.076227  -0.000085
0.000001  -0.077227  0.000389
-0.000003  0.076182  -0.000000
-0.000002  0.075849  0.000000
-0.000002  -0.076228  0.000085
-0.000001  -0.077224  -0.000386
0.000000  0.076180  -0.000001
-0.000002  0.076210  -0.000000
-0.000001  -0.076230  -0.000087
0.000001  -0.077225  0.000386
-0.000003  0.076156  -0.000002
-0.000001  0.076497  -0.000001
-0.000001  -0.075882  0.000672
-0.000001  -0.075366  -0.000572
-0.000002  0.076163  0.000002
-0.000002  0.076173  -0.000001
-0.000001  -0.075880  -0.000672
-0.000003  -0.075367  0.000573
-0.000004  0.076156  0.000002
-0.000001  0.076495  0.000002
-0.000004  -0.075884  0.000670
-0.000003  -0.075364  -0.000572
-0.000004  0.076162  -0.000001
-0.000001  0.076170  -0.000001
-0.000001  -0.075880  -0.000671
-0.000004  -0.075368  0.000571
-0.000004  0.076182  -0.000002
0.000000  0.075850  -0.000001
0.000001  -0.076228  0.000088
-0.000002  -0.077228  -0.000386
-0.000002  0.076177  0.000001
-0.000002  0.076211  0.000002
-0.000002  -0.076228  -0.000084
-0.000002  -0.077226  0.000391
-0.000003  0.076183  0.000002
-0.000004  0.075851  -0.000001
0.000000  -0.076229  0.000085
-0.000002  -0.077227  -0.000387
-0.000003  0.076180  -0.000001
-0.000002  0.076212  -0.000001
0.000002  -0.076227  -0.000089
-0.000002  -0.077228  0.000384
-0.000000  0.076155  -0.000001
0.000000  0.076497  0.000000
-0.000002  -0.075882  0.000671
0.000002  -0.075364  -0.000570
-0.000001  0.076164  0.000001
0.000001  0.076170  0.000000
0.000000  -0.075883  -0.000670
-0.000001  -0.075364  0.000573
-0.000003  0.076157  0.000000
-0.000002  0.076497  0.000000
0.000001  -0.075883  0.000669
0.000001  -0.075367  -0.000572
-0.000002  0.076162  -0.000001
-0.000001  0.076171  -0.000002
0.000000  -0.075882  -0.000671
-0.000000  -0.075366  0.000569
-0.000001  0.076183  -0.000000
0.000001  0.075849  -0.000000
-0.000001  -0.076228  0.000085
0.000001  -0.077228  -0.000389
-0.000001  0.076177  0.000000
0.000001  0.076213  0.000004
-0.000002  -0.076230  -0.000087
-0.000000  -0.077228  0.000387
0.000001  0.076183  0.000000
0.000000  0.075848  0.000001
-0.000001  -0.076229  0.000086
-0.000003  -0.077228  -0.000388
-0.000002  0.076180  -0.000002
0.000001  0.076211  -0.000001
-0.000002  -0.076229  -0.000087
-0.000002  -0.077225  0.000388
0.000002  0.076154  -0.000001
0.000000  0.076497  -0.000002
0.000000  -0.075883  0.000670
-0.000002  -0.075366  -0.000571
-0.000001  0.076160  0.000002
-0.000000  0.076171  -0.000000
-0.000000  -0.075881  -0.000670
-0.000002  -0.075367  0.000573
-0.000001  0.076155  0.000001
0.000000  0.076495  0.000001
0.000002  -0.075882  0.000669
-0.000002  -0.075366  -0.000571
-0.000002  0.076163  -0.000001
-0.000002  0.076172  0.000002
-0.000000  -0.075881  -0.000671
0.000000  -0.075365  0.000572
0.000000  0.076182  -0.000001
-0.000001  0.075850  -0.000001
-0.000001  -0.076227  0.000087
-0.000001  -0.077225  -0.000386
0.000000  0.076179  0.000001
-0.000000  0.076211  0.000001
0.000002  -0.076229  -0.000087
-0.000002  -0.077226  0.000387
-0.000002  0.076184  0.000001
-0.000001  0.075849  0.000001
-0.000001  -0.076227  0.000085
-0.000002  -0.077226  -0.000387
-0.000002  0.076180  0.000001
-0.000001  0.076211  -0.000001
-0.000002  -0.076227  -0.000087
-0.000001  -0.077226  0.000388
0.000000  0.076155  -0.000002
-0.000000  0.076496  0.000002
-0.000001  -0.075884  0.000670
-0.000001  -0.075366  -0.000570
0.000001  0.076163  0.000002
-0.000001  0.076170  0.000000
-0.000001  -0.075884  -0.000670
0.000001  -0.075368  0.000572
0.000001  0.076156  0.000001
-0.000001  0.076496  0.000000
0.000001  -0.075884  0.000670
0.000001  -0.075368  -0.000572
0.000002  0.076161  -0.000001
-0.000001  0.076173  0.000000
0.000000  -0.075884  -0.000671
-0.000000  -0.075366  0.000571
-0.000001  0.076182  0.000000
0.000001  0.075849  -0.000002
0.000001  -0.076228  0.000084
-0.000000  -0.077228  -0.000387
0.000000  0.076179  0.000001
-0.000002  0.076208  -0.000001
0.000001  -0.076229  -0.000085
-0.000002  -0.077228  0.000388
-0.000001  0.076183  0.000001
-0.000000  0.075849  -0.000001
0.000001  -0.076231  0.000087
-0.000001  -0.077228  -0.000388
0.000001  0.076178  -0.000001
0.000002  0.076209  0.000001
0.000001  -0.076228  -0.000085
0.000001  -0.077227  0.000388
-0.000000  0.076155  0.000000
0.000001  0.076497  -0.000003
0.000001  -0.075881  0.000670
0.000000  -0.075365  -0.000572
-0.000002  0.076161  0.000000
0.000001  0.076170  -0.000001
0.000001  -0.075881  -0.000668
-0.000001  -0.075366  0.000572
-0.000002  0.076155  0.000001
0.000000  0.076497  0.000001
0.000002  -0.075882  0.000672
0.000001  -0.075364  -0.000572
-0.000002  0.076161  -0.000000
0.000003  0.076172  0.000000
0.000002  -0.075882  -0.000671
0.000001  -0.075367  0.000574
-0.000000  0.076183  -0.000001
0.000000  0.075849  -0.000002
0.000002  -0.076227  0.000086
-0.000001  -0.077227  -0.000386
-0.000002  0.076181  0.000000
-0.000001  0.076212  -0.000001
-0.000000  -0.076227  -0.000084
-0.000000  -0.077226  0.000386
0.000002  0.076183  -0.000001
0.000004  0.075852  0.000000
0.000000  -0.076227  0.000085
-0.000000  -0.077223  -0.000388
0.000001  0.076180  0.000002
0.000003  0.076212  -0.000001
0.000003  -0.076229  -0.000086
-0.000001  -0.077227  0.000387
0.000001  0.076154  -0.000001
0.000001  0.076494  -0.000001
-0.000000  -0.075883  0.000670
0.000000  -0.075366  -0.000572
0.000002  0.076162  0.000000
-0.000002  0.076170  0.000002
0.000001  -0.075883  -0.000670
-0.000000  -0.075366  0.000572
0.000001  0.076152  0.000001
0.000001  0.076497  0.000001
0.000001  -0.075885  0.000670
0.000001  -0.075366  -0.000572
0.000001  0.076160  -0.000001
0.000002  0.076168  -0.000003
0.000001  -0.075883  -0.000671
0.000000  -0.075368  0.000572
-0.000001  0.076183  0.000001
-0.000000  0.075851  -0.000003
-0.000000  -0.076227  0.000083
0.000000  -0.077226  -0.000388
0.000001  0.076177  0.000001
-0.000001  0.076210  0.000000
0.000000  -0.076228  -0.000085
-0.000001  -0.077228  0.000388
0.000001  0.076181  0.000002
0.000002  0.075847  0.000002
0.000002  -0.076227  0.000088
0.000002  -0.077226  -0.000387
-0.000001  0.076179  -0.000000
0.000001  0.076212  -0.000001
0.000001  -0.076227  -0.000088
0.000001  -0.077224  0.000387
0.000003  0.076155  -0.000001
0.000003  0.076494  -0.000001
0.000001  -0.075881  0.000670
0.000002  -0.075365  -0.000574
0.000001  0.076165  -0.000000
0.000001  0.076171  0.000001
0.000003  -0.075879  -0.000668
0.000003  -0.075365  0.000571
0.000002  0.076156  0.000001
0.000004  0.076497  0.000002
0.000005  -0.075883  0.000671
0.000004  -0.075365  -0.000571
0.000005  0.076163  0.000001
0.000003  0.076169  0.000002
0.000002  -0.075884  -0.000671
0.000002  -0.075366  0.000572
0.000002  0.076184  -0.000000
0.000001  0.075848  -0.000001
0.000003  -0.076229  0.000086
0.000001  -0.077226  -0.000388
0.000003  0.076179  0.000001
0.000002  0.076210  0.000001
0.000001  -0.076230  -0.000084
0.000002  -0.077227  0.000390
0.000001  0.076184  -0.000001
0.000002  0.075850  0.000000
0.000003  -0.076229  0.000085
0.000004  -0.077225  -0.000387
0.000001  0.076180  0.000000
0.000001  0.076211  -0.000001
0.000003  -0.076229  -0.000087
0.000002  -0.077225  0.000387
