-0.016030  0.588612  0.165760
0.983959  -1.618913  1.276211
-0.390793  1.167361  -0.329101
0.382765  0.182522  -0.441503
0.405708  0.700809  -0.018346
0.708559  0.130588  -0.908358
2.462223  -0.573084  0.101497
3.907989  -6.773198  1.175283
0.481418  -2.091036  -0.607776
-0.377074  0.530623  -2.257911
0.759526  -1.033956  -0.268034
-0.695455  -0.316691  0.534482
0.195174  -0.206863  -0.039148
0.258131  -1.148259  0.005252
0.414391  0.294775  0.790735
1.421236  0.984105  -1.636853
1.887444  3.594135  -3.742071
-0.552512  -0.322689  -1.281667
-1.767657  -0.422438  0.346195
-2.617151  0.594001  1.924278
0.965196  1.415177  2.916027
-2.985576  -2.105590  0.906546
0.597963  -0.529243  1.218160
2.760861  0.578489  -1.257353
0.326002  -0.557165  -0.860384
-0.544475  0.039741  -0.298391
0.258927  -1.885889  1.271793
0.984917  -0.969631  -0.690636
1.253489  0.137374  -0.797070
1.187134  0.126598  -0.307531
0.429695  -0.740316  1.481236
0.743829  -0.991449  -0.047406
-1.790554  -1.132054  -0.549356
-0.499439  0.013458  0.669133
-0.528219  0.234863  -0.368116
0.542083  -0.177905  0.081345
0.710471  0.707234  0.479595
-2.457582  2.089394  0.758489
-2.700662  -1.937370  -4.714092
1.633030  3.106636  1.711835
0.130710  1.523121  -1.034381
-3.442669  1.520469  1.411148
0.668013  0.432436  -1.359832
-0.290962  -0.212514  -1.280041
-1.477659  -1.631049  0.050257
-0.818333  0.263631  -1.911239
0.126564  -0.832468  -1.428013
3.197924  -1.756896  -3.565428
-0.209053  -0.583053  -0.667137
-0.683725  0.149529  -0.296345
0.046658  -0.043413  0.531086
-0.041748  -1.117441  -0.962423
-0.331066  1.149917  -0.251344
-0.767072  1.288279  2.351942
0.549996  -0.937431  0.475587
-1.096715  0.823680  -0.495052
0.564177  -0.353126  0.255672
3.057461  -2.961957  2.257624
0.201227  -0.280830  -0.088197
0.744801  1.297285  -0.609802
-0.508395  -0.121514  0.149441
-0.145049  -0.467046  0.042346
1.100728  0.917177  0.616081
0.306478  1.061857  -0.210638
-1.933039  -0.922169  1.424096
2.200307  -0.153707  -0.012291
0.642854  -1.762589  1.400288
-0.844262  0.806392  1.686750
-0.275899  -0.296102  1.521912
0.656622  -0.763261  -2.386645
-2.872964  -0.786522  -0.192777
-0.961866  0.038723  0.620863
1.207951  0.442308  0.674862
0.722908  -0.061333  -0.830924
0.142136  0.123513  1.151135
1.520422  0.840753  -1.475229
-0.065848  1.977050  2.821635
0.156038  -0.889434  -0.987671
1.070032  4.437324  1.264309
-0.033501  -1.938685  0.215105
0.193185  -1.131271  -0.727677
0.360025  -0.603072  0.533970
0.545602  1.749557  0.791084
1.058701  0.380051  -0.203087
0.379291  -0.114078  1.731339
-0.730496  -0.249730  -0.277507
2.733629  -1.522206  -1.412032
0.574490  1.584990  1.465156
0.301132  -0.390693  1.029666
3.848212  2.161519  1.267867
0.655448  1.441204  -1.240374
0.752061  0.262042  0.268347
-0.044481  -0.165597  0.145766
-0.250349  -0.456020  0.802476
-0.656753  0.477364  -0.089409
-0.686223  1.697106  -0.428427
-1.533545  -0.119517  0.283424
-2.861650  -1.666567  -0.066915
0.535430  0.346322  -0.394730
-1.934755  6.547309  -4.232589
-0.730009  -0.259178  -0.251723
1.655279  -0.345605  0.164612
-3.716697  0.310315  0.190341
-0.300093  0.310218  0.412008
0.905513  -0.630709  -0.189310
0.701023  -0.932352  0.807415
0.878169  -0.489449  -0.263340
2.270065  1.886032  -1.982741
-2.748665  0.050038  1.253549
-0.198200  0.213864  -0.625809
-3.223985  3.996169  1.827217
0.207871  -1.172456  1.745825
-1.108492  1.675799  2.121309
-1.184406  -0.072123  0.259270
0.557047  -0.510834  -0.714185
-0.823787  0.786308  -2.187201
-0.860916  0.209804  -1.857552
-5.501489  0.983113  0.774960
-0.288907  0.352915  0.533655
1.274600  0.741320  1.869636
-0.684050  -3.667024  -0.323276
-1.560960  -1.385268  -1.422976
2.292967  -1.061286  0.394409
0.131424  -1.331143  -0.146064
0.837149  -1.639563  0.332380
-0.749433  -0.510161  0.120358
-0.153659  -0.617271  0.393408
-2.069433  0.976162  0.247999
