0.358986  -0.000030  -0.000114
0.358996  -0.000018  -0.000189
0.359055  0.000011  -0.000894
0.359034  -0.000070  0.000554
0.359064  -0.000003  -0.000959
0.359063  -0.000066  0.000552
0.358936  -0.000021  -0.000197
0.358953  -0.000035  0.000002
0.359015  -0.000006  -0.000857
0.359047  -0.000078  0.000660
0.359035  0.000021  -0.000880
0.359005  -0.000080  0.000671
0.359021  -0.000042  -0.000081
0.358991  -0.000027  -0.000221
0.359089  -0.000017  -0.000854
0.359066  -0.000073  0.000610
0.359058  0.000002  -0.000795
0.359068  -0.000094  0.000597
0.358982  0.000023  -0.000111
0.358992  0.000021  -0.000164
0.359053  0.000090  -0.000896
0.359031  -0.000044  0.000542
0.359057  0.000077  -0.000939
0.359069  -0.000037  0.000546
0.358934  0.000012  -0.000194
0.358938  -0.000010  0.000008
0.359012  0.000065  -0.000847
0.359053  -0.000055  0.000671
0.359039  0.000074  -0.000872
0.359016  -0.000055  0.000677
0.359005  0.000003  -0.000089
0.358985  0.000017  -0.000206
0.359075  0.000073  -0.000849
0.359066  -0.000040  0.000611
0.359045  0.000070  -0.000778
0.359065  -0.000061  0.000612
-0.364555  0.000023  -0.000147
-0.364547  0.000116  -0.000100
-0.001756  -0.000367  -0.000073
-0.001752  -0.000365  -0.000129
-0.001790  -0.000404  -0.000164
-0.001795  -0.000320  -0.000096
-0.364554  0.000016  -0.000297
-0.364546  0.000123  -0.000044
-0.364558  0.000078  -0.000047
-0.364552  0.000073  -0.000115
-0.001798  -0.000409  -0.000283
-0.001800  -0.000320  -0.000061
-0.364546  0.000005  -0.000246
-0.364552  0.000088  -0.000020
-0.001756  -0.000362  -0.000165
-0.001784  -0.000360  -0.000028
-0.001797  -0.000419  -0.000262
-0.001823  -0.000317  -0.000034
-0.364529  0.000002  -0.000189
-0.364543  0.000109  0.000073
-0.364559  0.000060  -0.000190
-0.364573  0.000061  -0.000017
-0.001791  -0.000401  -0.000185
-0.001794  -0.000318  0.000053
-0.364564  -0.000001  -0.000204
-0.364573  0.000104  0.000031
-0.001803  -0.000370  -0.000100
-0.001767  -0.000372  -0.000180
-0.001822  -0.000399  -0.000192
-0.001822  -0.000300  0.000034
-0.364566  -0.000000  -0.000122
-0.364584  0.000097  -0.000099
-0.364568  0.000057  -0.000108
-0.364593  0.000061  -0.000203
-0.001821  -0.000407  -0.000143
-0.001831  -0.000298  -0.000099
-0.364544  0.000028  -0.000145
-0.364545  0.000134  -0.000093
-0.001783  -0.000328  -0.000080
-0.001772  -0.000331  -0.000125
-0.001794  -0.000364  -0.000175
-0.001782  -0.000307  -0.000094
-0.364551  0.000037  -0.000290
-0.364540  0.000150  -0.000047
-0.364565  0.000085  -0.000060
-0.364544  0.000067  -0.000120
-0.001809  -0.000347  -0.000294
-0.001783  -0.000312  -0.000071
-0.364547  0.000031  -0.000259
-0.364552  0.000127  -0.000023
-0.001779  -0.000344  -0.000175
-0.001796  -0.000346  -0.000049
-0.001833  -0.000383  -0.000258
-0.001840  -0.000312  -0.000012
-0.364540  0.000027  -0.000188
-0.364537  0.000127  0.000056
-0.364557  0.000058  -0.000175
-0.364566  0.000061  -0.000024
-0.001812  -0.000380  -0.000191
-0.001810  -0.000321  0.000054
-0.364555  0.000026  -0.000200
-0.364556  0.000141  0.000031
-0.001822  -0.000330  -0.000114
-0.001800  -0.000316  -0.000192
-0.001846  -0.000337  -0.000186
-0.001806  -0.000296  0.000024
-0.364566  0.000012  -0.000132
-0.364570  0.000133  -0.000102
-0.364568  0.000067  -0.000110
-0.364573  0.000073  -0.000207
-0.001847  -0.000373  -0.000137
-0.001827  -0.000291  -0.000060
0.005213  0.000711  0.000217
0.005218  0.000592  0.001608
-0.013634  -0.000254  -0.005462
-0.013615  -0.000240  -0.005504
-0.013581  -0.000279  -0.005540
-0.013571  -0.000170  -0.005455
0.005189  0.000702  0.000109
0.005204  0.000575  0.001647
0.005198  0.000638  0.001032
0.005227  0.000649  0.000927
-0.013589  -0.000292  -0.005681
-0.013583  -0.000183  -0.005425
0.005248  0.000735  0.000089
0.005232  0.000607  0.001641
-0.013599  -0.000236  -0.005557
-0.013587  -0.000235  -0.005464
-0.013550  -0.000263  -0.005658
-0.013553  -0.000185  -0.005452
0.005239  0.000724  0.000175
0.005233  0.000618  0.001727
0.005238  0.000665  0.000824
0.005243  0.000680  0.001003
-0.013563  -0.000265  -0.005570
-0.013560  -0.000168  -0.005342
0.005195  0.000708  0.000213
0.005196  0.000570  0.001751
-0.013601  -0.000233  -0.005516
-0.013630  -0.000235  -0.005579
-0.013568  -0.000285  -0.005594
-0.013578  -0.000193  -0.005361
0.005233  0.000734  0.000236
0.005218  0.000580  0.001634
0.005231  0.000655  0.000922
0.005214  0.000626  0.000844
-0.013553  -0.000268  -0.005557
-0.013564  -0.000188  -0.005485
0.005231  0.000709  0.000238
0.005249  0.000618  0.001619
-0.013619  -0.000212  -0.005447
-0.013606  -0.000209  -0.005486
-0.013591  -0.000251  -0.005539
-0.013587  -0.000180  -0.005463
0.005214  0.000706  0.000127
0.005221  0.000623  0.001663
0.005204  0.000682  0.001018
0.005227  0.000679  0.000913
-0.013609  -0.000254  -0.005666
-0.013612  -0.000184  -0.005436
0.005256  0.000723  0.000094
0.005250  0.000634  0.001648
-0.013595  -0.000209  -0.005562
-0.013597  -0.000219  -0.005463
-0.013566  -0.000238  -0.005674
-0.013573  -0.000172  -0.005451
0.005256  0.000723  0.000204
0.005256  0.000626  0.001731
0.005255  0.000689  0.000817
0.005256  0.000695  0.001003
-0.013572  -0.000253  -0.005574
-0.013567  -0.000171  -0.005354
0.005221  0.000711  0.000212
0.005211  0.000628  0.001764
-0.013599  -0.000209  -0.005517
-0.013616  -0.000214  -0.005569
-0.013591  -0.000242  -0.005582
-0.013611  -0.000186  -0.005362
0.005245  0.000725  0.000221
0.005233  0.000618  0.001635
0.005228  0.000696  0.000940
0.005195  0.000683  0.000856
-0.013576  -0.000247  -0.005556
-0.013592  -0.000170  -0.005480
0.013509  0.000127  0.005316
0.013557  0.000139  0.005292
-0.005076  -0.000746  -0.001247
-0.005041  -0.000751  -0.001283
-0.005042  -0.000461  -0.001462
-0.005063  -0.000423  -0.000539
0.013559  0.000118  0.005196
0.013575  0.000130  0.005297
0.013466  0.000155  0.006212
0.013447  0.000173  0.006182
-0.005081  -0.000489  -0.001580
-0.005075  -0.000430  -0.000528
0.013565  0.000136  0.005225
0.013631  0.000140  0.005351
-0.005078  -0.000749  -0.001308
-0.005142  -0.000740  -0.001188
-0.005100  -0.000463  -0.001535
-0.005167  -0.000437  -0.000496
0.013533  0.000129  0.005306
0.013597  0.000148  0.005426
0.013477  0.000173  0.006148
0.013515  0.000163  0.006256
-0.005047  -0.000449  -0.001453
-0.005110  -0.000418  -0.000414
0.013585  0.000131  0.005325
0.013612  0.000126  0.005396
-0.005172  -0.000753  -0.001234
-0.005131  -0.000764  -0.001313
-0.005142  -0.000484  -0.001456
-0.005136  -0.000439  -0.000437
0.013586  0.000138  0.005367
0.013631  0.000131  0.005317
0.013529  0.000150  0.006213
0.013499  0.000149  0.006134
-0.005153  -0.000469  -0.001410
-0.005185  -0.000455  -0.000545
0.013487  0.000170  0.005324
0.013599  0.000159  0.005301
-0.005133  -0.000704  -0.001232
-0.005099  -0.000705  -0.001253
-0.005114  -0.000445  -0.001453
-0.005088  -0.000454  -0.000546
0.013512  0.000161  0.005208
0.013602  0.000158  0.005313
0.013527  0.000140  0.006215
0.013510  0.000139  0.006176
-0.005163  -0.000441  -0.001567
-0.005088  -0.000456  -0.000554
0.013561  0.000172  0.005234
0.013687  0.000145  0.005346
-0.005129  -0.000708  -0.001291
-0.005202  -0.000719  -0.001201
-0.005187  -0.000471  -0.001541
-0.005198  -0.000471  -0.000491
0.013516  0.000176  0.005317
0.013656  0.000149  0.005415
0.013537  0.000141  0.006134
0.013579  0.000134  0.006245
-0.005126  -0.000458  -0.001452
-0.005137  -0.000463  -0.000430
0.013557  0.000160  0.005327
0.013650  0.000147  0.005411
-0.005229  -0.000714  -0.001245
-0.005204  -0.000710  -0.001312
-0.005232  -0.000463  -0.001454
-0.005161  -0.000453  -0.000439
0.013572  0.000158  0.005356
0.013677  0.000146  0.005323
0.013596  0.000134  0.006216
0.013580  0.000144  0.006151
-0.005242  -0.000463  -0.001411
-0.005204  -0.000462  -0.000517
0.001854  0.000292  -0.000052
0.001791  0.000271  -0.000124
0.364358  -0.000130  0.000861
0.364353  -0.000149  0.000771
0.364395  -0.000165  -0.000043
0.364491  -0.000146  -0.000120
0.001829  0.000286  -0.000138
0.001791  0.000253  -0.000060
0.001887  0.000259  0.000872
0.001903  0.000275  0.000787
0.364398  -0.000153  -0.000203
0.364452  -0.000142  -0.000072
0.001847  0.000289  -0.000214
0.001777  0.000267  -0.000069
0.364399  -0.000148  0.000728
0.364436  -0.000125  0.000898
0.364458  -0.000156  -0.000149
0.364542  -0.000133  -0.000042
0.001847  0.000291  -0.000133
0.001771  0.000284  -0.000014
0.001885  0.000270  0.000703
0.001868  0.000260  0.000821
0.364416  -0.000165  -0.000095
0.364518  -0.000154  0.000035
0.001827  0.000306  -0.000041
0.001765  0.000273  0.000063
0.364420  -0.000124  0.000792
0.364395  -0.000111  0.000712
0.364426  -0.000150  -0.000095
0.364477  -0.000137  0.000021
0.001841  0.000297  -0.000028
0.001772  0.000276  -0.000048
0.001874  0.000254  0.000814
0.001889  0.000238  0.000784
0.364475  -0.000150  -0.000009
0.364537  -0.000148  -0.000112
0.001865  0.000256  -0.000042
0.001775  0.000271  -0.000117
0.364360  -0.000137  0.000850
0.364352  -0.000142  0.000768
0.364409  -0.000166  -0.000046
0.364491  -0.000152  -0.000113
0.001856  0.000245  -0.000126
0.001780  0.000273  -0.000038
0.001856  0.000294  0.000879
0.001878  0.000294  0.000772
0.364414  -0.000131  -0.000167
0.364461  -0.000142  -0.000059
0.001840  0.000250  -0.000211
0.001758  0.000251  -0.000075
0.364413  -0.000150  0.000708
0.364442  -0.000142  0.000876
0.364477  -0.000154  -0.000169
0.364553  -0.000122  -0.000031
0.001849  0.000262  -0.000117
0.001742  0.000259  -0.000033
0.001864  0.000290  0.000693
0.001852  0.000290  0.000818
0.364427  -0.000170  -0.000114
0.364526  -0.000151  0.000043
0.001847  0.000262  -0.000040
0.001753  0.000264  0.000073
0.364425  -0.000123  0.000782
0.364402  -0.000132  0.000703
0.364457  -0.000146  -0.000104
0.364501  -0.000131  0.000026
0.001836  0.000239  -0.000055
0.001757  0.000272  -0.000066
0.001861  0.000293  0.000813
0.001845  0.000312  0.000794
0.364492  -0.000147  -0.000017
0.364549  -0.000114  -0.000102
-0.359007  0.000206  -0.000356
-0.359010  0.000195  0.000553
-0.358986  0.000205  -0.000430
-0.358998  0.000189  0.000602
-0.358897  -0.000106  -0.000102
-0.358950  -0.000104  -0.000137
-0.359052  0.000230  -0.000501
-0.359073  0.000224  0.000498
-0.359034  0.000218  -0.000439
-0.359027  0.000225  0.000567
-0.358941  -0.000087  -0.000212
-0.358963  -0.000089  -0.000183
-0.359030  0.000213  -0.000444
-0.358986  0.000200  0.000607
-0.359059  0.000243  -0.000456
-0.359042  0.000210  0.000508
-0.358996  -0.000091  -0.000226
-0.358928  -0.000114  -0.000199
-0.359007  0.000186  -0.000357
-0.359057  0.000223  0.000558
-0.358992  0.000172  -0.000428
-0.359047  0.000232  0.000619
-0.358937  -0.000060  -0.000085
-0.358996  -0.000053  -0.000146
-0.359050  0.000196  -0.000507
-0.359096  0.000243  0.000510
-0.359042  0.000189  -0.000429
-0.359060  0.000242  0.000559
-0.358982  -0.000042  -0.000211
-0.358990  -0.000023  -0.000191
-0.359035  0.000189  -0.000440
-0.359021  0.000226  0.000628
-0.359058  0.000191  -0.000448
-0.359062  0.000226  0.000519
-0.359020  -0.000024  -0.000206
-0.358947  -0.000038  -0.000178
