1.234182  0.085446  -0.351205
-0.506728  0.429160  -1.840031
0.648866  -0.123016  -0.058673
-0.190994  0.371187  1.085161
1.575737  -2.179170  -0.205764
-0.564417  -0.006342  -0.672113
-0.701131  0.490305  0.444988
0.672253  -0.599309  -0.899269
-0.493462  -0.413547  -1.173234
-0.580063  1.444601  -0.172487
-2.125842  -0.091634  -0.576680
1.161886  -1.896912  1.415803
-0.904889  1.764257  -1.383684
0.999801  1.590646  0.334474
0.876760  -0.309214  1.110292
2.959127  0.231445  0.968462
0.608070  -0.543827  -0.806585
0.273014  -1.238610  -0.818098
-1.710415  0.382479  -1.201035
0.095021  -0.091450  0.770948
-0.078625  0.181002  -0.403797
-0.841573  0.582416  1.107767
-0.987218  -0.909055  0.169541
-1.206830  1.919821  1.554592
0.211595  0.627156  -0.531324
-0.110329  1.136608  0.509055
0.262162  -0.288235  0.098531
-0.730398  0.379124  -0.654999
-0.179089  0.779117  -0.450164
2.305991  1.401893  0.167541
0.478998  -1.209270  -3.325597
0.175028  -1.153468  -0.108127
-2.306200  -0.412202  -2.526473
0.417804  0.620521  0.354360
0.951843  0.680821  4.403588
-1.103113  0.718178  -0.394021
-1.401636  -0.137075  0.192565
0.783755  -0.147128  2.408499
-1.067870  -0.967127  0.059962
0.030120  0.157614  -0.139124
-0.438496  -0.803660  2.414469
1.070255  1.135014  0.063818
0.021228  -0.834054  -0.338728
0.359198  0.053953  -0.103155
1.009128  -0.477212  -0.196503
-1.016778  1.717678  -2.623967
1.979007  -0.396958  -1.138878
2.263410  0.246156  -1.899411
0.245338  0.550228  0.014939
0.455843  -0.426467  -0.278618
-1.170421  1.503684  -2.963198
-0.427984  1.070109  -0.511600
2.747768  -1.280421  0.715138
-0.048494  -2.894001  -0.289888
-1.362970  0.991646  -0.109321
0.386959  -0.376826  1.770100
-0.345469  -0.925128  0.137829
-0.171760  -0.358903  0.144398
-0.743737  -1.360500  1.518651
0.045661  0.020115  -0.289896
-0.843029  -0.328185  1.668184
0.193016  2.350665  -1.615169
-1.539310  -1.159550  -0.776214
0.742744  1.773149  0.179197
-0.303126  -1.356071  -0.157916
0.530245  -0.209906  -2.470332
0.556346  1.293866  -0.148052
1.338485  -2.652028  1.219800
1.864638  0.660424  0.244657
2.121641  -3.115879  0.290061
1.280281  1.772164  -1.252016
-0.515589  0.538279  0.889064
-0.098522  -0.699311  -0.986736
1.647918  0.947471  0.754675
-1.497117  1.880765  -0.092044
0.673179  2.569053  0.107992
-1.706806  -2.177829  2.393312
0.182912  -0.150658  -0.286102
-0.740922  1.067783  1.355019
-0.581378  0.727266  0.441335
0.611001  -0.609462  -0.306599
-1.153473  0.223334  0.056288
0.072458  0.335840  0.476353
-0.136937  -2.060219  -0.648571
-1.046076  -0.636043  2.164929
0.480065  0.687895  -0.081361
-0.358296  -1.099793  -0.509365
-2.313035  -1.037779  -1.384558
-2.605384  -1.472948  1.199766
-2.975727  -0.405246  1.663428
0.249562  0.784973  -2.518141
0.572585  -0.198043  -0.298943
-0.231051  1.145291  0.032811
-0.860803  -0.229226  0.928674
0.489230  -1.275944  0.174166
0.591067  1.861139  -0.947383
0.810748  -0.583194  1.099750
0.204186  1.056759  1.184715
-1.263340  -1.083201  -1.017683
2.366255  1.388706  -1.283414
-2.767507  2.307892  1.301506
0.642829  2.058677  -0.153856
1.178014  0.758110  -3.994985
0.778027  3.005759  0.621643
1.184847  -2.011916  -0.012538
0.123796  -1.248230  1.077523
0.591604  0.060951  -0.687234
0.412012  0.521205  1.125120
-0.233629  -1.217743  -1.754906
-0.716667  -0.336266  -2.296773
-0.417537  -0.138231  1.294953
-0.228184  -0.270975  0.769660
-0.279902  -2.211153  1.417622
-0.525048  -1.439875  0.799422
1.547864  1.362120  -0.821526
0.410380  -0.160565  0.412356
-0.501215  1.551301  -0.607256
-1.196361  0.349376  -0.001181
-1.064786  -0.107873  -1.989737
-2.800806  1.619265  0.298411
1.062821  -0.184958  3.137707
1.959880  1.890979  2.124007
-1.361385  1.663841  0.348404
1.471545  -2.788016  -1.047886
-0.477247  -0.260745  0.553875
-1.424426  -1.471304  1.436521
1.345141  -1.303538  -0.534577
0.688420  -2.934058  0.940323
