-0.207349  1.960686  -1.341275
-2.100149  -1.202705  0.339667
0.991671  -2.862994  -3.189750
-0.220961  1.372032  0.154986
-0.344633  -1.393185  -0.803912
0.217071  -1.579784  2.156531
0.469581  0.171983  0.363529
1.081672  -1.565871  2.997223
-0.664294  0.777388  0.286159
-0.362759  -0.193118  -0.404248
-1.508871  1.557851  -0.009702
-1.271342  0.043601  1.058603
0.765513  0.687689  0.644078
0.278777  0.279896  0.037949
-1.206462  -0.214141  -0.062339
0.233473  0.068579  -0.716531
0.008036  1.788787  1.056913
-0.382806  -0.220589  0.001030
-0.225684  0.568198  0.041430
-0.498049  0.233009  1.398164
2.271470  1.355590  -0.207813
-1.891857  0.330397  1.306135
-0.479324  -0.993401  0.324933
0.259870  0.050303  0.119532
0.219682  -0.621141  0.440878
-0.327892  -1.024539  -0.298392
-0.487321  0.855527  1.438344
1.504792  3.122449  1.445987
1.324764  0.147220  -0.713401
1.952800  -0.184601  -0.830232
-0.088764  -1.208802  1.222788
1.310354  -1.621883  1.387206
-0.276122  0.129321  0.586708
0.362178  -1.823181  -0.016181
0.094837  -1.753326  -0.835329
-0.434535  -0.479213  0.077010
-3.139380  1.095056  -0.036477
0.929867  -0.316091  0.475797
0.553729  1.484888  1.047182
-0.264977  -3.273592  -1.155188
-2.085178  -1.582940  -0.230456
0.926477  1.714291  -1.345065
0.291693  0.920093  -0.827226
0.438072  -0.969211  1.094186
-1.155416  -5.080117  1.128240
0.820292  -0.329802  -0.651076
0.524931  0.017666  -0.301850
-2.403855  -0.198493  2.142908
0.399608  0.932717  1.019452
0.196149  0.986792  -0.486176
-1.042989  -0.412957  1.079412
-0.298243  2.617864  -0.488503
0.033037  0.259124  0.139058
-0.886411  0.700022  0.185053
-0.506559  0.759200  0.962539
-1.783568  -0.221778  0.186426
-0.181939  -0.200027  -1.239350
0.877657  2.773910  0.060310
0.112590  1.363479  0.441678
2.742634  2.507307  -1.583920
-2.149379  -0.581613  -0.489311
0.765740  -0.015284  1.313441
1.247255  0.651894  -1.145615
-1.478036  0.039808  0.409737
0.758757  1.494582  -0.151621
0.155863  0.993140  -1.659141
0.252159  0.456575  -0.705213
-0.478818  1.620246  -1.302705
-0.596845  -1.117912  1.915066
0.662056  0.163676  0.059844
2.953336  2.456079  -2.007953
1.148974  -1.480801  -0.542112
0.262610  -2.483852  -0.314654
-0.981442  0.012428  0.441839
0.539658  1.933349  -1.053521
-0.303993  1.303644  -1.084351
-0.443139  0.538251  1.117587
-2.506101  0.312784  -1.573787
-0.236825  -1.574052  1.880271
-0.195165  -0.368677  0.203603
1.392753  0.523130  0.927711
0.738189  0.217623  0.166907
0.808535  -2.615765  -0.242279
-0.967765  -1.975532  1.300358
1.692300  -0.222577  -1.167858
0.929188  0.595622  0.856495
1.066207  3.164033  -0.377379
1.001870  0.701488  -1.753096
-0.559720  0.932109  0.574812
0.906532  -0.354382  -0.183150
-0.533151  -0.289303  -0.893946
-1.608539  -0.221734  2.251813
0.703911  -1.158125  1.078610
0.280442  -1.052854  1.117917
0.341785  -0.843464  0.368954
0.291082  -0.128278  0.110065
-1.622470  0.777506  1.140374
0.017683  0.106309  -1.380693
-0.829929  -0.822361  1.889745
0.150262  -0.153722  0.319523
-3.141933  2.936239  -1.218156
0.877720  -1.348451  -0.436702
0.130116  0.126887  1.393288
0.741596  -0.745049  -0.444072
0.696854  0.491358  0.509696
0.009204  -0.677547  0.231233
0.658376  -0.272287  -1.759852
-0.860969  -2.111873  0.587095
-0.742915  0.194218  -3.703485
-0.894513  -0.866358  2.477582
-0.567086  -1.130342  -0.670893
1.646266  0.877115  -0.113286
0.142859  -0.304032  -2.278810
0.478438  -0.270444  -0.740720
-1.491716  0.628268  -1.782790
0.255314  -0.472190  -0.684378
0.883952  1.554442  -0.965333
-0.271856  -2.477887  -0.750539
-0.714197  -0.796592  -1.086983
2.219578  -2.673075  -1.942149
1.147433  -1.400712  -2.201293
0.985396  -0.574257  0.365801
-2.102329  2.195198  -0.011503
-1.031266  -0.642549  -0.799160
0.120990  0.061398  1.319380
1.330032  2.593869  -1.555738
-0.352288  0.312521  0.564481
0.805529  1.152707  3.207369
