-0.000053  -0.001679  -0.000438
-0.000034  0.000462  -0.000724
0.000014  -0.000475  -0.000684
0.000002  -0.000810  0.000384
-0.000024  -0.001052  -0.000422
-0.000022  -0.001332  0.002997
-0.000017  -0.000385  -0.000728
0.000012  -0.000146  0.004048
-0.000007  0.000421  0.000690
-0.000007  0.000929  -0.002044
-0.000021  0.000735  0.000943
-0.000011  0.000476  0.000751
0.000014  -0.000256  -0.000662
-0.000007  -0.000536  0.000085
-0.000024  -0.000919  -0.000228
-0.000015  -0.000339  0.000662
-0.000018  -0.000567  0.001022
-0.000012  0.001949  0.000495
-0.000013  -0.000170  0.002884
0.000023  0.000116  -0.000301
-0.000020  0.001104  -0.003692
-0.000018  -0.000507  0.002589
0.000015  0.000158  -0.000869
-0.000060  0.000743  -0.001036
-0.000052  0.001307  -0.000335
-0.000041  0.000169  -0.000002
-0.000035  -0.001658  -0.000491
-0.000032  0.000385  -0.000728
-0.000008  -0.000490  -0.000680
-0.000007  -0.000788  0.000404
-0.000035  -0.001015  -0.000375
-0.000018  -0.001337  0.003023
-0.000045  -0.000378  -0.000725
0.000023  -0.000150  0.004051
0.000008  0.000310  0.000747
-0.000017  0.000922  -0.002042
-0.000008  0.000729  0.000922
-0.000036  0.000422  0.000770
-0.000002  -0.000295  -0.000675
-0.000006  -0.000527  0.000094
0.000012  -0.000884  -0.000210
-0.000001  -0.000338  0.000655
-0.000011  -0.000619  0.001026
-0.000013  0.001967  0.000509
0.000009  -0.000165  0.002877
-0.000052  0.000163  -0.000325
-0.000005  0.001072  -0.003665
-0.000020  -0.000509  0.002601
-0.000006  0.000222  -0.000898
0.000008  0.000771  -0.001032
-0.000009  0.001304  -0.000356
-0.000021  0.000003  -0.000171
-0.000053  -0.001679  -0.000438
-0.000034  0.000462  -0.000724
0.000014  -0.000475  -0.000684
0.000002  -0.000810  0.000384
-0.000024  -0.001052  -0.000422
-0.000022  -0.001332  0.002997
-0.000017  -0.000385  -0.000728
0.000012  -0.000146  0.004048
-0.000007  0.000421  0.000690
-0.000007  0.000929  -0.002044
-0.000021  0.000735  0.000943
-0.000011  0.000476  0.000751
0.000014  -0.000256  -0.000662
-0.000007  -0.000536  0.000085
-0.000024  -0.000919  -0.000228
-0.000015  -0.000339  0.000662
-0.000018  -0.000567  0.001022
-0.000012  0.001949  0.000495
-0.000013  -0.000170  0.002884
0.000023  0.000116  -0.000301
-0.000020  0.001104  -0.003692
-0.000018  -0.000507  0.002589
0.000015  0.000158  -0.000869
-0.000060  0.000743  -0.001036
-0.000052  0.001307  -0.000335
-0.000041  0.000169  -0.000002
-0.000035  -0.001658  -0.000491
-0.000032  0.000385  -0.000728
-0.000008  -0.000490  -0.000680
-0.000007  -0.000788  0.000404
-0.000035  -0.001015  -0.000375
-0.000018  -0.001337  0.003023
-0.000045  -0.000378  -0.000725
0.000023  -0.000150  0.004051
0.000008  0.000310  0.000747
-0.000017  0.000922  -0.002042
-0.000008  0.000729  0.000922
-0.000036  0.000422  0.000770
-0.000002  -0.000295  -0.000675
-0.000006  -0.000527  0.000094
0.000012  -0.000884  -0.000210
-0.000001  -0.000338  0.000655
-0.000011  -0.000619  0.001026
-0.000013  0.001967  0.000509
0.000009  -0.000165  0.002877
-0.000052  0.000163  -0.000325
-0.000005  0.001072  -0.003665
-0.000020  -0.000509  0.002601
-0.000006  0.000222  -0.000898
0.000008  0.000771  -0.001032
-0.000009  0.001304  -0.000356
-0.000021  0.000003  -0.000171
0.000030  0.000532  -0.000333
0.000011  0.000688  -0.001011
0.000003  0.000100  0.000406
0.000016  -0.001298  -0.002096
0.000023  0.001436  0.003007
0.000011  -0.000061  0.000680
-0.000000  0.000171  -0.003698
0.000030  -0.000097  -0.000072
0.000017  -0.000794  0.000946
0.000009  0.000324  0.000607
0.000020  -0.000450  0.000965
0.000014  -0.001392  0.000810
-0.000002  0.000318  0.001717
-0.000010  -0.000426  -0.000083
0.000008  0.000642  -0.000169
0.000008  0.000888  0.002638
0.000001  0.001070  0.000799
-0.000005  0.000163  -0.003175
0.000038  -0.001020  -0.000779
0.000009  -0.001200  -0.003526
0.000055  -0.000765  -0.000362
0.000017  0.000338  -0.000971
0.000013  0.000389  -0.000407
0.000014  0.000757  -0.000326
0.000028  -0.000465  -0.000604
0.000024  0.000778  -0.000136
0.000027  0.000513  -0.000329
0.000069  0.000679  -0.001010
0.000008  0.000014  0.000384
0.000009  -0.001293  -0.002117
0.000019  0.001484  0.003001
0.000004  -0.000047  0.000651
0.000000  0.000211  -0.003686
0.000031  -0.000103  -0.000079
0.000025  -0.000836  0.000963
0.000028  0.000345  0.000617
0.000013  -0.000489  0.000917
0.000006  -0.001366  0.000793
0.000005  0.000346  0.001707
0.000007  -0.000424  -0.000080
0.000005  0.000643  -0.000252
-0.000001  0.000852  0.002635
0.000015  0.001053  0.000871
-0.000020  0.000182  -0.003184
-0.000002  -0.001018  -0.000776
0.000023  -0.001166  -0.003524
0.000010  -0.000765  -0.000341
-0.000010  0.000385  -0.001014
-0.000015  0.000385  -0.000378
0.000029  0.000725  -0.000354
0.000032  -0.000386  -0.000644
0.000021  0.000937  -0.000290
0.000030  0.000532  -0.000333
0.000011  0.000688  -0.001011
0.000003  0.000100  0.000406
0.000016  -0.001298  -0.002096
0.000023  0.001436  0.003007
0.000011  -0.000061  0.000680
-0.000000  0.000171  -0.003698
0.000030  -0.000097  -0.000072
0.000017  -0.000794  0.000946
0.000009  0.000324  0.000607
0.000020  -0.000450  0.000965
0.000014  -0.001392  0.000810
-0.000002  0.000318  0.001717
-0.000010  -0.000426  -0.000083
0.000008  0.000642  -0.000169
0.000008  0.000888  0.002638
0.000001  0.001070  0.000799
-0.000005  0.000163  -0.003175
0.000038  -0.001020  -0.000779
0.000009  -0.001200  -0.003526
0.000055  -0.000765  -0.000362
0.000017  0.000338  -0.000971
0.000013  0.000389  -0.000407
0.000014  0.000757  -0.000326
0.000028  -0.000465  -0.000604
0.000024  0.000778  -0.000136
0.000027  0.000513  -0.000329
0.000069  0.000679  -0.001010
0.000008  0.000014  0.000384
0.000009  -0.001293  -0.002117
0.000019  0.001484  0.003001
0.000004  -0.000047  0.000651
0.000000  0.000211  -0.003686
0.000031  -0.000103  -0.000079
0.000025  -0.000836  0.000963
0.000028  0.000345  0.000617
0.000013  -0.000489  0.000917
0.000006  -0.001366  0.000793
0.000005  0.000346  0.001707
0.000007  -0.000424  -0.000080
0.000005  0.000643  -0.000252
-0.000001  0.000852  0.002635
0.000015  0.001053  0.000871
-0.000020  0.000182  -0.003184
-0.000002  -0.001018  -0.000776
0.000023  -0.001166  -0.003524
0.000010  -0.000765  -0.000341
-0.000010  0.000385  -0.001014
-0.000015  0.000385  -0.000378
0.000029  0.000725  -0.000354
0.000032  -0.000386  -0.000644
0.000021  0.000937  -0.000290
