1.334728  -0.263898  -2.132581
-0.232751  0.048360  0.595154
-1.453620  1.837360  0.188498
3.255431  1.183338  -2.315961
1.032092  0.095790  1.615703
0.346730  0.929746  -0.154878
0.565460  -0.162633  -0.934882
-0.369775  -0.214624  -1.464737
3.204690  -0.212134  0.656992
-0.844507  -0.113108  0.946527
1.075275  0.130297  0.545639
0.899440  0.183980  -1.451517
2.411339  0.424516  0.570461
-0.255534  0.231790  0.378097
2.018799  -0.677017  -3.148403
-0.190920  -1.289276  -0.073076
-0.337922  -1.158613  -0.694371
0.448443  0.272820  1.827487
0.011354  -0.760308  1.307215
0.032834  0.637080  -1.193314
0.491430  -0.207054  2.057354
-2.999708  -1.056924  0.983084
-0.686557  -0.094541  -1.167056
0.946454  1.445586  -0.628626
-1.080856  0.975513  0.419196
0.521563  0.565180  -0.599604
-1.662216  -0.648129  1.046667
-0.466094  -3.482715  0.399712
1.123250  3.254344  1.381910
0.353702  0.386145  -0.508415
0.097827  -0.843201  -0.105006
0.283649  0.031919  2.332040
1.137716  0.938973  2.547326
-0.306649  0.584604  1.711028
1.167024  -0.185686  -0.311723
-0.630955  -1.372507  -3.470180
-0.258148  0.081718  -0.658429
-0.705497  0.009324  -0.565420
-1.496466  2.649102  0.860009
-1.053327  0.406521  -0.462191
-2.221152  1.158470  0.154108
0.055306  1.035869  2.247576
-0.584276  0.028180  -0.148466
-0.527669  -0.907634  -1.026298
-3.210606  -0.804206  0.697498
0.494571  -1.864205  -0.686068
0.033253  1.204500  0.175298
0.693816  -0.092484  0.302444
0.623402  -0.590923  1.080418
-0.255463  -2.187136  0.863462
-0.500131  -1.989750  -1.540123
0.581156  -0.040519  0.113811
-0.412045  1.279448  -1.031157
-5.008367  -2.374135  1.437038
0.913763  -0.400474  -0.383042
0.084100  -0.575867  0.081721
0.456162  -0.321525  -1.776678
0.946464  -0.301523  -1.609330
-0.706053  -0.665976  -0.088048
-0.411396  1.272020  1.506655
-2.286229  -0.718433  0.764026
-0.206908  0.166098  -0.278802
0.192452  0.467652  -0.582840
1.125836  -0.353005  1.225837
-1.459966  -1.218479  0.931438
-0.644135  1.055658  0.114202
0.054885  -0.172438  -3.314354
0.357088  0.950691  0.419204
-0.978059  -0.473562  -0.609102
1.252734  1.620120  1.684033
-2.318547  1.704990  -0.248299
-0.548606  0.715254  0.481705
0.159834  0.178005  -0.506113
0.471193  -0.008872  -0.104443
0.412062  1.127298  -3.226503
1.104590  1.093811  0.328721
-0.910854  -1.834582  1.767179
-3.168826  0.567732  -1.022625
0.632859  0.190495  -1.210109
0.115637  -1.773344  -0.316213
-0.199701  -0.686555  0.509427
-1.117966  -0.587697  -1.221560
-0.691827  0.519649  -0.218664
6.082123  0.116908  -0.037316
1.254951  0.044522  0.243924
0.039865  -1.370364  -1.545483
-0.531725  -0.641592  1.191767
-2.013012  0.850778  2.035812
-1.915183  2.098260  0.550496
-2.159200  -2.336167  -0.364826
-1.260268  0.123396  1.592493
0.765085  -2.521265  -0.007604
2.383082  0.206220  2.046729
1.613226  -2.221036  -0.666718
0.283621  0.017907  0.476208
-1.590924  0.159454  0.549844
0.476916  2.803482  0.344442
-0.338878  0.899129  -0.794277
-0.945989  -1.550204  -2.105540
0.713105  2.769361  0.543617
0.138039  1.189092  0.024228
0.507518  -1.038515  -0.420525
-1.567114  0.553288  2.313477
-0.851904  -0.629192  2.640026
1.706601  0.898303  4.357369
1.371134  -0.553545  -1.730961
0.329148  -0.260605  -0.579252
1.956341  0.425849  -0.331589
0.602620  -0.700668  -1.937797
-0.401706  0.509007  -2.375687
-1.304565  -0.226487  -1.724933
-0.332268  0.992543  0.527406
0.424794  0.438540  -2.259069
1.468922  -1.492048  -2.871366
-0.163726  -0.178351  0.756015
-1.004535  0.895525  -0.150923
0.506463  0.746542  0.768853
-1.725897  -1.025105  -0.505251
-2.505780  2.377719  -1.516998
-0.148678  0.157238  -0.539917
-0.887302  0.641395  0.269625
1.183151  -1.108282  0.541403
2.107529  -0.921843  0.117411
-0.182257  0.948378  -0.324870
1.674072  0.885222  2.641307
0.030402  -1.072276  0.954978
3.243777  -2.434385  -0.947820
0.848321  0.579615  2.184597
