0.000028  -0.000000  0.000029
-0.000028  0.000000  0.000029
-0.000028  0.000000  -0.000029
0.000028  0.000000  -0.000029
0.000028  -0.000000  0.000029
-0.000028  0.000000  0.000029
-0.000028  0.000000  -0.000029
0.000028  0.000000  -0.000029
0.000028  -0.000000  0.000029
-0.000028  -0.000000  0.000029
-0.000028  -0.000000  -0.000029
0.000028  -0.000000  -0.000029
0.000028  0.000000  0.000029
-0.000028  -0.000000  0.000029
-0.000028  0.000000  -0.000029
0.000028  -0.000000  -0.000029
0.000028  -0.000000  0.000029
-0.000028  0.000000  0.000029
-0.000028  0.000000  -0.000029
0.000028  -0.000000  -0.000029
0.000028  -0.000000  0.000029
-0.000028  0.000000  0.000029
-0.000028  -0.000000  -0.000029
0.000028  -0.000000  -0.000029
0.000028  0.000000  0.000029
-0.000028  0.000000  0.000029
-0.000028  0.000000  -0.000029
0.000028  0.000000  -0.000029
0.000028  -0.000000  0.000029
-0.000028  0.000000  0.000029
-0.000028  0.000000  -0.000029
0.000028  0.000000  -0.000029
0.000028  0.000000  0.000029
-0.000028  -0.000000  0.000029
-0.000028  -0.000000  -0.000029
0.000028  0.000000  -0.000029
0.000028  0.000000  0.000029
-0.000028  -0.000000  0.000029
-0.000028  0.000000  -0.000029
0.000028  -0.000000  -0.000029
0.000028  -0.000000  0.000029
-0.000028  0.000000  0.000029
-0.000028  -0.000000  -0.000029
0.000028  -0.000000  -0.000029
0.000028  0.000000  0.000029
-0.000028  0.000000  0.000029
-0.000028  -0.000000  -0.000029
0.000028  -0.000000  -0.000029
0.000028  0.000000  0.000029
-0.000028  0.000000  0.000029
-0.000028  -0.000000  -0.000029
0.000028  0.000000  -0.000029
0.000028  -0.000000  0.000029
-0.000028  0.000000  0.000029
-0.000028  -0.000000  -0.000029
0.000028  0.000000  -0.000029
0.000028  0.000000  0.000029
-0.000028  -0.000000  0.000029
-0.000028  0.000000  -0.000029
0.000028  -0.000000  -0.000029
0.000028  0.000000  0.000029
-0.000028  -0.000000  0.000029
-0.000028  0.000000  -0.000029
0.000028  -0.000000  -0.000029
0.000028  -0.000000  0.000029
-0.000028  0.000000  0.000029
-0.000028  -0.000000  -0.000029
0.000028  -0.000000  -0.000029
0.000028  0.000000  0.000029
-0.000028  0.000000  0.000029
-0.000028  -0.000000  -0.000029
0.000028  0.000000  -0.000029
0.000028  0.000000  0.000029
-0.000028  0.000000  0.000029
-0.000028  0.000000  -0.000029
0.000028  0.000000  -0.000029
0.000028  -0.000000  0.000029
-0.000028  -0.000000  0.000029
-0.000028  0.000000  -0.000029
0.000028  0.000000  -0.000029
0.000028  -0.000000  0.000029
-0.000028  -0.000000  0.000029
-0.000028  0.000000  -0.000029
0.000028  -0.000000  -0.000029
0.000028  0.000000  0.000029
-0.000028  -0.000000  0.000029
-0.000028  0.000000  -0.000029
0.000028  0.000000  -0.000029
0.000028  -0.000000  0.000029
-0.000028  -0.000000  0.000029
-0.000028  -0.000000  -0.000029
0.000028  -0.000000  -0.000029
0.000028  -0.000000  0.000029
-0.000028  0.000000  0.000029
-0.000028  -0.000000  -0.000029
0.000028  -0.000000  -0.000029
0.000028  0.000000  0.000029
-0.000028  0.000000  0.000029
-0.000028  0.000000  -0.000029
0.000028  0.000000  -0.000029
0.000028  -0.000000  0.000029
-0.000028  0.000000  0.000029
-0.000028  0.000000  -0.000029
0.000028  0.000000  -0.000029
0.000028  0.000000  0.000029
-0.000028  -0.000000  0.000029
-0.000028  -0.000000  -0.000029
0.000028  -0.000000  -0.000029
0.000028  0.000000  0.000029
-0.000028  -0.000000  0.000029
-0.000028  0.000000  -0.000029
0.000028  -0.000000  -0.000029
0.000028  0.000000  0.000029
-0.000028  0.000000  0.000029
-0.000028  -0.000000  -0.000029
0.000028  0.000000  -0.000029
0.000028  0.000000  0.000029
-0.000028  0.000000  0.000029
-0.000028  -0.000000  -0.000029
0.000028  -0.000000  -0.000029
0.000028  0.000000  0.000029
-0.000028  0.000000  0.000029
-0.000028  -0.000000  -0.000029
0.000028  0.000000  -0.000029
0.000028  -0.000000  0.000029
-0.000028  0.000000  0.000029
-0.000028  0.000000  -0.000029
0.000028  0.000000  -0.000029
0.000028  -0.000000  0.000029
-0.000028  -0.000000  0.000029
-0.000028  0.000000  -0.000029
0.000028  -0.000000  -0.000029
0.000028  0.000000  0.000029
-0.000028  -0.000000  0.000029
-0.000028  0.000000  -0.000029
0.000028  -0.000000  -0.000029
0.000028  0.000000  0.000029
-0.000028  0.000000  0.000029
-0.000028  -0.000000  -0.000029
0.000028  -0.000000  -0.000029
0.000028  0.000000  0.000029
-0.000028  0.000000  0.000029
-0.000028  -0.000000  -0.000029
0.000028  0.000000  -0.000029
0.000028  0.000000  0.000029
-0.000028  0.000000  0.000029
-0.000028  0.000000  -0.000029
0.000028  0.000000  -0.000029
0.000028  -0.000000  0.000029
-0.000028  0.000000  0.000029
-0.000028  0.000000  -0.000029
0.000028  0.000000  -0.000029
0.000028  -0.000000  0.000029
-0.000028  -0.000000  0.000029
-0.000028  0.000000  -0.000029
0.000028  -0.000000  -0.000029
0.000028  0.000000  0.000029
-0.000028  -0.000000  0.000029
-0.000028  0.000000  -0.000029
0.000028  0.000000  -0.000029
0.000028  -0.000000  0.000029
-0.000028  -0.000000  0.000029
-0.000028  -0.000000  -0.000029
0.000028  -0.000000  -0.000029
0.000028  0.000000  0.000029
-0.000028  0.000000  0.000029
-0.000028  -0.000000  -0.000029
0.000028  -0.000000  -0.000029
0.000028  0.000000  0.000029
-0.000028  0.000000  0.000029
-0.000028  0.000000  -0.000029
0.000028  0.000000  -0.000029
0.000028  -0.000000  0.000029
-0.000028  0.000000  0.000029
-0.000028  0.000000  -0.000029
0.000028  0.000000  -0.000029
0.000028  0.000000  0.000029
-0.000028  -0.000000  0.000029
-0.000028  -0.000000  -0.000029
0.000028  -0.000000  -0.000029
0.000028  0.000000  0.000029
-0.000028  -0.000000  0.000029
-0.000028  0.000000  -0.000029
0.000028  -0.000000  -0.000029
0.000028  -0.000000  0.000029
-0.000028  0.000000  0.000029
-0.000028  -0.000000  -0.000029
0.000028  0.000000  -0.000029
0.000028  0.000000  0.000029
-0.000028  0.000000  0.000029
-0.000028  -0.000000  -0.000029
0.000028  -0.000000  -0.000029
0.000028  0.000000  0.000029
-0.000028  0.000000  0.000029
-0.000028  -0.000000  -0.000029
0.000028  0.000000  -0.000029
0.000028  -0.000000  0.000029
-0.000028  0.000000  0.000029
-0.000028  0.000000  -0.000029
0.000028  0.000000  -0.000029
0.000028  -0.000000  0.000029
-0.000028  -0.000000  0.000029
-0.000028  0.000000  -0.000029
0.000028  -0.000000  -0.000029
0.000028  0.000000  0.000029
-0.000028  -0.000000  0.000029
-0.000028  0.000000  -0.000029
0.000028  -0.000000  -0.000029
0.000028  0.000000  0.000029
-0.000028  0.000000  0.000029
-0.000028  0.000000  -0.000029
0.000028  0.000000  -0.000029
0.000028  0.000000  0.000029
-0.000028  0.000000  0.000029
-0.000028  -0.000000  -0.000029
0.000028  0.000000  -0.000029
