0.001124  -0.004794  -0.019075
0.002191  -0.004997  -0.013795
-0.010337  0.001400  0.007762
0.018436  0.012010  0.022301
0.016003  -0.004226  -0.001294
0.001927  0.010602  0.020070
-0.008102  0.009222  -0.003997
0.000433  -0.001490  -0.012809
-0.010108  0.000598  0.008814
-0.000028  -0.008114  -0.020871
0.015387  -0.002133  0.001321
0.020150  -0.013026  -0.020583
-0.007353  0.011029  -0.007266
-0.003993  -0.006426  0.005771
-0.000407  -0.001185  -0.014677
0.019099  0.011263  0.023081
0.021498  -0.015730  -0.021915
0.001768  0.005472  0.017817
-0.003352  0.005417  0.004876
0.000022  -0.000692  -0.009300
0.002905  -0.009179  -0.022180
0.003264  -0.010150  -0.012478
-0.010668  0.002214  0.006837
0.018650  0.013337  0.021326
0.015752  -0.001944  0.000716
0.001910  0.007019  0.017751
-0.008567  0.009739  -0.002948
0.000393  -0.001480  -0.012274
-0.011821  -0.000328  0.005541
0.000886  -0.006729  -0.019198
0.014061  -0.002444  0.000401
0.020643  -0.014921  -0.019767
-0.008113  0.010744  -0.005194
-0.002485  0.001630  0.004463
0.002064  -0.014791  -0.013016
0.020077  0.014100  0.022341
0.020874  -0.014448  -0.021523
0.002815  0.006118  0.018381
-0.004118  0.001402  0.005448
-0.000050  -0.000720  -0.010260
0.000241  -0.006231  -0.020147
-0.000976  -0.000263  -0.012552
-0.010539  0.000767  0.007250
0.019683  0.011384  0.023636
0.014671  -0.004474  -0.000590
0.002669  0.011137  0.020968
-0.008415  0.009308  -0.004417
0.001313  -0.000614  -0.012851
-0.011594  0.002215  0.009094
0.000327  -0.009035  -0.021906
0.015701  -0.002971  0.001658
0.020899  -0.011474  -0.021576
-0.007381  0.010110  -0.008353
-0.005056  -0.010964  0.008707
0.001019  0.000496  -0.014507
0.020135  0.011729  0.023175
0.022392  -0.011882  -0.023710
-0.000785  0.004619  0.018834
-0.002084  -0.002841  0.006348
0.000322  -0.002641  -0.010771
0.001893  -0.009490  -0.022143
0.000032  -0.005828  -0.011698
-0.011226  0.001418  0.005949
0.019624  0.012921  0.022272
0.013428  -0.001986  0.001523
0.002720  0.006590  0.018142
-0.008875  0.010154  -0.003816
0.001010  -0.000528  -0.012050
-0.012787  0.001177  0.006683
0.000868  -0.006784  -0.019480
0.015150  -0.003441  0.000398
0.021208  -0.013583  -0.020436
-0.008188  0.009781  -0.006088
-0.003535  -0.002138  0.007456
0.002951  -0.010618  -0.013425
0.021118  0.014188  0.022596
0.022034  -0.011116  -0.023286
0.000393  0.004616  0.018887
-0.002436  -0.004347  0.006585
0.000108  -0.002469  -0.011373
0.002614  -0.007230  -0.020650
0.001677  0.001864  -0.014271
-0.010129  0.001187  0.009050
0.018341  0.010317  0.023285
0.015966  -0.004158  -0.001390
0.003239  0.012766  0.021136
-0.008334  0.009431  -0.004568
-0.000011  -0.001542  -0.013238
-0.009934  0.000724  0.008993
-0.000449  -0.010848  -0.022550
0.013836  -0.002184  0.001579
0.020020  -0.011171  -0.021450
-0.006662  0.010818  -0.008195
-0.004716  -0.013128  0.006174
-0.000646  0.001368  -0.014791
0.018936  0.010459  0.023361
0.021413  -0.013772  -0.022779
0.001084  0.008225  0.019998
-0.004012  -0.003069  0.005626
0.000492  -0.000892  -0.010293
0.003528  -0.010014  -0.022452
0.002349  -0.001561  -0.013735
-0.010907  0.001664  0.007919
0.018537  0.011362  0.022288
0.015392  -0.001850  0.000740
0.002572  0.007887  0.018026
-0.008428  0.010094  -0.004495
0.000004  -0.001330  -0.012135
-0.010749  -0.000102  0.006819
-0.000596  -0.008438  -0.020624
0.013623  -0.002535  0.000322
0.020601  -0.014145  -0.020141
-0.007772  0.010615  -0.005451
-0.002764  -0.001105  0.004662
0.000840  -0.006484  -0.013949
0.019818  0.012199  0.023253
0.021036  -0.012791  -0.022546
0.001394  0.008236  0.019704
-0.004631  -0.006047  0.005989
0.000673  -0.000740  -0.010799
0.001364  -0.004865  -0.019003
0.000010  -0.004438  -0.011855
-0.009648  0.001036  0.007693
0.019818  0.012568  0.022997
0.012271  -0.004303  -0.000470
0.003764  0.009485  0.020009
-0.007598  0.009175  -0.005040
0.000590  -0.000377  -0.012500
-0.011619  0.002269  0.008566
0.002782  -0.010113  -0.022625
0.013358  -0.002774  0.001704
0.020954  -0.011409  -0.021694
-0.007215  0.009781  -0.007639
-0.004396  -0.011189  0.008558
0.001910  -0.001278  -0.014535
0.020524  0.012282  0.023035
0.022811  -0.013053  -0.023295
0.001591  0.005612  0.019924
-0.001144  0.001764  0.005497
-0.000962  -0.002255  -0.011132
0.001409  -0.008196  -0.021582
0.000492  -0.007064  -0.011084
-0.009857  0.001615  0.007217
0.019896  0.013231  0.022255
0.012560  -0.001988  0.001430
0.002374  0.005508  0.017218
-0.007514  0.009777  -0.004704
0.000813  -0.000174  -0.011666
-0.012788  0.001658  0.005746
0.002636  -0.008504  -0.021284
0.012609  -0.003219  0.000560
0.021731  -0.014136  -0.020397
-0.008481  0.009637  -0.005120
-0.002644  -0.000050  0.007267
0.003655  -0.011173  -0.012953
0.021371  0.014260  0.022875
0.022180  -0.011477  -0.023062
0.002086  0.006268  0.019983
-0.002006  -0.003590  0.006163
-0.000665  -0.002349  -0.011924
0.009043  0.013742  0.004366
-0.001891  -0.002812  0.012478
0.002486  -0.002103  -0.006925
-0.001689  0.008710  -0.019434
-0.022293  -0.014561  0.021004
-0.017004  0.014230  -0.023070
-0.000030  -0.008775  0.023998
0.001202  0.000148  0.013818
0.004782  -0.005116  -0.006080
0.007722  0.012351  0.003917
-0.023909  -0.013287  0.022560
-0.017771  -0.003531  0.001319
0.000408  -0.006131  0.021862
0.007178  -0.001694  -0.010410
-0.000397  -0.002391  0.012826
-0.001426  0.007454  -0.022364
-0.014157  -0.002734  0.000142
-0.016326  0.014105  -0.025695
0.009409  -0.001373  -0.005794
0.001119  -0.008651  0.013692
0.009774  0.012687  0.003141
-0.002036  -0.002924  0.012762
0.001852  0.000659  -0.005866
-0.001467  0.006461  -0.017447
-0.022256  -0.015608  0.020501
-0.017547  0.016490  -0.022421
-0.000292  -0.005812  0.022183
-0.000276  -0.007298  0.012475
0.002683  0.008581  -0.004664
0.008897  0.013024  0.000971
-0.025028  -0.017105  0.021727
-0.016902  -0.002692  0.000365
0.000154  -0.006325  0.022919
0.007864  -0.001224  -0.008715
-0.000735  -0.002515  0.011301
0.000474  0.003570  -0.019618
-0.014681  -0.001229  -0.002948
-0.015718  0.012795  -0.025459
0.008918  -0.000072  -0.006908
0.002056  -0.003042  0.014209
0.008246  0.012140  0.004637
0.000163  -0.001893  0.012036
0.003230  -0.001225  -0.005645
-0.002793  0.010720  -0.020492
-0.023933  -0.015922  0.022746
-0.016097  0.010909  -0.023684
-0.002115  -0.009795  0.024632
0.002066  0.005287  0.015257
0.002629  -0.003747  -0.004755
0.007461  0.012638  0.003187
-0.022718  -0.013961  0.023788
-0.015915  -0.001596  0.000527
-0.000963  -0.007997  0.022251
0.007513  -0.000596  -0.010495
0.000368  -0.001749  0.013582
-0.002176  0.008736  -0.022458
-0.015745  -0.003243  0.002294
-0.017352  0.015289  -0.025260
0.007907  -0.001087  -0.007019
-0.000495  -0.011051  0.012258
0.008931  0.011060  0.003514
0.000263  -0.001901  0.012080
0.002226  0.004299  -0.004330
-0.002663  0.007824  -0.018474
-0.024225  -0.017531  0.022081
-0.016833  0.013632  -0.022788
-0.001170  -0.006699  0.023172
0.000400  -0.002990  0.014322
0.000636  0.007450  -0.003404
0.008412  0.013081  0.000376
-0.023611  -0.017214  0.023159
-0.015538  -0.000838  -0.000267
-0.001333  -0.007593  0.022515
0.008294  -0.000483  -0.008896
0.000549  -0.001896  0.012214
-0.001471  0.004575  -0.019797
-0.015318  -0.001698  -0.001001
-0.016840  0.014540  -0.024767
0.007767  0.000319  -0.007251
0.000275  -0.007054  0.012697
0.008142  0.013559  0.005659
-0.001495  -0.002681  0.013244
0.002334  -0.006400  -0.006658
-0.002130  0.011685  -0.021351
-0.022449  -0.013242  0.021526
-0.016906  0.012365  -0.024013
-0.001022  -0.010921  0.025131
0.001799  0.006810  0.014556
0.004770  -0.007458  -0.006562
0.007461  0.012220  0.003869
-0.023996  -0.012440  0.023094
-0.015417  -0.003578  0.001327
0.000053  -0.008940  0.024042
0.006282  -0.001267  -0.010896
-0.000195  -0.002022  0.013034
-0.000829  0.008726  -0.023030
-0.014681  -0.002717  0.000078
-0.016512  0.012789  -0.026131
0.008171  -0.001347  -0.007687
0.001253  -0.003954  0.013813
0.008473  0.012557  0.005033
-0.001129  -0.002633  0.013504
0.001389  -0.000782  -0.005614
-0.002687  0.008857  -0.019621
-0.022561  -0.015004  0.020762
-0.017546  0.015760  -0.022629
0.000228  -0.006780  0.023067
-0.000326  -0.004759  0.013152
0.003311  0.000285  -0.005603
0.007996  0.012778  0.001908
-0.024745  -0.015006  0.022717
-0.014550  -0.002693  0.000309
-0.001197  -0.008778  0.024190
0.007515  -0.001208  -0.008902
0.000165  -0.002224  0.011982
-0.000540  0.005686  -0.021144
-0.014561  -0.001199  -0.003090
-0.015918  0.012388  -0.025526
0.007993  0.000184  -0.007873
0.001569  -0.002243  0.013712
0.008895  0.012641  0.005285
-0.000824  -0.001994  0.012301
0.004438  -0.008133  -0.006466
-0.000746  0.010671  -0.020979
-0.023744  -0.014148  0.023604
-0.015849  0.011042  -0.023643
-0.000493  -0.011217  0.025664
0.002648  0.005395  0.015929
0.002906  -0.001990  -0.005022
0.007669  0.012724  0.003776
-0.022312  -0.014373  0.023475
-0.017356  -0.001758  0.000620
0.001164  -0.007769  0.022494
0.007599  -0.000847  -0.011519
0.000162  -0.001634  0.013527
-0.001057  0.009065  -0.022719
-0.016805  -0.003156  0.002248
-0.016882  0.013442  -0.025922
0.008827  -0.001662  -0.007330
0.000954  -0.003076  0.013660
0.009353  0.011598  0.004663
-0.000731  -0.002238  0.012765
0.003604  -0.004641  -0.005509
-0.001241  0.008705  -0.019388
-0.023543  -0.015418  0.022917
-0.016510  0.014071  -0.022533
-0.000219  -0.007230  0.023089
0.000609  -0.004925  0.014212
0.001020  0.008246  -0.003830
0.008773  0.013403  0.001276
-0.023426  -0.017491  0.023094
-0.015915  -0.000916  -0.000433
-0.000025  -0.008408  0.023580
0.008844  -0.000608  -0.009265
-0.000233  -0.001997  0.012710
0.000418  0.006159  -0.020675
-0.017835  -0.001734  -0.000852
-0.016397  0.012625  -0.025685
0.007925  -0.000117  -0.008431
0.001464  0.000291  0.013530
