-309.087126  -309.087126  0.000000
308.620889  308.620889  0.000000
-0.472013  0.447925  0.528057
-0.097831  0.106019  0.035871
-0.001897  -0.001897  0.743875
-0.153601  0.155952  0.000000
0.004978  0.004978  -0.119158
-0.097831  0.106019  -0.035871
0.004978  0.004978  0.119158
-0.472013  0.447925  -0.528057
-0.001897  -0.001897  -0.743875
0.192902  -0.017695  -0.164361
0.268396  -0.139332  0.000000
0.080194  0.008092  0.022369
0.079355  -0.198698  -0.199646
0.003875  0.037897  0.000000
0.008524  -0.053303  -0.121573
0.080194  0.008092  -0.022369
0.008524  -0.053303  0.121573
0.192902  -0.017695  0.164361
0.079355  -0.198698  0.199646
-0.034391  0.143081  -0.019830
0.072464  0.067785  0.000000
-0.044696  0.043647  0.055163
0.096877  -0.016934  0.089565
-0.033401  0.039948  0.000000
0.042141  0.020686  -0.067893
-0.044696  0.043647  -0.055163
0.042141  0.020686  0.067893
-0.034391  0.143081  0.019830
0.096877  -0.016934  -0.089565
0.013594  0.184173  -0.045382
-0.066559  -0.074296  0.000000
-0.018775  -0.012388  0.104539
-0.094635  0.016075  0.090881
0.002881  0.052275  0.000000
-0.043161  -0.021113  -0.070050
-0.018775  -0.012388  -0.104539
-0.043161  -0.021113  0.070050
0.013594  0.184173  0.045382
-0.094635  0.016075  -0.090881
0.308659  0.308659  -1.120838
-0.296114  0.342869  0.000000
0.007974  0.007974  -0.182083
-0.084341  0.208490  -0.206832
-0.077278  -0.077278  0.000000
-0.010093  0.051455  -0.121645
0.007974  0.007974  0.182083
-0.010093  0.051455  0.121645
0.308659  0.308659  1.120838
-0.084341  0.208490  0.206832
-0.146811  -0.146811  -0.850048
-0.139332  0.268396  0.000000
-0.011183  -0.011183  -0.172006
-0.198698  0.079355  -0.199646
0.072097  0.072097  0.000000
-0.053303  0.008524  -0.121573
-0.011183  -0.011183  0.172006
-0.053303  0.008524  0.121573
-0.146811  -0.146811  0.850048
-0.198698  0.079355  0.199646
-0.016642  -0.177790  -0.036884
0.033875  0.033875  0.000000
0.018212  0.010324  0.104338
-0.110878  -0.110878  0.015019
0.003200  -0.051310  0.000000
-0.002416  -0.002416  -0.005581
0.018212  0.010324  -0.104338
-0.002416  -0.002416  0.005581
-0.016642  -0.177790  0.036884
-0.110878  -0.110878  -0.015019
0.036276  -0.142771  -0.018924
0.116516  0.089442  0.000000
0.044267  -0.043630  0.054832
-0.132893  0.079979  0.015404
0.034180  -0.040028  0.000000
-0.064463  0.045930  -0.137752
0.044267  -0.043630  -0.054832
-0.064463  0.045930  0.137752
0.036276  -0.142771  0.018924
-0.132893  0.079979  -0.015404
-0.196195  0.020665  -0.177469
0.157456  0.079270  0.000000
-0.081311  -0.005732  0.023966
-0.004369  0.001425  0.032083
-0.006358  -0.035178  0.000000
0.020068  0.010707  -0.043952
-0.081311  -0.005732  -0.023966
0.020068  0.010707  0.043952
-0.196195  0.020665  0.177469
-0.004369  0.001425  -0.032083
0.447925  -0.472013  0.528057
-0.087660  0.073062  0.000000
0.106019  -0.097831  0.035871
-0.104300  0.108744  0.000427
0.155952  -0.153601  0.000000
0.051072  -0.051779  -0.055383
0.106019  -0.097831  -0.035871
0.051072  -0.051779  0.055383
0.447925  -0.472013  -0.528057
-0.104300  0.108744  -0.000427
-0.177790  -0.016642  -0.036884
0.067785  0.072464  0.000000
0.010324  0.018212  0.104338
-0.016934  0.096877  0.089565
-0.051310  0.003200  0.000000
0.020686  0.042141  -0.067893
0.010324  0.018212  -0.104338
0.020686  0.042141  0.067893
-0.177790  -0.016642  0.036884
-0.016934  0.096877  -0.089565
-0.045427  -0.045427  -0.234636
0.089442  0.116516  0.000000
-0.080719  -0.080719  -0.083408
0.079979  -0.132893  0.015404
0.102057  0.102057  0.000000
0.045930  -0.064463  -0.137752
-0.080719  -0.080719  0.083408
0.045930  -0.064463  0.137752
-0.045427  -0.045427  0.234636
0.079979  -0.132893  -0.015404
-0.027354  0.027328  -0.049421
0.013626  0.013626  0.000000
0.001743  0.019617  0.053113
0.006347  0.006347  0.061697
0.048842  -0.051311  0.000000
0.058445  0.058445  0.048913
0.001743  0.019617  -0.053113
0.058445  0.058445  -0.048913
-0.027354  0.027328  0.049421
0.006347  0.006347  -0.061697
-0.036241  0.040511  -0.165401
0.006420  -0.004506  0.000000
0.011111  -0.012401  0.073144
-0.003510  0.002465  0.039591
-0.026666  0.028832  0.000000
-0.023945  0.028744  -0.055071
0.011111  -0.012401  -0.073144
-0.023945  0.028744  0.055071
-0.036241  0.040511  0.165401
-0.003510  0.002465  -0.039591
-0.017695  0.192902  -0.164361
-0.082339  -0.159477  0.000000
0.008092  0.080194  0.022369
-0.002441  0.009631  0.029913
0.037897  0.003875  0.000000
-0.011105  -0.020619  -0.044010
0.008092  0.080194  -0.022369
-0.011105  -0.020619  0.044010
-0.017695  0.192902  0.164361
-0.002441  0.009631  -0.029913
-0.142771  0.036276  -0.018924
-0.074296  -0.066559  0.000000
-0.043630  0.044267  0.054832
0.016075  -0.094635  0.090881
-0.040028  0.034180  0.000000
-0.021113  -0.043161  -0.070050
-0.043630  0.044267  -0.054832
-0.021113  -0.043161  0.070050
-0.142771  0.036276  0.018924
0.016075  -0.094635  -0.090881
0.027328  -0.027354  -0.049421
0.079270  0.157456  0.000000
0.019617  0.001743  0.053113
0.001425  -0.004369  0.032083
-0.051311  0.048842  0.000000
0.010707  0.020068  -0.043952
0.019617  0.001743  -0.053113
0.010707  0.020068  0.043952
0.027328  -0.027354  0.049421
0.001425  -0.004369  -0.032083
-0.001054  -0.001054  0.006177
-0.004506  0.006420  0.000000
0.002116  0.002116  -0.050459
0.002465  -0.003510  0.039591
-0.000828  -0.000828  0.000000
0.028744  -0.023945  -0.055071
0.002116  0.002116  0.050459
0.028744  -0.023945  0.055071
-0.001054  -0.001054  -0.006177
0.002465  -0.003510  -0.039591
-0.027117  0.026900  -0.051761
-0.015228  -0.015228  0.000000
-0.019058  -0.003753  0.051695
-0.008085  -0.008085  0.062367
0.047845  -0.050930  0.000000
-0.059478  -0.059478  0.048615
-0.019058  -0.003753  -0.051695
-0.059478  -0.059478  -0.048615
-0.027117  0.026900  0.051761
-0.008085  -0.008085  -0.062367
0.143081  -0.034391  -0.019830
-0.091630  -0.112377  0.000000
0.043647  -0.044696  0.055163
-0.081653  0.133770  0.016813
0.039948  -0.033401  0.000000
-0.046239  0.062659  -0.138487
0.043647  -0.044696  -0.055163
-0.046239  0.062659  0.138487
0.143081  -0.034391  0.019830
-0.081653  0.133770  -0.016813
0.020665  -0.196195  -0.177469
0.342869  -0.296114  0.000000
-0.005732  -0.081311  0.023966
0.208490  -0.084341  -0.206832
-0.035178  -0.006358  0.000000
0.051455  -0.010093  -0.121645
-0.005732  -0.081311  -0.023966
0.051455  -0.010093  0.121645
0.020665  -0.196195  0.177469
0.208490  -0.084341  0.206832
0.040511  -0.036241  -0.165401
0.073062  -0.087660  0.000000
-0.012401  0.011111  0.073144
0.108744  -0.104300  0.000427
0.028832  -0.026666  0.000000
-0.051779  0.051072  -0.055383
-0.012401  0.011111  -0.073144
-0.051779  0.051072  0.055383
0.040511  -0.036241  0.165401
0.108744  -0.104300  -0.000427
0.026900  -0.027117  -0.051761
-0.159477  -0.082339  0.000000
-0.003753  -0.019058  0.051695
0.009631  -0.002441  0.029913
-0.050930  0.047845  0.000000
-0.020619  -0.011105  -0.044010
-0.003753  -0.019058  -0.051695
-0.020619  -0.011105  0.044010
0.026900  -0.027117  0.051761
0.009631  -0.002441  -0.029913
0.051974  0.051974  -0.239060
-0.112377  -0.091630  0.000000
0.081037  0.081037  -0.078198
0.133770  -0.081653  0.016813
-0.102427  -0.102427  0.000000
0.062659  -0.046239  -0.138487
0.081037  0.081037  0.078198
0.062659  -0.046239  0.138487
0.051974  0.051974  0.239060
0.133770  -0.081653  -0.016813
0.184173  0.013594  -0.045382
-0.047613  -0.047613  0.000000
-0.012388  -0.018775  0.104539
0.106581  0.106581  0.023720
0.052275  0.002881  0.000000
0.002649  0.002649  -0.003463
-0.012388  -0.018775  -0.104539
0.002649  0.002649  0.003463
0.184173  0.013594  0.045382
0.106581  0.106581  -0.023720
