-2.123576  0.502190  0.218317
2.365239  1.675386  1.319078
0.984934  0.795192  0.019897
1.212031  -1.078975  0.443157
-1.661657  0.262689  -1.238425
-0.743838  -1.397261  -0.765092
-2.050750  -1.983091  -1.035768
-0.520268  1.505981  0.535495
-0.031342  0.367306  1.427055
0.508140  -0.136740  0.358453
-2.744963  -1.102036  -0.348921
0.599759  0.009944  -0.060240
-1.610298  0.136627  -0.283825
3.131243  -1.947282  -1.844290
-1.163061  -1.294426  -0.538550
0.874721  3.451291  2.087071
-0.743448  2.790479  -1.710539
-0.675571  -0.196052  0.350933
0.110179  -0.362225  0.647304
-0.475256  -2.054061  0.106782
0.352287  0.051469  -0.501875
-0.924182  0.411816  -1.691815
0.224463  0.662637  -1.994650
-0.407867  -0.788955  1.439887
-0.093142  2.494161  -1.229549
2.546652  0.029728  0.713782
-3.117328  0.227673  -0.038166
0.544282  0.109641  2.183983
-0.742942  -0.915900  -3.533305
1.279265  -2.051131  -1.742411
-0.052918  0.082998  0.334243
-0.161781  -0.570035  -1.132261
0.175526  0.406158  -1.718043
0.766240  -0.838647  1.503192
0.259902  -0.051356  -0.216760
-1.140940  -1.324831  -1.644622
0.261795  0.639949  1.003156
-0.579072  -2.678263  -2.338247
0.508228  0.988812  2.424891
-1.214316  2.667394  -0.441351
0.549156  -0.747162  -0.385791
-0.013549  1.544569  -0.186064
4.516061  0.939208  0.279682
0.418147  0.784898  -0.621803
0.730407  0.392812  -2.086459
-0.014353  2.092117  1.097268
3.868742  -1.400732  -0.554192
0.200841  0.819581  -0.471976
1.748907  -1.121925  0.078012
1.614233  0.621804  0.069133
-1.596646  0.660362  -0.582652
-0.861438  -0.359461  -0.899043
0.582082  0.535514  1.241557
0.001158  0.163007  -0.548074
-2.313206  -1.217495  -0.533503
-0.328019  0.880242  0.536353
-1.928792  -0.131639  0.910212
-2.748222  -0.011209  -0.455729
-0.817849  -0.844578  0.809662
-0.355849  0.136346  -0.184569
1.721974  -1.159281  2.053480
1.190247  2.926903  0.605684
0.278603  -0.344789  -0.183680
-0.231875  -0.868768  -1.253983
1.096765  1.481239  -0.888344
-0.686930  0.481594  0.906534
-0.957282  -1.637200  -0.650914
0.157105  -0.047155  -0.598228
-0.735532  -0.579194  -1.517593
-0.663081  1.949053  0.400965
1.016188  -0.390085  -0.249639
0.274432  -2.194509  0.284230
-0.606784  0.083957  -0.167756
-0.718401  0.103161  0.708183
0.555734  -0.196470  0.661593
0.804094  1.060221  0.432739
-0.489027  0.097245  -1.450084
0.030144  0.529934  -0.491802
0.265264  1.780974  -0.216710
0.203040  -1.041805  -2.028473
0.412933  -0.058363  1.117328
-0.826169  -1.896569  -0.675529
-1.267384  -0.147392  1.024586
-1.000549  -0.300952  -2.093813
-0.050919  -0.121571  0.533922
-0.863129  -0.232443  -0.156674
-0.727385  -0.397964  -1.128747
-2.895993  -1.028166  1.387860
-0.734865  -0.445567  0.333028
-1.196123  -0.153837  -0.717127
2.986528  -1.486260  0.109038
2.976744  0.301197  -0.941717
-2.542455  0.187454  1.886699
-0.654949  -0.218961  2.339473
-1.977857  -1.721402  -0.914604
0.266638  1.186917  0.473910
0.561364  -1.805080  1.917502
-0.323020  1.972574  -0.749805
2.464186  -1.503469  0.555918
-1.232658  -2.346117  0.668072
2.371904  2.496893  1.472272
0.070404  -0.679942  -0.038164
-2.265037  1.903920  1.253103
-0.463819  1.072132  -0.254682
-0.891060  0.162920  -0.011724
0.123884  -0.335600  1.116958
-1.412020  1.782877  -0.625540
0.286371  1.524020  -1.247045
-2.920483  -0.774980  1.626603
0.836944  0.406147  -0.444648
-0.688968  -0.482780  2.178521
-0.076379  1.480939  3.048458
0.435130  -0.190233  0.388657
0.741904  0.718169  0.035583
1.599063  -1.931062  -1.373011
0.187466  0.156986  0.326906
1.133097  -0.617571  1.568909
1.805481  -2.195535  2.293615
0.377752  -0.473704  0.609540
2.757896  0.948358  -0.182206
-0.183489  0.393227  0.379520
1.356441  -1.245647  -0.315313
2.124847  0.898901  -1.692214
-0.825621  0.057152  1.096360
-0.419030  0.133592  0.194879
0.947469  0.988038  -0.048549
0.459335  -0.870143  -0.950282
-0.327283  -0.380634  -0.312027
