2.370477  1.843035  0.628868
2.777652  -1.093497  1.072007
5.184162  1.123514  -0.685007
1.846380  1.882628  1.553597
1.807240  1.476611  -0.740534
-1.600892  -1.991321  -0.564346
-1.058600  2.960892  1.227784
-1.925791  1.301468  2.261618
2.054556  0.722391  -1.665417
1.087573  0.497192  -1.136715
0.333787  -3.907024  -1.176370
-1.231084  0.488639  0.881364
-0.449395  -2.218529  0.188360
1.018146  2.288283  1.654603
-1.960906  -3.413423  -2.236489
3.149971  -2.005095  1.308245
0.435157  -1.871468  -1.165248
-0.163715  -2.109878  -1.696613
3.561026  -0.535409  -0.962743
-2.496205  -0.934820  -0.664094
-2.439522  -3.986230  0.940272
1.040899  -0.872994  4.595690
-0.495882  1.829329  -2.743683
1.505834  0.116943  0.946200
2.498544  -0.104896  -0.545557
1.127147  2.575742  1.729179
0.507427  -2.126522  0.068873
2.190671  2.512575  0.030482
-1.523775  -2.077535  -2.197986
4.457080  1.886525  0.127418
-1.380247  -3.231750  1.082906
-0.403651  1.817661  2.726140
-0.519798  0.709012  2.440279
-1.597320  1.009192  -3.171892
-0.136018  -4.677162  -0.732966
1.391621  0.986283  5.155858
-3.439006  0.683754  -3.063222
1.929319  2.394270  1.362031
1.356946  0.229354  -3.330520
-0.092312  0.476291  -0.876830
-0.090176  2.370671  0.361008
0.295707  0.406821  2.696368
-0.754713  0.848076  -2.621654
2.790784  0.447298  1.006081
-3.455993  -2.696610  0.507160
3.085112  -0.564858  3.774525
1.041716  2.110721  -0.442591
-1.388178  -0.092444  -1.890378
-0.307523  1.870977  -1.854787
-1.795422  -1.257595  -1.497891
0.484698  0.849494  0.916609
3.324635  -3.204389  -0.767538
0.194938  1.418420  -1.989208
4.176880  -1.667809  1.204958
-3.572528  0.593117  -0.242287
-2.275208  -0.929955  0.552387
0.405831  -1.638099  -0.549903
-1.801235  1.619009  -0.147671
-1.727236  2.974432  -4.406430
1.356857  0.124887  -2.689122
-4.131544  1.067631  2.085207
2.005069  -0.493014  3.698555
-2.520355  -0.459961  -2.008410
4.702001  -1.541475  0.434462
-3.455212  -1.833642  1.512680
1.905009  0.430890  1.818107
-1.589218  -2.424642  0.134423
0.242539  -1.753551  0.289741
0.502179  1.809225  -1.866513
-2.638980  0.093442  -1.701370
-2.248474  -0.783040  -0.509285
0.372929  -3.422709  -2.972455
2.697626  1.518150  1.105541
-1.300205  0.961733  -0.607648
-2.252510  1.829360  -1.049020
3.058589  0.457203  0.685467
-0.903966  -0.636357  1.324915
-3.933655  -2.091930  0.362904
-1.725262  0.868022  -1.216848
-0.528683  -0.234484  3.192891
-3.114403  -0.949034  -0.747710
-2.563924  2.058485  0.131532
-0.579368  0.538111  0.568058
1.265359  0.698105  -0.632326
0.428044  1.930667  2.174949
2.122717  1.048708  -3.105639
-0.953290  -3.286240  -0.538934
0.024011  -0.715493  0.455721
3.063373  -0.123153  2.831065
-3.684926  0.334885  2.973882
3.115727  1.979019  -1.333464
0.418774  -3.214604  3.416679
-0.463436  -0.945519  -0.641979
0.751763  -3.938710  0.812892
0.970163  3.364530  -0.235189
-1.799047  0.866168  -4.483445
-0.045976  -1.055609  -0.074073
-0.400485  0.445444  0.452947
-0.162308  3.378784  -0.899143
-0.982087  -0.036965  0.481189
-1.277704  -0.120721  -0.196599
3.965635  -0.275034  2.375485
-0.362391  2.852776  -2.162496
1.013243  -2.123653  0.157734
-0.666927  2.196125  2.080832
-2.482356  0.770227  -0.499025
0.696623  -1.118206  -0.547620
-2.290261  2.219642  2.545625
-2.860240  0.932139  -1.701857
2.329029  2.736040  0.454481
3.444730  0.712990  -1.120593
-2.900796  1.954218  1.514447
2.572052  -2.375983  -0.891482
2.081703  1.617133  -2.934280
0.228521  1.630040  0.861659
0.262819  -0.311974  1.203004
0.949846  0.550023  -2.450469
0.315895  0.654750  2.219745
1.293231  0.935750  0.653644
-2.083754  -1.143645  -0.016611
0.592973  -1.823822  -0.638537
-1.287511  -0.306234  -2.744528
-3.669349  -0.243797  -1.008204
0.742583  1.421953  5.010501
-1.200209  -0.552631  -0.831099
-7.186356  -2.341421  -0.778249
0.903395  -0.856991  0.238965
0.500580  -1.564319  -1.660004
