-0.000000  0.005637  0.005637
0.015884  0.015884  0.015884
-0.000000  0.015477  -0.023843
-0.018115  -0.018115  0.026771
-0.000000  -0.012617  -0.000000
-0.010603  -0.010603  0.008942
-0.000000  0.015477  0.023843
-0.010603  -0.010603  -0.008942
-0.000000  0.005637  -0.005637
-0.018115  -0.018115  -0.026771
-0.000000  0.007272  -0.000000
0.015884  0.015884  -0.015884
-0.000000  -0.023843  0.015477
-0.018115  0.026771  -0.018115
-0.000000  0.010220  0.010220
-0.006691  -0.000960  -0.000960
-0.000000  -0.000253  -0.000000
-0.007850  -0.014416  0.002506
-0.000000  0.010220  -0.010220
-0.007850  -0.014416  -0.002506
-0.000000  -0.023843  -0.015477
-0.006691  -0.000960  0.000960
-0.000000  -0.001859  -0.000000
-0.018115  0.026771  0.018115
-0.000000  0.000000  -0.012617
-0.010603  0.008942  -0.010603
-0.000000  0.000000  -0.000253
-0.007850  0.002506  -0.014416
-0.000000  0.000000  -0.000000
-0.012766  -0.011307  -0.011307
-0.000000  0.000000  0.000253
-0.012766  -0.011307  0.011307
-0.000000  0.000000  0.012617
-0.007850  0.002506  0.014416
-0.000000  0.000000  -0.000000
-0.010603  0.008942  0.010603
-0.000000  0.023843  0.015477
-0.010603  -0.008942  -0.010603
-0.000000  -0.010220  0.010220
-0.007850  -0.002506  -0.014416
-0.000000  0.000253  -0.000000
-0.012766  0.011307  -0.011307
-0.000000  -0.010220  -0.010220
-0.012766  0.011307  0.011307
-0.000000  0.023843  -0.015477
-0.007850  -0.002506  0.014416
-0.000000  0.001859  -0.000000
-0.010603  -0.008942  0.010603
-0.000000  -0.005637  0.005637
-0.018115  -0.026771  -0.018115
-0.000000  -0.015477  -0.023843
-0.006691  0.000960  -0.000960
-0.000000  0.012617  -0.000000
-0.007850  0.014416  0.002506
-0.000000  -0.015477  0.023843
-0.007850  0.014416  -0.002506
-0.000000  -0.005637  -0.005637
-0.006691  0.000960  0.000960
-0.000000  -0.007272  -0.000000
-0.018115  -0.026771  0.018115
-0.000000  0.000000  0.007272
0.015884  -0.015884  0.015884
-0.000000  0.000000  -0.001859
-0.018115  0.018115  0.026771
-0.000000  0.000000  -0.000000
-0.010603  0.010603  0.008942
-0.000000  0.000000  0.001859
-0.010603  0.010603  -0.008942
-0.000000  0.000000  -0.007272
-0.018115  0.018115  -0.026771
-0.000000  0.000000  -0.000000
0.015884  -0.015884  -0.015884
-0.001016  -0.001016  -0.001016
0.026771  -0.018115  -0.018115
-0.006293  -0.006293  -0.004336
-0.000960  -0.006691  -0.000960
0.008225  0.008225  -0.000000
-0.014416  -0.007850  0.002506
-0.006293  -0.006293  0.004336
-0.014416  -0.007850  -0.002506
-0.001016  -0.001016  0.001016
-0.000960  -0.006691  0.000960
0.005637  0.005637  -0.000000
0.026771  -0.018115  0.018115
-0.006293  -0.004336  -0.006293
-0.000960  -0.000960  -0.006691
0.007148  0.004542  0.004542
-0.013771  -0.013771  -0.013771
-0.008540  0.039666  -0.000000
-0.008600  -0.008600  -0.022796
0.007148  0.004542  -0.004542
-0.008600  -0.008600  0.022796
-0.006293  -0.004336  0.006293
-0.013771  -0.013771  0.013771
0.015477  -0.023843  -0.000000
-0.000960  -0.000960  0.006691
0.008225  0.000000  0.008225
-0.014416  0.002506  -0.007850
-0.008540  0.000000  0.039666
-0.008600  -0.022796  -0.008600
0.019689  0.000000  -0.000000
-0.032331  -0.001283  -0.001283
-0.008540  0.000000  -0.039666
-0.032331  -0.001283  0.001283
0.008225  0.000000  -0.008225
-0.008600  -0.022796  0.008600
-0.012617  0.000000  -0.000000
-0.014416  0.002506  0.007850
-0.006293  0.004336  -0.006293
-0.014416  -0.002506  -0.007850
0.007148  -0.004542  0.004542
-0.008600  0.022796  -0.008600
-0.008540  -0.039666  -0.000000
-0.032331  0.001283  -0.001283
0.007148  -0.004542  -0.004542
-0.032331  0.001283  0.001283
-0.006293  0.004336  0.006293
-0.008600  0.022796  0.008600
0.015477  0.023843  -0.000000
-0.014416  -0.002506  0.007850
-0.001016  0.001016  -0.001016
-0.000960  0.000960  -0.006691
-0.006293  0.006293  -0.004336
-0.013771  0.013771  -0.013771
0.008225  -0.008225  -0.000000
-0.008600  0.008600  -0.022796
-0.006293  0.006293  0.004336
-0.008600  0.008600  0.022796
-0.001016  0.001016  0.001016
-0.013771  0.013771  0.013771
0.005637  -0.005637  -0.000000
-0.000960  0.000960  0.006691
0.005637  0.000000  0.005637
0.026771  0.018115  -0.018115
0.015477  0.000000  -0.023843
-0.000960  0.006691  -0.000960
-0.012617  0.000000  -0.000000
-0.014416  0.007850  0.002506
0.015477  0.000000  0.023843
-0.014416  0.007850  -0.002506
0.005637  0.000000  -0.005637
-0.000960  0.006691  0.000960
0.007272  0.000000  -0.000000
0.026771  0.018115  0.018115
-0.004336  -0.006293  -0.006293
0.008942  -0.010603  -0.010603
0.004542  0.007148  0.004542
0.002506  -0.007850  -0.014416
0.039666  -0.008540  -0.000000
-0.011307  -0.012766  -0.011307
0.004542  0.007148  -0.004542
-0.011307  -0.012766  0.011307
-0.004336  -0.006293  0.006293
0.002506  -0.007850  0.014416
-0.023843  0.015477  -0.000000
0.008942  -0.010603  0.010603
0.004542  0.004542  0.007148
0.002506  -0.014416  -0.007850
0.009042  0.009042  0.009042
-0.022796  -0.008600  -0.008600
-0.000094  -0.000094  -0.000000
-0.001283  -0.032331  -0.001283
0.009042  0.009042  -0.009042
-0.001283  -0.032331  0.001283
0.004542  0.004542  -0.007148
-0.022796  -0.008600  0.008600
0.010220  0.010220  -0.000000
0.002506  -0.014416  0.007850
0.039666  0.000000  -0.008540
-0.011307  -0.011307  -0.012766
-0.000094  0.000000  -0.000094
-0.001283  -0.001283  -0.032331
-0.000094  0.000000  0.000094
0.039666  0.000000  0.008540
-0.001283  -0.001283  0.032331
-0.000253  0.000000  -0.000000
-0.011307  -0.011307  0.012766
0.004542  -0.004542  0.007148
-0.011307  0.011307  -0.012766
0.009042  -0.009042  0.009042
-0.001283  0.001283  -0.032331
-0.000094  0.000094  -0.000000
0.009042  -0.009042  -0.009042
0.004542  -0.004542  -0.007148
-0.001283  0.001283  0.032331
0.010220  -0.010220  -0.000000
-0.011307  0.011307  0.012766
-0.004336  0.006293  -0.006293
0.002506  0.014416  -0.007850
0.004542  -0.007148  0.004542
-0.022796  0.008600  -0.008600
0.039666  0.008540  -0.000000
-0.001283  0.032331  -0.001283
0.004542  -0.007148  -0.004542
-0.001283  0.032331  0.001283
-0.004336  0.006293  0.006293
-0.022796  0.008600  0.008600
-0.023843  -0.015477  -0.000000
0.002506  0.014416  0.007850
-0.023843  0.000000  0.015477
0.008942  0.010603  -0.010603
0.010220  0.000000  0.010220
0.002506  0.007850  -0.014416
-0.000253  0.000000  -0.000000
-0.011307  0.012766  -0.011307
0.010220  0.000000  -0.010220
-0.011307  0.012766  0.011307
-0.023843  0.000000  -0.015477
0.002506  0.007850  0.014416
-0.001859  0.000000  -0.000000
0.008942  0.010603  0.010603
-0.000000  0.008225  0.008225
-0.008942  -0.010603  -0.010603
-0.000000  -0.008540  0.039666
-0.002506  -0.007850  -0.014416
-0.000000  0.019689  -0.000000
0.011307  -0.012766  -0.011307
-0.000000  -0.008540  -0.039666
0.011307  -0.012766  0.011307
-0.000000  0.008225  -0.008225
-0.002506  -0.007850  0.014416
-0.000000  -0.012617  -0.000000
-0.008942  -0.010603  0.010603
-0.000000  0.039666  -0.008540
-0.002506  -0.014416  -0.007850
-0.000000  -0.000094  -0.000094
0.022796  -0.008600  -0.008600
0.001283  -0.032331  -0.001283
-0.000000  -0.000094  0.000094
0.001283  -0.032331  0.001283
-0.000000  0.039666  0.008540
0.022796  -0.008600  0.008600
-0.000000  -0.000253  -0.000000
-0.002506  -0.014416  0.007850
-0.000000  0.000000  0.019689
0.011307  -0.011307  -0.012766
0.001283  -0.001283  -0.032331
-0.000000  0.000000  -0.019689
0.001283  -0.001283  0.032331
-0.000000  0.000000  -0.000000
0.011307  -0.011307  0.012766
-0.000000  -0.039666  -0.008540
0.011307  0.011307  -0.012766
-0.000000  0.000094  -0.000094
0.001283  0.001283  -0.032331
-0.000000  0.000094  0.000094
-0.000000  -0.039666  0.008540
0.001283  0.001283  0.032331
-0.000000  0.000253  -0.000000
0.011307  0.011307  0.012766
-0.000000  -0.008225  0.008225
-0.002506  0.014416  -0.007850
-0.000000  0.008540  0.039666
0.022796  0.008600  -0.008600
-0.000000  -0.019689  -0.000000
0.001283  0.032331  -0.001283
-0.000000  0.008540  -0.039666
0.001283  0.032331  0.001283
-0.000000  -0.008225  -0.008225
0.022796  0.008600  0.008600
-0.000000  0.012617  -0.000000
-0.002506  0.014416  0.007850
-0.000000  0.000000  -0.012617
-0.008942  0.010603  -0.010603
-0.000000  0.000000  -0.000253
-0.002506  0.007850  -0.014416
-0.000000  0.000000  -0.000000
0.011307  0.012766  -0.011307
-0.000000  0.000000  0.000253
0.011307  0.012766  0.011307
-0.000000  0.000000  0.012617
-0.002506  0.007850  0.014416
-0.000000  0.000000  -0.000000
-0.008942  0.010603  0.010603
0.004336  -0.006293  -0.006293
-0.026771  -0.018115  -0.018115
-0.004542  0.007148  0.004542
0.000960  -0.006691  -0.000960
-0.039666  -0.008540  -0.000000
0.014416  -0.007850  0.002506
-0.004542  0.007148  -0.004542
0.014416  -0.007850  -0.002506
0.004336  -0.006293  0.006293
0.000960  -0.006691  0.000960
0.023843  0.015477  -0.000000
-0.026771  -0.018115  0.018115
-0.004542  0.004542  0.007148
0.000960  -0.000960  -0.006691
-0.009042  0.009042  0.009042
0.013771  -0.013771  -0.013771
0.000094  -0.000094  -0.000000
0.008600  -0.008600  -0.022796
-0.009042  0.009042  -0.009042
0.008600  -0.008600  0.022796
-0.004542  0.004542  -0.007148
0.013771  -0.013771  0.013771
-0.010220  0.010220  -0.000000
0.000960  -0.000960  0.006691
-0.039666  0.000000  -0.008540
0.014416  0.002506  -0.007850
0.000094  0.000000  -0.000094
0.008600  -0.022796  -0.008600
0.032331  -0.001283  -0.001283
0.000094  0.000000  0.000094
0.032331  -0.001283  0.001283
-0.039666  0.000000  0.008540
0.008600  -0.022796  0.008600
0.000253  0.000000  -0.000000
0.014416  0.002506  0.007850
-0.004542  -0.004542  0.007148
0.014416  -0.002506  -0.007850
-0.009042  -0.009042  0.009042
0.008600  0.022796  -0.008600
0.000094  0.000094  -0.000000
0.032331  0.001283  -0.001283
-0.009042  -0.009042  -0.009042
0.032331  0.001283  0.001283
-0.004542  -0.004542  -0.007148
0.008600  0.022796  0.008600
-0.010220  -0.010220  -0.000000
0.014416  -0.002506  0.007850
0.004336  0.006293  -0.006293
0.000960  0.000960  -0.006691
-0.004542  -0.007148  0.004542
0.013771  0.013771  -0.013771
-0.039666  0.008540  -0.000000
0.008600  0.008600  -0.022796
-0.004542  -0.007148  -0.004542
0.008600  0.008600  0.022796
0.004336  0.006293  0.006293
0.013771  0.013771  0.013771
0.023843  -0.015477  -0.000000
0.000960  0.000960  0.006691
0.023843  0.000000  0.015477
-0.026771  0.018115  -0.018115
-0.010220  0.000000  0.010220
0.000960  0.006691  -0.000960
0.000253  0.000000  -0.000000
0.014416  0.007850  0.002506
-0.010220  0.000000  -0.010220
0.014416  0.007850  -0.002506
0.023843  0.000000  -0.015477
0.000960  0.006691  0.000960
0.001859  0.000000  -0.000000
-0.026771  0.018115  0.018115
0.001016  -0.001016  -0.001016
-0.015884  0.015884  0.015884
0.006293  -0.006293  -0.004336
0.018115  -0.018115  0.026771
-0.008225  0.008225  -0.000000
0.010603  -0.010603  0.008942
0.006293  -0.006293  0.004336
0.010603  -0.010603  -0.008942
0.001016  -0.001016  0.001016
0.018115  -0.018115  -0.026771
-0.005637  0.005637  -0.000000
-0.015884  0.015884  -0.015884
0.006293  -0.004336  -0.006293
0.018115  0.026771  -0.018115
-0.007148  0.004542  0.004542
0.006691  -0.000960  -0.000960
0.008540  0.039666  -0.000000
0.007850  -0.014416  0.002506
-0.007148  0.004542  -0.004542
0.007850  -0.014416  -0.002506
0.006293  -0.004336  0.006293
0.006691  -0.000960  0.000960
-0.015477  -0.023843  -0.000000
0.018115  0.026771  0.018115
-0.008225  0.000000  0.008225
0.010603  0.008942  -0.010603
0.008540  0.000000  0.039666
0.007850  0.002506  -0.014416
-0.019689  0.000000  -0.000000
0.012766  -0.011307  -0.011307
0.008540  0.000000  -0.039666
0.012766  -0.011307  0.011307
-0.008225  0.000000  -0.008225
0.007850  0.002506  0.014416
0.012617  0.000000  -0.000000
0.010603  0.008942  0.010603
0.006293  0.004336  -0.006293
0.010603  -0.008942  -0.010603
-0.007148  -0.004542  0.004542
0.007850  -0.002506  -0.014416
0.008540  -0.039666  -0.000000
0.012766  0.011307  -0.011307
-0.007148  -0.004542  -0.004542
0.012766  0.011307  0.011307
0.006293  0.004336  0.006293
0.007850  -0.002506  0.014416
-0.015477  0.023843  -0.000000
0.010603  -0.008942  0.010603
0.001016  0.001016  -0.001016
0.018115  -0.026771  -0.018115
0.006293  0.006293  -0.004336
0.006691  0.000960  -0.000960
-0.008225  -0.008225  -0.000000
0.007850  0.014416  0.002506
0.006293  0.006293  0.004336
0.007850  0.014416  -0.002506
0.001016  0.001016  0.001016
0.006691  0.000960  0.000960
-0.005637  -0.005637  -0.000000
0.018115  -0.026771  0.018115
-0.005637  0.000000  0.005637
-0.015884  -0.015884  0.015884
-0.015477  0.000000  -0.023843
0.018115  0.018115  0.026771
0.012617  0.000000  -0.000000
0.010603  0.010603  0.008942
-0.015477  0.000000  0.023843
0.010603  0.010603  -0.008942
-0.005637  0.000000  -0.005637
0.018115  0.018115  -0.026771
-0.007272  0.000000  -0.000000
-0.015884  -0.015884  -0.015884
