0.358219  -0.001990  0.005214
0.358247  -0.002021  0.005148
0.358296  -0.001953  0.004419
0.358302  -0.002054  0.005876
0.358307  -0.001955  0.004351
0.358308  -0.002062  0.005863
0.358224  -0.002008  0.005051
0.358233  -0.001963  0.005175
0.358321  -0.001932  0.004371
0.358356  -0.002043  0.005862
0.358309  -0.001962  0.004428
0.358310  -0.002050  0.005941
0.358274  -0.001965  0.005124
0.358223  -0.001982  0.005064
0.358336  -0.001927  0.004385
0.358312  -0.002060  0.005883
0.358343  -0.001897  0.004401
0.358334  -0.002049  0.005813
0.358211  -0.002000  0.005209
0.358250  -0.001993  0.005160
0.358289  -0.001939  0.004437
0.358294  -0.002056  0.005853
0.358289  -0.001949  0.004368
0.358305  -0.002043  0.005891
0.358228  -0.002019  0.005088
0.358252  -0.002034  0.005217
0.358306  -0.001988  0.004356
0.358320  -0.002053  0.005849
0.358296  -0.001952  0.004405
0.358300  -0.002045  0.005866
0.358288  -0.002029  0.005105
0.358233  -0.002017  0.005026
0.358317  -0.001967  0.004393
0.358287  -0.002039  0.005920
0.358314  -0.001988  0.004424
0.358311  -0.002059  0.005856
-0.361432  -0.012561  -0.000355
-0.361426  -0.012461  -0.000322
0.037679  0.038095  -0.024951
0.037673  0.038088  -0.025010
0.037645  0.038046  -0.025041
0.037640  0.038156  -0.024975
-0.361425  -0.012538  -0.000485
-0.361432  -0.012462  -0.000260
-0.361472  -0.012509  -0.000268
-0.361444  -0.012510  -0.000336
0.037631  0.038048  -0.025180
0.037634  0.038139  -0.024936
-0.361412  -0.012544  -0.000528
-0.361434  -0.012422  -0.000270
0.037670  0.038103  -0.025093
0.037682  0.038099  -0.024970
0.037633  0.038056  -0.025184
0.037631  0.038130  -0.024953
-0.361412  -0.012559  -0.000429
-0.361428  -0.012444  -0.000183
-0.361456  -0.012497  -0.000413
-0.361485  -0.012483  -0.000265
0.037642  0.038058  -0.025087
0.037644  0.038153  -0.024860
-0.361417  -0.012530  -0.000407
-0.361443  -0.012437  -0.000162
0.037674  0.038109  -0.025018
0.037672  0.038109  -0.025082
0.037637  0.038057  -0.025102
0.037627  0.038145  -0.024869
-0.361421  -0.012536  -0.000364
-0.361444  -0.012430  -0.000319
-0.361478  -0.012490  -0.000350
-0.361481  -0.012497  -0.000418
0.037651  0.038051  -0.025051
0.037633  0.038140  -0.025002
-0.361448  -0.012546  -0.000354
-0.361427  -0.012455  -0.000322
0.037662  0.038122  -0.024946
0.037670  0.038129  -0.025008
0.037649  0.038069  -0.025033
0.037652  0.038147  -0.024987
-0.361449  -0.012545  -0.000516
-0.361422  -0.012436  -0.000264
-0.361443  -0.012495  -0.000252
-0.361424  -0.012503  -0.000343
0.037632  0.038074  -0.025163
0.037647  0.038143  -0.024925
-0.361459  -0.012540  -0.000509
-0.361445  -0.012462  -0.000280
0.037670  0.038119  -0.025090
0.037673  0.038105  -0.024974
0.037638  0.038050  -0.025204
0.037645  0.038135  -0.024950
-0.361434  -0.012541  -0.000410
-0.361430  -0.012452  -0.000185
-0.361430  -0.012507  -0.000426
-0.361431  -0.012506  -0.000284
0.037652  0.038079  -0.025099
0.037653  0.038144  -0.024887
-0.361458  -0.012548  -0.000424
-0.361435  -0.012448  -0.000167
0.037655  0.038100  -0.025034
0.037652  0.038113  -0.025092
0.037636  0.038073  -0.025096
0.037646  0.038160  -0.024853
-0.361485  -0.012551  -0.000366
-0.361453  -0.012457  -0.000324
-0.361430  -0.012496  -0.000343
-0.361442  -0.012497  -0.000400
0.037650  0.038048  -0.025063
0.037649  0.038149  -0.024993
-0.063545  -0.008638  -0.020690
-0.063556  -0.008722  -0.019329
-0.565845  0.012758  0.181156
-0.565871  0.012745  0.181110
-0.565895  0.012710  0.181085
-0.565814  0.012861  0.181149
-0.063541  -0.008638  -0.020803
-0.063557  -0.008738  -0.019262
-0.063527  -0.008683  -0.019910
-0.063554  -0.008666  -0.019987
-0.565892  0.012704  0.180983
-0.565826  0.012849  0.181194
-0.063549  -0.008629  -0.020840
-0.063550  -0.008712  -0.019283
-0.565821  0.012769  0.181078
-0.565839  0.012771  0.181197
-0.565889  0.012722  0.181027
-0.565830  0.012848  0.181210
-0.063567  -0.008640  -0.020750
-0.063554  -0.008720  -0.019220
-0.063548  -0.008652  -0.020123
-0.063531  -0.008663  -0.019932
-0.565881  0.012706  0.181055
-0.565815  0.012847  0.181247
-0.063536  -0.008630  -0.020735
-0.063534  -0.008738  -0.019205
-0.565853  0.012774  0.181146
-0.565818  0.012777  0.181078
-0.565874  0.012692  0.181051
-0.565817  0.012820  0.181233
-0.063519  -0.008624  -0.020718
-0.063529  -0.008714  -0.019339
-0.063546  -0.008678  -0.020018
-0.063528  -0.008678  -0.020124
-0.565889  0.012720  0.181119
-0.565814  0.012831  0.181142
-0.063535  -0.008610  -0.020673
-0.063552  -0.008691  -0.019323
-0.565831  0.012787  0.181188
-0.565850  0.012782  0.181134
-0.565891  0.012732  0.181099
-0.565829  0.012833  0.181129
-0.063535  -0.008630  -0.020815
-0.063553  -0.008692  -0.019249
-0.063530  -0.008652  -0.019901
-0.063569  -0.008655  -0.019993
-0.565893  0.012738  0.181016
-0.565847  0.012846  0.181188
-0.063550  -0.008623  -0.020839
-0.063556  -0.008712  -0.019305
-0.565809  0.012786  0.181075
-0.565833  0.012771  0.181175
-0.565892  0.012707  0.181001
-0.565836  0.012850  0.181215
-0.063548  -0.008611  -0.020737
-0.063545  -0.008700  -0.019231
-0.063556  -0.008660  -0.020140
-0.063525  -0.008662  -0.019947
-0.565885  0.012700  0.181049
-0.565832  0.012824  0.181240
-0.063539  -0.008645  -0.020750
-0.063532  -0.008703  -0.019199
-0.565846  0.012754  0.181128
-0.565812  0.012778  0.181080
-0.565874  0.012716  0.181069
-0.565826  0.012849  0.181247
-0.063529  -0.008631  -0.020724
-0.063537  -0.008706  -0.019348
-0.063543  -0.008654  -0.020017
-0.063529  -0.008648  -0.020109
-0.565894  0.012720  0.181106
-0.565824  0.012855  0.181162
0.565788  -0.012878  -0.181217
0.565866  -0.012714  -0.181173
0.063534  0.008635  0.019932
0.063559  0.008642  0.019867
0.063547  0.008803  0.019325
0.063545  0.008736  0.020589
0.565796  -0.012870  -0.181334
0.565853  -0.012692  -0.181139
0.565824  -0.012780  -0.180725
0.565858  -0.012775  -0.180782
0.063530  0.008796  0.019194
0.063555  0.008752  0.020652
0.565799  -0.012867  -0.181292
0.565849  -0.012727  -0.181131
0.063523  0.008642  0.019803
0.063526  0.008620  0.019918
0.063527  0.008772  0.019177
0.063531  0.008720  0.020631
0.565813  -0.012877  -0.181257
0.565870  -0.012730  -0.181075
0.565840  -0.012805  -0.180832
0.565811  -0.012823  -0.180739
0.063554  0.008792  0.019256
0.063536  0.008712  0.020710
0.565806  -0.012890  -0.181280
0.565869  -0.012722  -0.181100
0.063536  0.008619  0.019831
0.063511  0.008629  0.019784
0.063533  0.008784  0.019247
0.063533  0.008739  0.020740
0.565791  -0.012880  -0.181208
0.565857  -0.012741  -0.181188
0.565852  -0.012799  -0.180779
0.565842  -0.012788  -0.180830
0.063523  0.008760  0.019299
0.063519  0.008730  0.020597
0.565803  -0.012883  -0.181219
0.565857  -0.012753  -0.181196
0.063546  0.008621  0.019940
0.063573  0.008622  0.019853
0.063556  0.008752  0.019320
0.063542  0.008722  0.020603
0.565813  -0.012859  -0.181300
0.565850  -0.012730  -0.181149
0.565801  -0.012820  -0.180750
0.565844  -0.012798  -0.180795
0.063544  0.008760  0.019195
0.063556  0.008716  0.020644
0.565803  -0.012893  -0.181316
0.565847  -0.012714  -0.181125
0.063534  0.008622  0.019789
0.063527  0.008621  0.019919
0.063530  0.008771  0.019185
0.063529  0.008729  0.020628
0.565816  -0.012898  -0.181284
0.565864  -0.012740  -0.181095
0.565825  -0.012797  -0.180825
0.565810  -0.012796  -0.180723
0.063570  0.008765  0.019254
0.063541  0.008721  0.020724
0.565825  -0.012877  -0.181253
0.565869  -0.012735  -0.181090
0.063541  0.008631  0.019861
0.063522  0.008644  0.019818
0.063541  0.008768  0.019257
0.063535  0.008703  0.020720
0.565794  -0.012887  -0.181212
0.565858  -0.012723  -0.181166
0.565843  -0.012787  -0.180769
0.565828  -0.012807  -0.180845
0.063526  0.008777  0.019313
0.063520  0.008719  0.020575
-0.037569  -0.038200  0.024942
-0.037596  -0.038046  0.024971
0.361406  0.012449  0.000766
0.361395  0.012459  0.000674
0.361373  0.012415  0.000266
0.361384  0.012553  0.000265
-0.037572  -0.038216  0.024818
-0.037582  -0.038074  0.025047
-0.037632  -0.038115  0.025451
-0.037639  -0.038108  0.025352
0.361376  0.012411  0.000125
0.361367  0.012563  0.000352
-0.037601  -0.038187  0.024787
-0.037608  -0.038084  0.025009
0.361435  0.012475  0.000581
0.361454  0.012468  0.000738
0.361419  0.012413  0.000084
0.361409  0.012548  0.000328
-0.037580  -0.038179  0.024872
-0.037600  -0.038056  0.025095
-0.037652  -0.038117  0.025263
-0.037648  -0.038138  0.025400
0.361386  0.012409  0.000186
0.361402  0.012546  0.000406
-0.037590  -0.038201  0.024875
-0.037586  -0.038070  0.025121
0.361439  0.012462  0.000673
0.361428  0.012451  0.000613
0.361394  0.012404  0.000216
0.361384  0.012556  0.000467
-0.037605  -0.038198  0.024919
-0.037607  -0.038084  0.024964
-0.037651  -0.038135  0.025346
-0.037648  -0.038128  0.025303
0.361422  0.012404  0.000251
0.361413  0.012551  0.000300
-0.037581  -0.038179  0.024927
-0.037578  -0.038071  0.024945
0.361409  0.012468  0.000765
0.361389  0.012473  0.000650
0.361353  0.012377  0.000251
0.361362  0.012517  0.000271
-0.037581  -0.038180  0.024827
-0.037564  -0.038088  0.025041
-0.037609  -0.038165  0.025445
-0.037609  -0.038148  0.025351
0.361371  0.012391  0.000137
0.361351  0.012498  0.000352
-0.037595  -0.038186  0.024765
-0.037593  -0.038081  0.025015
0.361421  0.012469  0.000557
0.361435  0.012480  0.000721
0.361389  0.012408  0.000084
0.361404  0.012538  0.000335
-0.037589  -0.038161  0.024837
-0.037583  -0.038062  0.025069
-0.037634  -0.038128  0.025273
-0.037640  -0.038131  0.025404
0.361349  0.012390  0.000168
0.361383  0.012525  0.000416
-0.037592  -0.038176  0.024889
-0.037576  -0.038079  0.025126
0.361423  0.012488  0.000680
0.361428  0.012484  0.000626
0.361386  0.012396  0.000224
0.361379  0.012502  0.000456
-0.037600  -0.038193  0.024915
-0.037595  -0.038068  0.024986
-0.037647  -0.038147  0.025359
-0.037633  -0.038156  0.025311
0.361406  0.012416  0.000260
0.361409  0.012522  0.000296
-0.358285  0.002116  -0.005852
-0.358302  0.002054  -0.004489
-0.358272  0.002095  -0.005943
-0.358291  0.002060  -0.004486
-0.358200  0.001998  -0.005223
-0.358246  0.001974  -0.005241
-0.358289  0.002128  -0.005916
-0.358303  0.002056  -0.004556
-0.358308  0.002122  -0.005859
-0.358302  0.002038  -0.004434
-0.358223  0.001939  -0.005271
-0.358214  0.001951  -0.005255
-0.358283  0.002112  -0.005947
-0.358274  0.002047  -0.004478
-0.358287  0.002134  -0.005919
-0.358285  0.002054  -0.004602
-0.358233  0.001972  -0.005328
-0.358194  0.001982  -0.005330
-0.358300  0.002119  -0.005857
-0.358303  0.002011  -0.004532
-0.358282  0.002127  -0.005919
-0.358303  0.002029  -0.004501
-0.358211  0.001946  -0.005245
-0.358249  0.001937  -0.005263
-0.358288  0.002087  -0.005931
-0.358290  0.002057  -0.004529
-0.358311  0.002098  -0.005885
-0.358294  0.002017  -0.004448
-0.358221  0.001954  -0.005275
-0.358217  0.001987  -0.005237
-0.358287  0.002132  -0.005914
-0.358276  0.002037  -0.004465
-0.358278  0.002115  -0.005900
-0.358282  0.002064  -0.004561
-0.358241  0.001979  -0.005309
-0.358200  0.001952  -0.005331
