0.001407  0.000415  0.001078
0.001537  0.000627  -0.001673
0.001001  -0.000593  -0.000715
0.001499  0.000690  -0.000995
0.001502  -0.001346  0.000502
0.000935  0.000341  0.000255
-0.000023  -0.000428  -0.000384
0.001627  -0.000903  0.000965
0.001962  0.000003  -0.000318
0.001484  -0.000745  -0.001206
0.001944  -0.000342  0.000173
0.000017  -0.000461  -0.001114
0.001056  -0.000379  -0.000381
0.001452  0.000666  0.000744
0.001547  -0.000852  0.000914
0.001603  0.001037  -0.001876
-0.000028  -0.000410  -0.000113
-0.002133  -0.000653  0.000148
0.001642  -0.000838  0.002132
0.001455  0.001331  -0.000537
0.001484  -0.000410  -0.000826
0.000848  0.000804  0.000817
0.000015  -0.000526  -0.000944
0.001959  -0.000096  0.000244
0.001926  -0.000035  -0.000042
-0.002081  -0.000878  0.000248
0.001439  0.000422  0.001057
0.001565  0.000664  -0.001676
0.001012  -0.000593  -0.000732
0.001458  0.000723  -0.001017
0.001469  -0.001410  0.000470
0.000920  0.000351  0.000261
-0.000050  -0.000408  -0.000383
0.001668  -0.000897  0.001004
0.001962  -0.000026  -0.000253
0.001540  -0.000736  -0.001225
0.001967  -0.000345  0.000183
0.000016  -0.000435  -0.001120
0.001006  -0.000389  -0.000409
0.001392  0.000671  0.000731
0.001507  -0.000875  0.000912
0.001588  0.001062  -0.001903
-0.000025  -0.000430  -0.000109
-0.002131  -0.000665  0.000134
0.001563  -0.000824  0.002091
0.001405  0.001338  -0.000569
0.001458  -0.000402  -0.000829
0.000886  0.000816  0.000814
0.000039  -0.000532  -0.000914
0.001955  -0.000105  0.000286
0.001913  -0.000010  -0.000054
-0.002097  -0.000870  0.000188
0.001407  0.000415  0.001078
0.001537  0.000627  -0.001673
0.001001  -0.000593  -0.000715
0.001499  0.000690  -0.000995
0.001502  -0.001346  0.000502
0.000935  0.000341  0.000255
-0.000023  -0.000428  -0.000384
0.001627  -0.000903  0.000965
0.001962  0.000003  -0.000318
0.001484  -0.000745  -0.001206
0.001944  -0.000342  0.000173
0.000017  -0.000461  -0.001114
0.001056  -0.000379  -0.000381
0.001452  0.000666  0.000744
0.001547  -0.000852  0.000914
0.001603  0.001037  -0.001876
-0.000028  -0.000410  -0.000113
-0.002133  -0.000653  0.000148
0.001642  -0.000838  0.002132
0.001455  0.001331  -0.000537
0.001484  -0.000410  -0.000826
0.000848  0.000804  0.000817
0.000015  -0.000526  -0.000944
0.001959  -0.000096  0.000244
0.001926  -0.000035  -0.000042
-0.002081  -0.000878  0.000248
0.001439  0.000422  0.001057
0.001565  0.000664  -0.001676
0.001012  -0.000593  -0.000732
0.001458  0.000723  -0.001017
0.001469  -0.001410  0.000470
0.000920  0.000351  0.000261
-0.000050  -0.000408  -0.000383
0.001668  -0.000897  0.001004
0.001962  -0.000026  -0.000253
0.001540  -0.000736  -0.001225
0.001967  -0.000345  0.000183
0.000016  -0.000435  -0.001120
0.001006  -0.000389  -0.000409
0.001392  0.000671  0.000731
0.001507  -0.000875  0.000912
0.001588  0.001062  -0.001903
-0.000025  -0.000430  -0.000109
-0.002131  -0.000665  0.000134
0.001563  -0.000824  0.002091
0.001405  0.001338  -0.000569
0.001458  -0.000402  -0.000829
0.000886  0.000816  0.000814
0.000039  -0.000532  -0.000914
0.001955  -0.000105  0.000286
0.001913  -0.000010  -0.000054
-0.002097  -0.000870  0.000188
-0.001830  0.000257  0.000350
-0.001973  0.000239  0.000431
-0.000107  0.000329  0.001374
-0.000850  0.001570  -0.000839
-0.001531  0.000019  0.001121
-0.001387  0.001180  0.000694
-0.001600  -0.001314  -0.001421
0.002065  0.000504  -0.000625
0.000024  0.000364  -0.000173
-0.001553  0.001749  0.001582
-0.001500  -0.000673  -0.001007
-0.001365  0.000375  -0.001085
-0.001079  -0.001059  0.000212
0.000018  0.000469  0.000995
-0.001781  0.000093  -0.000921
-0.001471  -0.000191  0.000829
-0.001942  0.000196  -0.000210
-0.001685  -0.001627  -0.001384
0.000005  0.000379  0.000576
-0.000913  0.001130  -0.000454
-0.001458  -0.001155  -0.000465
-0.001451  0.000576  0.000955
-0.001068  -0.001323  0.000696
0.002004  0.000412  0.000276
-0.001604  0.001501  0.002266
-0.001443  0.000063  -0.000815
-0.001817  0.000238  0.000349
-0.001980  0.000229  0.000445
-0.000051  0.000347  0.001423
-0.000816  0.001513  -0.000784
-0.001498  0.000051  0.001155
-0.001428  0.001135  0.000725
-0.001638  -0.001327  -0.001470
0.001998  0.000445  -0.000669
0.000013  0.000370  -0.000171
-0.001522  0.001703  0.001529
-0.001565  -0.000634  -0.001052
-0.001470  0.000396  -0.001119
-0.001159  -0.001076  0.000209
-0.000022  0.000476  0.001010
-0.001767  0.000060  -0.000955
-0.001456  -0.000211  0.000851
-0.001945  0.000206  -0.000189
-0.001607  -0.001608  -0.001373
-0.000010  0.000382  0.000598
-0.000892  0.001114  -0.000456
-0.001481  -0.001165  -0.000466
-0.001456  0.000556  0.000976
-0.001002  -0.001346  0.000720
0.001976  0.000407  0.000280
-0.001602  0.001523  0.002266
-0.001389  0.000041  -0.000826
-0.001830  0.000257  0.000350
-0.001973  0.000239  0.000431
-0.000107  0.000329  0.001374
-0.000850  0.001570  -0.000839
-0.001531  0.000019  0.001121
-0.001387  0.001180  0.000694
-0.001600  -0.001314  -0.001421
0.002065  0.000504  -0.000625
0.000024  0.000364  -0.000173
-0.001553  0.001749  0.001582
-0.001500  -0.000673  -0.001007
-0.001365  0.000375  -0.001085
-0.001079  -0.001059  0.000212
0.000018  0.000469  0.000995
-0.001781  0.000093  -0.000921
-0.001471  -0.000191  0.000829
-0.001942  0.000196  -0.000210
-0.001685  -0.001627  -0.001384
0.000005  0.000379  0.000576
-0.000913  0.001130  -0.000454
-0.001458  -0.001155  -0.000465
-0.001451  0.000576  0.000955
-0.001068  -0.001323  0.000696
0.002004  0.000412  0.000276
-0.001604  0.001501  0.002266
-0.001443  0.000063  -0.000815
-0.001817  0.000238  0.000349
-0.001980  0.000229  0.000445
-0.000051  0.000347  0.001423
-0.000816  0.001513  -0.000784
-0.001498  0.000051  0.001155
-0.001428  0.001135  0.000725
-0.001638  -0.001327  -0.001470
0.001998  0.000445  -0.000669
0.000013  0.000370  -0.000171
-0.001522  0.001703  0.001529
-0.001565  -0.000634  -0.001052
-0.001470  0.000396  -0.001119
-0.001159  -0.001076  0.000209
-0.000022  0.000476  0.001010
-0.001767  0.000060  -0.000955
-0.001456  -0.000211  0.000851
-0.001945  0.000206  -0.000189
-0.001607  -0.001608  -0.001373
-0.000010  0.000382  0.000598
-0.000892  0.001114  -0.000456
-0.001481  -0.001165  -0.000466
-0.001456  0.000556  0.000976
-0.001002  -0.001346  0.000720
0.001976  0.000407  0.000280
-0.001602  0.001523  0.002266
-0.001389  0.000041  -0.000826
