# d_tel = 3m, read_noise = 30, n=500
# 	rows are: f_snr_1ms, z_snr_1ms, f_snr_10ms, z_snr_10ms
1.000000000000000000e+00 1.500000000000000000e+00 2.000000000000000000e+00 2.500000000000000000e+00 3.000000000000000000e+00 3.500000000000000000e+00 4.000000000000000000e+00 4.500000000000000000e+00 5.000000000000000000e+00 5.500000000000000000e+00 6.000000000000000000e+00 6.500000000000000000e+00 7.000000000000000000e+00 7.500000000000000000e+00 8.000000000000000000e+00 8.500000000000000000e+00 9.000000000000000000e+00 9.500000000000000000e+00 1.000000000000000000e+01 1.050000000000000000e+01 1.100000000000000000e+01 1.150000000000000000e+01
1.236630909715871667e+02 8.919082317398989801e+01 6.865393390470551083e+01 4.396667828544186563e+01 3.003619976704715455e+01 2.055922539214190081e+01 1.317118712468145603e+01 8.506473585422551054e+00 5.518776689580491279e+00 3.666041103482945651e+00 2.231680765448993409e+00 1.433149272323189560e+00 9.411980689705784497e-01 5.527183999481732890e-01 3.612343371444595164e-01 2.284798306459616124e-01 1.458954454714382343e-01 8.916291238343691805e-02 5.602048776027203358e-02 3.632041752497650738e-02 2.347333625990423098e-02 1.420441772852631436e-02
-3.013208358123067399e+01 -2.136722629429727149e+01 -1.414133439072010212e+01 -1.066325292488573950e+01 -7.590015767327040308e+00 -4.907084527306899702e+00 -3.006305618937830992e+00 -2.025988975344685805e+00 -1.339500925981777613e+00 -8.017147455441320236e-01 -5.254301684413228424e-01 -3.677361596478899153e-01 -2.301433695083500708e-01 -1.482102920237586274e-01 -7.635352260444071282e-02 -5.024368261452592799e-02 -3.364226311324486351e-02 -1.782114034546073908e-02 -1.479885657529969242e-02 -8.872375079997215502e-03 -5.115153539806832801e-03 -3.184994795490422251e-03
4.784929113520675514e+02 3.556582334463780626e+02 2.900827746138326688e+02 1.991552622740473737e+02 1.860743521327930807e+02 1.255106415308910641e+02 8.584754589431990723e+01 6.448358801579929889e+01 4.516785516748283413e+01 2.944432483962239644e+01 1.978238885645327017e+01 1.406525950176950168e+01 8.807033139766279106e+00 5.701729571890442827e+00 3.712309074574373646e+00 2.318597266849814265e+00 1.369343036167739447e+00 8.803435396327314866e-01 5.916976496670504071e-01 3.426380723246260085e-01 2.492586118916794991e-01 1.482681581738233834e-01
-1.048660175947079267e+02 -7.681401879299679081e+01 -6.409450316395347613e+01 -4.976301468726104815e+01 -3.688569451401670563e+01 -3.192252965862087777e+01 -2.259087315666804230e+01 -1.411629292030863425e+01 -9.325454674681433076e+00 -6.420751543923399751e+00 -5.121049398555540755e+00 -3.531531703667885491e+00 -2.248452592015326879e+00 -1.295579677051780676e+00 -7.549980231850571544e-01 -4.497366148870683422e-01 -3.316727329892472098e-01 -2.241810971556504328e-01 -1.529482568158441469e-01 -8.298664989831595895e-02 -5.902998807814678617e-02 -3.081267783694194295e-02
# d_tel = 10m, read_noise = 1, n=500
# 	rows are: f_snr_1ms, z_snr_1ms, f_snr_10ms, z_snr_10ms
1.000000000000000000e+00 1.500000000000000000e+00 2.000000000000000000e+00 2.500000000000000000e+00 3.000000000000000000e+00 3.500000000000000000e+00 4.000000000000000000e+00 4.500000000000000000e+00 5.000000000000000000e+00 5.500000000000000000e+00 6.000000000000000000e+00 6.500000000000000000e+00 7.000000000000000000e+00 7.500000000000000000e+00 8.000000000000000000e+00 8.500000000000000000e+00 9.000000000000000000e+00 9.500000000000000000e+00 1.000000000000000000e+01 1.050000000000000000e+01 1.100000000000000000e+01 1.150000000000000000e+01
4.779698722165229583e+02 4.108961021203857058e+02 2.944257051378232859e+02 2.401183189787686842e+02 2.033444652067436493e+02 1.512507366675855849e+02 1.283704016360067897e+02 9.248727412460630148e+01 8.020781475330016974e+01 5.795161036311648672e+01 4.672135670092143300e+01 3.321455317333717261e+01 2.717680829573185619e+01 2.026848875777687198e+01 1.466431134097509492e+01 1.064928062525502206e+01 7.774324369470114959e+00 4.795728734914114888e+00 3.184914743857943265e+00 2.074053975125817573e+00 1.296777322738999150e+00 8.702530264833423512e-01
-1.028543829843263495e+02 -8.476244228547366788e+01 -6.351466140047250519e+01 -5.333015768918992450e+01 -4.824642136684699523e+01 -3.162847021091831223e+01 -3.226631744453291617e+01 -1.974416107115383667e+01 -1.876892641200323197e+01 -1.109629725365499553e+01 -9.400459453044366143e+00 -8.760174646474583326e+00 -5.946170927123406003e+00 -4.688169931748392472e+00 -3.308562125634248119e+00 -2.291059443836615639e+00 -1.535221134349440408e+00 -1.080235256735788241e+00 -7.116538350530762225e-01 -4.801216488284418826e-01 -2.816282900244191922e-01 -2.108146531591858774e-01
1.650511144805736421e+03 1.326438646243657331e+03 9.425022301250377268e+02 7.660113036624733240e+02 6.250081630263874786e+02 4.855450712683858114e+02 3.999942284087938447e+02 3.163183530992743044e+02 2.531823141443068153e+02 2.033978628880100246e+02 1.573225300087691210e+02 1.248097632588931418e+02 9.548364567323677932e+01 7.576995847117889582e+01 6.153710611946033993e+01 4.899544903979230526e+01 3.791645278941874864e+01 2.809275138382751535e+01 1.982164080861541322e+01 1.474378421351593538e+01 1.072952137171304976e+01 6.439850790217098719e+00
-3.555906968469405456e+02 -2.955094763665448454e+02 -2.088470094532695498e+02 -1.642902944828170178e+02 -1.254803693139526928e+02 -1.099807214398042561e+02 -7.715248542297366896e+01 -6.887270981759839117e+01 -5.830533244851930874e+01 -3.450934645530626455e+01 -3.470932558748177144e+01 -2.932166244860129112e+01 -2.375914409451492659e+01 -1.665608863117625305e+01 -1.081060969775782077e+01 -1.191660135047871627e+01 -7.685080505760844005e+00 -7.093878275124226640e+00 -4.637289399174211901e+00 -3.048156260450746391e+00 -2.361460431169847052e+00 -1.506568396883768424e+00
