0.0000000000 0.0000000000
0.1111111111 0.0000000000
0.2222222222 0.0000000000
0.3333333333 0.0000000000
0.4444444444 0.0000000000
0.5555555556 0.0000000000
0.6666666667 0.0000000000
0.7777777778 0.0000000000
0.8888888889 0.0000000000
1.0000000000 0.0000000000
0.0000000000 0.1111111111
0.1111111111 0.1111111111
0.2222222222 0.1111111111
0.3333333333 0.1111111111
0.4444444444 0.1111111111
0.5555555556 0.1111111111
0.6666666667 0.1111111111
0.7777777778 0.1111111111
0.8888888889 0.1111111111
1.0000000000 0.1111111111
0.0000000000 0.2222222222
0.1111111111 0.2222222222
0.2222222222 0.2222222222
0.3333333333 0.2222222222
0.4444444444 0.2222222222
0.5555555556 0.2222222222
0.6666666667 0.2222222222
0.7777777778 0.2222222222
0.8888888889 0.2222222222
1.0000000000 0.2222222222
0.0000000000 0.3333333333
0.1111111111 0.3333333333
0.2222222222 0.3333333333
0.3333333333 0.3333333333
0.4444444444 0.3333333333
0.5555555556 0.3333333333
0.6666666667 0.3333333333
0.7777777778 0.3333333333
0.8888888889 0.3333333333
1.0000000000 0.3333333333
0.0000000000 0.4444444444
0.1111111111 0.4444444444
0.2222222222 0.4444444444
0.3333333333 0.4444444444
0.4444444444 0.4444444444
0.5555555556 0.4444444444
0.6666666667 0.4444444444
0.7777777778 0.4444444444
0.8888888889 0.4444444444
1.0000000000 0.4444444444
0.0000000000 0.5555555556
0.1111111111 0.5555555556
0.2222222222 0.5555555556
0.3333333333 0.5555555556
0.4444444444 0.5555555556
0.0000000000 0.6666666667
0.1111111111 0.6666666667
0.2222222222 0.6666666667
0.3333333333 0.6666666667
0.4444444444 0.6666666667
0.0000000000 0.7777777778
0.1111111111 0.7777777778
0.2222222222 0.7777777778
0.3333333333 0.7777777778
0.4444444444 0.7777777778
0.0000000000 0.8888888889
0.1111111111 0.8888888889
0.2222222222 0.8888888889
0.3333333333 0.8888888889
0.4444444444 0.8888888889
0.0000000000 1.0000000000
0.1111111111 1.0000000000
0.2222222222 1.0000000000
0.3333333333 1.0000000000
0.4444444444 1.0000000000
