0.0000000000
35.5293400060
49.4645094389
52.9527029879
50.1826428920
43.3809136938
34.1700065530
23.6410202055
12.4542028307
1.0000000000
30.0000000000
46.3264252925
54.6879973809
56.0818298103
52.1984774431
44.5855026651
34.8290461563
23.9699357192
12.5878955587
1.0000000000
60.0000000000
65.0883637830
66.8792249821
64.4881414292
57.9439344052
47.9335733670
36.5907396880
24.8217809561
12.9274436849
1.0000000000
90.0000000000
87.1478048574
83.2523973351
77.0475765191
67.1555453816
52.6141167098
38.7785582726
25.7990047325
13.3000982247
1.0000000000
120.0000000000
110.2504583116
101.9349829819
93.2942219306
81.0165538923
56.5887898180
40.1103719599
26.2955814766
13.4739444815
1.0000000000
150.0000000000
131.9190454069
120.9428543504
113.1777743290
108.6109989116
155.7414344828
146.4828689656
136.7396146839
129.8630221232
127.0718930962
180.0000000000
161.5313812887
149.6697132965
142.4628063837
139.9505292268
182.4864714464
169.9729428928
157.9450508296
150.3679608884
147.8046110435
210.0000000000
177.9288680066
161.7695862407
153.2593752970
150.5319931702
