0.000000  -0.000747  0.000545
-0.000000  -0.000107  -0.000313
-0.000000  -0.000747  0.000545
-0.000000  -0.000107  -0.000313
-0.000000  -0.000000  0.000000
0.000000  -0.000511  0.000147
0.000000  0.000511  -0.000147
-0.000000  0.000567  -0.000229
-0.000000  -0.000000  0.000000
-0.000000  -0.000511  0.000147
-0.000000  -0.000426  -0.000820
0.000000  -0.000567  0.000229
0.000000  0.000511  -0.000147
-0.000000  0.000567  -0.000229
0.000000  -0.000426  -0.000820
0.000000  -0.000567  0.000229
0.000000  0.000747  -0.000545
0.000000  0.000426  0.000820
0.000000  0.000107  0.000313
0.000000  0.000747  -0.000545
-0.000000  0.000426  0.000820
0.000000  0.000107  0.000313
0.000000  -0.000747  0.000545
0.000000  -0.000107  -0.000313
-0.000000  -0.000747  0.000545
0.000000  -0.000107  -0.000313
-0.000000  -0.000000  0.000000
-0.000000  -0.000511  0.000147
0.000000  0.000511  -0.000147
-0.000000  0.000567  -0.000229
0.000000  -0.000000  0.000000
0.000000  -0.000511  0.000147
0.000000  -0.000426  -0.000820
0.000000  -0.000567  0.000229
0.000000  0.000511  -0.000147
-0.000000  0.000567  -0.000229
0.000000  -0.000426  -0.000820
0.000000  -0.000567  0.000229
0.000000  0.000747  -0.000545
-0.000000  0.000426  0.000820
-0.000000  0.000107  0.000313
0.000000  0.000747  -0.000545
0.000000  0.000426  0.000820
0.000000  0.000107  0.000313
-0.000000  -0.000747  0.000545
-0.000000  -0.000107  -0.000313
0.000000  -0.000747  0.000545
-0.000000  -0.000107  -0.000313
-0.000000  -0.000000  0.000000
0.000000  -0.000511  0.000147
0.000000  0.000511  -0.000147
0.000000  0.000567  -0.000229
-0.000000  -0.000000  0.000000
-0.000000  -0.000511  0.000147
0.000000  -0.000426  -0.000820
0.000000  -0.000567  0.000229
-0.000000  0.000511  -0.000147
-0.000000  0.000567  -0.000229
-0.000000  -0.000426  -0.000820
0.000000  -0.000567  0.000229
0.000000  0.000747  -0.000545
-0.000000  0.000426  0.000820
0.000000  0.000107  0.000313
0.000000  0.000747  -0.000545
0.000000  0.000426  0.000820
0.000000  0.000107  0.000313
-0.000000  -0.000747  0.000545
0.000000  -0.000107  -0.000313
-0.000000  -0.000747  0.000545
-0.000000  -0.000107  -0.000313
-0.000000  -0.000000  0.000000
0.000000  -0.000511  0.000147
0.000000  0.000511  -0.000147
0.000000  0.000567  -0.000229
-0.000000  -0.000000  0.000000
-0.000000  -0.000511  0.000147
0.000000  -0.000426  -0.000820
-0.000000  -0.000567  0.000229
-0.000000  0.000511  -0.000147
0.000000  0.000567  -0.000229
0.000000  -0.000426  -0.000820
0.000000  -0.000567  0.000229
0.000000  0.000747  -0.000545
-0.000000  0.000426  0.000820
0.000000  0.000107  0.000313
0.000000  0.000747  -0.000545
0.000000  0.000426  0.000820
0.000000  0.000107  0.000313
-0.000000  -0.000747  0.000545
-0.000000  -0.000107  -0.000313
-0.000000  -0.000747  0.000545
-0.000000  -0.000107  -0.000313
0.000000  -0.000000  0.000000
0.000000  -0.000511  0.000147
0.000000  0.000511  -0.000147
-0.000000  0.000567  -0.000229
0.000000  -0.000000  0.000000
-0.000000  -0.000511  0.000147
-0.000000  -0.000426  -0.000820
-0.000000  -0.000567  0.000229
0.000000  0.000511  -0.000147
-0.000000  0.000567  -0.000229
-0.000000  -0.000426  -0.000820
-0.000000  -0.000567  0.000229
0.000000  0.000747  -0.000545
0.000000  0.000426  0.000820
0.000000  0.000107  0.000313
0.000000  0.000747  -0.000545
0.000000  0.000426  0.000820
0.000000  0.000107  0.000313
-0.000000  -0.000747  0.000545
-0.000000  -0.000107  -0.000313
-0.000000  -0.000747  0.000545
0.000000  -0.000107  -0.000313
-0.000000  -0.000000  0.000000
-0.000000  -0.000511  0.000147
-0.000000  0.000511  -0.000147
0.000000  0.000567  -0.000229
0.000000  -0.000000  0.000000
0.000000  -0.000511  0.000147
0.000000  -0.000426  -0.000820
0.000000  -0.000567  0.000229
-0.000000  0.000511  -0.000147
0.000000  0.000567  -0.000229
-0.000000  -0.000426  -0.000820
-0.000000  -0.000567  0.000229
-0.000000  0.000747  -0.000545
0.000000  0.000426  0.000820
-0.000000  0.000107  0.000313
0.000000  0.000747  -0.000545
-0.000000  0.000426  0.000820
0.000000  0.000107  0.000313
0.000000  -0.000747  0.000545
-0.000000  -0.000107  -0.000313
-0.000000  -0.000747  0.000545
-0.000000  -0.000107  -0.000313
-0.000000  -0.000000  0.000000
-0.000000  -0.000511  0.000147
-0.000000  0.000511  -0.000147
-0.000000  0.000567  -0.000229
0.000000  -0.000000  0.000000
-0.000000  -0.000511  0.000147
0.000000  -0.000426  -0.000820
0.000000  -0.000567  0.000229
-0.000000  0.000511  -0.000147
-0.000000  0.000567  -0.000229
-0.000000  -0.000426  -0.000820
-0.000000  -0.000567  0.000229
-0.000000  0.000747  -0.000545
-0.000000  0.000426  0.000820
0.000000  0.000107  0.000313
0.000000  0.000747  -0.000545
-0.000000  0.000426  0.000820
0.000000  0.000107  0.000313
-0.000000  -0.000747  0.000545
0.000000  -0.000107  -0.000313
-0.000000  -0.000747  0.000545
-0.000000  -0.000107  -0.000313
0.000000  -0.000000  0.000000
0.000000  -0.000511  0.000147
0.000000  0.000511  -0.000147
-0.000000  0.000567  -0.000229
0.000000  -0.000000  0.000000
-0.000000  -0.000511  0.000147
-0.000000  -0.000426  -0.000820
-0.000000  -0.000567  0.000229
-0.000000  0.000511  -0.000147
-0.000000  0.000567  -0.000229
0.000000  -0.000426  -0.000820
0.000000  -0.000567  0.000229
-0.000000  0.000747  -0.000545
-0.000000  0.000426  0.000820
0.000000  0.000107  0.000313
-0.000000  0.000747  -0.000545
-0.000000  0.000426  0.000820
-0.000000  0.000107  0.000313
-0.000000  -0.000747  0.000545
0.000000  -0.000107  -0.000313
-0.000000  -0.000747  0.000545
-0.000000  -0.000107  -0.000313
0.000000  -0.000000  0.000000
-0.000000  -0.000511  0.000147
0.000000  0.000511  -0.000147
-0.000000  0.000567  -0.000229
0.000000  -0.000000  0.000000
-0.000000  -0.000511  0.000147
-0.000000  -0.000426  -0.000820
0.000000  -0.000567  0.000229
0.000000  0.000511  -0.000147
-0.000000  0.000567  -0.000229
0.000000  -0.000426  -0.000820
0.000000  -0.000567  0.000229
0.000000  0.000747  -0.000545
-0.000000  0.000426  0.000820
0.000000  0.000107  0.000313
0.000000  0.000747  -0.000545
-0.000000  0.000426  0.000820
0.000000  0.000107  0.000313
-0.000000  -0.000747  0.000545
-0.000000  -0.000107  -0.000313
-0.000000  -0.000747  0.000545
0.000000  -0.000107  -0.000313
-0.000000  -0.000000  0.000000
-0.000000  -0.000511  0.000147
-0.000000  0.000511  -0.000147
0.000000  0.000567  -0.000229
0.000000  -0.000000  0.000000
0.000000  -0.000511  0.000147
-0.000000  -0.000426  -0.000820
-0.000000  -0.000567  0.000229
0.000000  0.000511  -0.000147
-0.000000  0.000567  -0.000229
-0.000000  -0.000426  -0.000820
0.000000  -0.000567  0.000229
0.000000  0.000747  -0.000545
0.000000  0.000426  0.000820
-0.000000  0.000107  0.000313
0.000000  0.000747  -0.000545
-0.000000  0.000426  0.000820
0.000000  0.000107  0.000313
-0.000000  -0.000747  0.000545
-0.000000  -0.000107  -0.000313
-0.000000  -0.000747  0.000545
-0.000000  -0.000107  -0.000313
-0.000000  -0.000000  0.000000
0.000000  -0.000511  0.000147
-0.000000  0.000511  -0.000147
-0.000000  0.000567  -0.000229
0.000000  -0.000000  0.000000
-0.000000  -0.000511  0.000147
0.000000  -0.000426  -0.000820
0.000000  -0.000567  0.000229
-0.000000  0.000511  -0.000147
0.000000  0.000567  -0.000229
-0.000000  -0.000426  -0.000820
0.000000  -0.000567  0.000229
-0.000000  0.000747  -0.000545
0.000000  0.000426  0.000820
0.000000  0.000107  0.000313
0.000000  0.000747  -0.000545
-0.000000  0.000426  0.000820
0.000000  0.000107  0.000313
0.000000  -0.000747  0.000545
-0.000000  -0.000107  -0.000313
-0.000000  -0.000747  0.000545
0.000000  -0.000107  -0.000313
0.000000  -0.000000  0.000000
-0.000000  -0.000511  0.000147
0.000000  0.000511  -0.000147
-0.000000  0.000567  -0.000229
-0.000000  -0.000000  0.000000
-0.000000  -0.000511  0.000147
-0.000000  -0.000426  -0.000820
-0.000000  -0.000567  0.000229
-0.000000  0.000511  -0.000147
-0.000000  0.000567  -0.000229
0.000000  -0.000426  -0.000820
0.000000  -0.000567  0.000229
0.000000  0.000747  -0.000545
0.000000  0.000426  0.000820
0.000000  0.000107  0.000313
-0.000000  0.000747  -0.000545
-0.000000  0.000426  0.000820
-0.000000  0.000107  0.000313
