-70.669372  -70.669372  0.000000
70.669417  70.669417  0.000000
-0.281813  0.281787  0.247653
-0.097633  0.097577  0.099422
0.000033  0.000033  0.470772
-0.170956  0.170886  0.000000
0.000038  0.000038  -0.124566
-0.097633  0.097577  -0.099422
0.000038  0.000038  0.124566
-0.281813  0.281787  -0.247653
0.000033  0.000033  -0.470772
0.178919  -0.001548  -0.159748
0.131270  -0.044955  0.000000
0.092363  0.012130  0.003510
0.087129  -0.175556  -0.156267
0.000913  0.039280  0.000000
0.013146  -0.051480  -0.106758
0.092363  0.012130  -0.003510
0.013146  -0.051480  0.106758
0.178919  -0.001548  0.159748
0.087129  -0.175556  0.156267
-0.032268  0.140844  -0.025978
0.091058  0.039256  0.000000
-0.044336  0.044550  0.056828
0.091162  -0.022876  0.091765
-0.032967  0.035564  0.000000
0.044029  0.029649  -0.067812
-0.044336  0.044550  -0.056828
0.044029  0.029649  0.067812
-0.032268  0.140844  0.025978
0.091162  -0.022876  -0.091765
-0.010204  0.175576  -0.021709
-0.090984  -0.039213  0.000000
-0.010404  -0.003533  0.096422
-0.091101  0.022921  0.091776
-0.000257  0.048869  0.000000
-0.043987  -0.029585  -0.067804
-0.010404  -0.003533  -0.096422
-0.043987  -0.029585  0.067804
-0.010204  0.175576  0.021709
-0.091101  0.022921  -0.091776
0.107897  0.107897  -0.678357
-0.131202  0.045019  0.000000
0.011222  0.011222  -0.114981
-0.087059  0.175625  -0.156256
-0.084556  -0.084556  0.000000
-0.013085  0.051547  -0.106750
0.011222  0.011222  0.114981
-0.013085  0.051547  0.106750
0.107897  0.107897  0.678357
-0.087059  0.175625  0.156256
-0.107947  -0.107947  -0.678411
-0.044955  0.131270  0.000000
-0.011282  -0.011282  -0.114993
-0.175556  0.087129  -0.156267
0.084480  0.084480  0.000000
-0.051480  0.013146  -0.106758
-0.011282  -0.011282  0.114993
-0.051480  0.013146  0.106758
-0.107947  -0.107947  0.678411
-0.175556  0.087129  0.156267
0.010132  -0.175659  -0.021727
0.011899  0.011899  0.000000
0.010317  0.003459  0.096396
-0.118290  -0.118290  -0.050353
0.000158  -0.048947  0.000000
0.002879  0.002879  -0.001077
0.010317  0.003459  -0.096396
0.002879  0.002879  0.001077
0.010132  -0.175659  0.021727
-0.118290  -0.118290  0.050353
0.032198  -0.140935  -0.025983
0.112703  0.079921  0.000000
0.044256  -0.044624  0.056818
-0.123908  0.056890  0.016848
0.032874  -0.035618  0.000000
-0.065071  0.048775  -0.148121
0.044256  -0.044624  -0.056818
-0.065071  0.048775  0.148121
0.032198  -0.140935  0.025983
-0.123908  0.056890  -0.016848
-0.178966  0.001479  -0.159745
0.168049  0.061859  0.000000
-0.092429  -0.012195  0.003518
0.000918  0.013756  0.035481
-0.000988  -0.039345  0.000000
0.018747  0.007612  -0.037067
-0.092429  -0.012195  -0.003518
0.018747  0.007612  0.037067
-0.178966  0.001479  0.159745
0.000918  0.013756  -0.035481
0.281787  -0.281813  0.247653
-0.001564  0.001656  0.000000
0.097577  -0.097633  0.099422
-0.107226  0.107313  -0.012324
0.170886  -0.170956  0.000000
0.045092  -0.045012  -0.069837
0.097577  -0.097633  -0.099422
0.045092  -0.045012  0.069837
0.281787  -0.281813  -0.247653
-0.107226  0.107313  0.012324
-0.175659  0.010132  -0.021727
0.039256  0.091058  0.000000
0.003459  0.010317  0.096396
-0.022876  0.091162  0.091765
-0.048947  0.000158  0.000000
0.029649  0.044029  -0.067812
0.003459  0.010317  -0.096396
0.029649  0.044029  0.067812
-0.175659  0.010132  0.021727
-0.022876  0.091162  -0.091765
-0.038985  -0.038985  -0.246270
0.079921  0.112703  0.000000
-0.063729  -0.063729  -0.052807
0.056890  -0.123908  0.016848
0.093516  0.093516  0.000000
0.048775  -0.065071  -0.148121
-0.063729  -0.063729  0.052807
0.048775  -0.065071  0.148121
-0.038985  -0.038985  0.246270
0.056890  -0.123908  -0.016848
-0.028572  0.025480  -0.048811
0.007431  0.007431  0.000000
-0.005855  0.023959  0.050046
0.009323  0.009323  0.061041
0.050339  -0.048554  0.000000
0.051105  0.051105  0.051673
-0.005855  0.023959  -0.050046
0.051105  0.051105  -0.051673
-0.028572  0.025480  0.048811
0.009323  0.009323  -0.061041
-0.028953  0.028895  -0.160097
0.000936  -0.000869  0.000000
0.015641  -0.015694  0.080718
0.002221  -0.002144  0.043847
-0.041859  0.041812  0.000000
-0.025620  0.025709  -0.051927
0.015641  -0.015694  -0.080718
-0.025620  0.025709  0.051927
-0.028953  0.028895  0.160097
0.002221  -0.002144  -0.043847
-0.001548  0.178919  -0.159748
-0.061800  -0.167974  0.000000
0.012130  0.092363  0.003510
-0.013689  -0.000838  0.035485
0.039280  0.000913  0.000000
-0.007532  -0.018680  -0.037067
0.012130  0.092363  -0.003510
-0.007532  -0.018680  0.037067
-0.001548  0.178919  0.159748
-0.013689  -0.000838  -0.035485
-0.140935  0.032198  -0.025983
-0.039213  -0.090984  0.000000
-0.044624  0.044256  0.056818
0.022921  -0.091101  0.091776
-0.035618  0.032874  0.000000
-0.029585  -0.043987  -0.067804
-0.044624  0.044256  -0.056818
-0.029585  -0.043987  0.067804
-0.140935  0.032198  0.025983
0.022921  -0.091101  -0.091776
0.025480  -0.028572  -0.048811
0.061859  0.168049  0.000000
0.023959  -0.005855  0.050046
0.013756  0.000918  0.035481
-0.048554  0.050339  0.000000
0.007612  0.018747  -0.037067
0.023959  -0.005855  -0.050046
0.007612  0.018747  0.037067
0.025480  -0.028572  0.048811
0.013756  0.000918  -0.035481
-0.000033  -0.000033  0.009403
-0.000869  0.000936  0.000000
-0.000023  -0.000023  -0.050445
-0.002144  0.002221  0.043847
-0.000018  -0.000018  0.000000
0.025709  -0.025620  -0.051927
-0.000023  -0.000023  0.050445
0.025709  -0.025620  0.051927
-0.000033  -0.000033  -0.009403
-0.002144  0.002221  -0.043847
-0.025557  0.028506  -0.048804
-0.007347  -0.007347  0.000000
-0.024015  0.005795  0.050063
-0.009244  -0.009244  0.061062
0.048516  -0.050396  0.000000
-0.051020  -0.051020  0.051682
-0.024015  0.005795  -0.050063
-0.051020  -0.051020  -0.051682
-0.025557  0.028506  0.048804
-0.009244  -0.009244  -0.061062
0.140844  -0.032268  -0.025978
-0.079879  -0.112645  0.000000
0.044550  -0.044336  0.056828
-0.056840  0.123964  0.016871
0.035564  -0.032967  0.000000
-0.048709  0.065122  -0.148105
0.044550  -0.044336  -0.056828
-0.048709  0.065122  0.148105
0.140844  -0.032268  0.025978
-0.056840  0.123964  -0.016871
0.001479  -0.178966  -0.159745
0.045019  -0.131202  0.000000
-0.012195  -0.092429  0.003518
0.175625  -0.087059  -0.156256
-0.039345  -0.000988  0.000000
0.051547  -0.013085  -0.106750
-0.012195  -0.092429  -0.003518
0.051547  -0.013085  0.106750
0.001479  -0.178966  0.159745
0.175625  -0.087059  0.156256
0.028895  -0.028953  -0.160097
0.001656  -0.001564  0.000000
-0.015694  0.015641  0.080718
0.107313  -0.107226  -0.012324
0.041812  -0.041859  0.000000
-0.045012  0.045092  -0.069837
-0.015694  0.015641  -0.080718
-0.045012  0.045092  0.069837
0.028895  -0.028953  0.160097
0.107313  -0.107226  0.012324
0.028506  -0.025557  -0.048804
-0.167974  -0.061800  0.000000
0.005795  -0.024015  0.050063
-0.000838  -0.013689  0.035485
-0.050396  0.048516  0.000000
-0.018680  -0.007532  -0.037067
0.005795  -0.024015  -0.050063
-0.018680  -0.007532  0.037067
0.028506  -0.025557  0.048804
-0.000838  -0.013689  -0.035485
0.038899  0.038899  -0.246259
-0.112645  -0.079879  0.000000
0.063647  0.063647  -0.052772
0.123964  -0.056840  0.016871
-0.093594  -0.093594  0.000000
0.065122  -0.048709  -0.148105
0.063647  0.063647  0.052772
0.065122  -0.048709  0.148105
0.038899  0.038899  0.246259
0.123964  -0.056840  -0.016871
0.175576  -0.010204  -0.021709
-0.011847  -0.011847  0.000000
-0.003533  -0.010404  0.096422
0.118354  0.118354  -0.050336
0.048869  -0.000257  0.000000
-0.002831  -0.002831  -0.001067
-0.003533  -0.010404  -0.096422
-0.002831  -0.002831  0.001067
0.175576  -0.010204  0.021709
0.118354  0.118354  0.050336
