1.993422  3.289962  -0.239656
-2.822296  1.340966  -0.346135
1.648827  -0.643715  -0.184363
0.283431  -3.252451  1.697532
0.190453  3.411856  0.918974
-1.745764  -1.446997  -0.179996
-0.495021  -0.377437  -0.824541
-4.304553  -1.557624  3.601203
0.579113  -0.555110  0.111582
1.319632  -1.782548  1.168157
0.486143  0.752018  -2.065358
-3.919246  -0.705454  0.807699
0.480194  2.335438  -0.029515
0.149762  -1.590641  -2.813922
-0.906822  0.962836  2.296818
-0.663573  0.181924  -2.080895
1.616746  1.900038  0.377919
-0.176373  0.135641  2.635542
-0.958785  1.414894  -1.142509
-2.590967  0.787431  1.928765
0.211777  0.887604  1.177816
-0.398322  -2.877907  -3.737281
-1.337140  -1.141336  3.115872
1.642903  -0.698584  0.022192
-0.878968  -1.314147  -0.284101
-1.265657  -1.373688  1.146082
0.234291  -1.567020  -1.124530
-0.165538  -0.189990  -2.550672
1.761930  -1.799273  -1.535911
1.383449  0.550490  3.585215
-2.310980  0.795196  1.151402
-0.967452  -3.362497  -1.557087
-0.023483  1.447695  -0.818849
2.512764  -1.690741  -1.531584
0.653910  0.885315  -0.050930
0.215825  1.074279  -0.142435
-3.330953  3.184646  -3.669650
0.153682  0.632941  0.387101
1.514758  -0.868174  -2.004433
1.606471  2.994496  1.502971
0.414833  3.250008  1.146673
-0.451253  -0.601764  -1.372299
-0.786400  2.694040  -2.843229
3.424985  1.222921  -0.101880
-0.853659  -0.303576  0.734419
1.369850  2.786618  0.152730
-0.600699  -1.239893  -0.274260
-0.274750  -0.367954  2.764815
-0.871235  0.007527  0.445020
-0.407616  -1.425974  0.515030
0.101762  1.668322  -1.709037
0.652249  2.013385  -2.283872
0.857486  -0.163164  1.814128
1.271019  -1.396149  0.114934
0.106072  3.048855  0.470099
0.184093  -1.263005  0.655885
1.103445  1.382238  -0.134112
0.171684  2.267531  1.563181
0.059826  -2.011285  0.659742
0.586796  -2.396253  -1.655423
-0.747686  -2.847190  -4.088984
-0.757615  -3.216296  5.645493
2.602642  1.645225  3.640412
-1.807205  -1.456521  -0.143984
0.701035  -0.506735  1.995732
-3.381062  0.438770  1.777547
1.647853  -0.765903  -1.075294
-1.330147  2.890529  1.349197
0.244509  1.747045  0.349335
0.875367  -1.455433  -3.381252
2.335145  0.003895  0.876890
-1.818773  2.184931  0.082222
-2.664608  1.366637  2.072405
1.537656  1.500445  0.931564
0.814439  -0.001851  0.068327
1.470323  -0.030119  3.232728
0.488514  0.579009  -0.469487
-4.433443  0.846177  -1.530551
0.708186  -0.676967  -2.416105
-0.957024  2.517659  0.319344
1.960168  0.554774  -0.477184
1.311868  -1.903437  -3.900911
-1.168141  0.401471  -0.669048
-0.646019  -2.720819  1.495227
1.383255  -0.721362  -0.962574
-0.337940  -2.862480  -0.416084
-1.795586  1.736601  -3.221004
-1.336572  -2.444196  0.457972
2.215267  -3.786700  1.423150
-1.667421  2.572090  1.434414
-3.041998  3.374883  -0.003891
0.527422  -2.754413  -1.964020
-1.239786  1.919865  -0.486835
-0.965288  2.011689  -1.268387
0.681097  0.053737  -0.000868
-1.543733  2.042228  -1.625447
0.406260  -4.333016  1.392740
0.390321  0.011553  -0.776145
2.893768  -3.422300  -1.964931
-2.126908  -2.704416  -2.987904
0.321768  -2.310009  -1.470274
2.611207  0.271187  2.955619
-1.718267  -2.168292  -1.756478
5.849883  1.338547  -0.393298
2.164749  2.116395  1.727110
0.516006  -2.817165  -1.286211
-2.847394  4.240014  0.064754
-1.106764  -0.566336  2.660107
0.431854  1.504038  -3.977026
-0.261906  3.511799  -2.504418
0.514557  -3.840486  1.065872
1.040263  0.127359  0.918134
-0.978155  -2.442352  0.400040
1.074219  -0.961897  0.313012
-3.051737  -0.425599  0.979937
4.616408  1.690456  1.464044
1.693094  -0.981223  1.416190
-1.113874  0.510547  -3.474835
-0.245831  1.364283  -1.156559
-0.043843  1.477272  0.197272
0.663081  -4.773152  -2.070686
-0.583079  1.532506  4.118860
-3.159821  1.458665  2.653105
0.259630  0.065118  3.098152
0.586947  -1.103855  -1.915738
-0.358493  -1.537807  1.598481
3.597260  0.909474  2.102721
0.664018  0.678689  -1.822729
