-1.167691  -0.463380  2.919510
-2.395326  -0.460511  3.109259
-0.912425  0.067780  -0.852771
0.543402  0.761706  0.141679
-1.139167  2.009842  -1.814364
0.850371  -0.266036  0.802281
1.713439  0.510136  0.354876
-1.465960  -0.697637  0.975041
1.159302  -1.256562  -0.877131
-1.999970  0.301635  -0.638473
0.509733  -1.739161  0.088508
-0.435785  -0.152280  0.343155
-0.649405  1.670565  0.433430
0.288833  -0.367033  -0.067291
0.361034  0.933396  0.213750
0.815909  1.088911  0.016742
0.445600  -0.019829  0.173137
-1.995437  0.974504  -0.627086
0.167941  -0.401530  0.159058
-0.129161  -0.082740  -0.295474
0.805044  -0.128634  0.102735
0.655825  0.715965  -0.652033
2.385979  -4.110608  -3.197254
-0.567677  -1.625062  -1.690881
-0.013598  0.116492  -0.028074
0.943941  -0.417629  -2.523586
0.266622  0.697261  0.483451
0.003562  -0.933758  -0.028633
-0.869450  1.055720  0.475651
0.689950  -0.545675  0.323797
1.460385  -1.158111  -0.637461
-2.486805  -0.124913  3.088535
-0.383857  0.697260  -0.159346
1.762131  1.847983  0.227917
1.178795  -0.705759  1.398501
-0.430106  -0.897263  0.120674
0.032165  -0.195121  1.137780
-0.468531  -0.073405  0.229174
0.311745  0.339995  0.320770
-0.389628  1.591711  -0.970746
0.264099  -0.233136  -0.101771
-0.552121  0.700622  -1.071459
0.447233  -0.724319  -1.015997
-0.932058  -1.230905  1.423262
0.160945  2.189256  1.831478
1.778205  -0.120749  1.030267
-0.157666  -0.024771  0.876544
-0.473647  1.173292  0.714093
1.495685  1.072925  0.899518
2.562110  0.233640  -0.928910
0.273861  0.022696  2.179951
-0.001540  0.280374  -0.532788
0.872355  0.952244  -0.547392
-1.160169  0.976783  1.128279
0.139028  2.763749  -0.316973
-0.924193  -1.201489  0.567496
-0.146591  -1.426801  -0.039301
1.449361  -1.408496  -0.580654
-0.841596  0.014167  0.627766
0.922888  -0.660683  -0.469461
-0.773606  -1.520207  -1.969209
0.586085  2.483787  -0.159168
-0.085045  0.090597  -0.536522
1.059502  -0.454911  -0.887835
-0.032762  0.065456  -0.411199
0.204904  -1.607847  -0.879817
0.826719  0.337179  0.200702
0.654183  -0.790823  1.065768
-0.801829  -0.555136  -0.233511
-0.169932  -0.501558  -0.111921
-1.767132  -1.658575  0.256676
-2.920396  1.366757  0.858781
-0.295315  -0.945799  1.575239
0.274152  -1.625564  0.691624
-2.202949  0.225658  1.146041
0.618712  0.284956  -0.090101
0.235943  1.934480  -0.975645
-0.982899  -0.861856  -0.589602
-1.395861  -1.107960  -0.895699
1.011276  1.186844  0.923489
-0.434271  1.647379  1.669495
0.304299  -1.768039  0.168661
0.649687  -0.513109  0.144645
1.479317  1.505515  -0.874591
0.601967  -1.111109  3.287765
-0.187322  -0.161133  0.019896
0.649336  0.678678  0.505727
-1.057715  0.399027  0.450658
-0.167284  -1.154984  0.677881
0.669373  0.379142  0.842006
-1.445529  1.606778  0.269148
-0.123444  1.281446  -1.361430
0.224004  -0.121351  -0.026433
1.300065  2.491257  0.679292
-0.569837  -1.732660  0.422299
0.321860  -0.382145  -0.611339
1.294246  -0.097629  -2.056279
1.516522  -1.267527  -2.013891
-2.313703  0.760590  -1.107140
1.796153  0.425964  1.216652
1.772355  -0.072678  -0.913714
-2.057168  -1.010083  -1.738608
-2.017525  0.243108  -1.767712
0.181975  -0.776681  0.556189
-2.955843  1.707768  0.548873
-0.038685  1.154936  -0.983313
2.613123  -1.199685  -0.649361
0.871883  -1.428668  -0.031423
-0.407380  -1.750447  -2.103727
-0.200938  -1.732575  -0.040934
2.287424  2.038886  -1.347060
-1.270653  1.188554  0.588798
-2.229163  0.176914  -0.041912
0.780921  -0.333501  -0.493654
-0.489650  0.362429  0.019768
1.305198  -2.808396  -0.516168
0.916686  0.947181  -0.675705
-1.022928  -0.106416  -0.577162
-1.553127  2.360273  0.721308
0.742604  -0.778170  2.314409
-1.169965  -0.627290  0.112650
2.353830  -0.931290  1.510109
-1.552879  0.551885  -0.925483
0.747981  0.547909  -0.155322
0.601894  1.370929  -0.827366
-1.016325  -0.034350  0.135113
-2.173510  0.040250  -0.656677
1.800473  -0.218985  -1.595788
