-0.089075  1.209396  0.664578
1.973667  -1.121452  0.304056
0.425333  -1.067723  -1.518164
0.870191  -0.208596  1.077623
0.640569  0.843639  -0.631758
2.293730  2.394272  0.663684
-2.014254  0.483697  -1.014430
0.332366  2.890202  -0.491712
-2.154609  -1.274447  -1.544641
1.285639  -0.428539  -0.846740
0.608453  0.746515  1.654978
0.938606  0.735352  0.980641
0.244328  0.790883  -0.461516
-0.636157  0.038433  0.546615
0.481200  -1.434553  -0.547791
-0.441151  -1.805785  -1.861872
0.532000  3.051107  0.489422
-0.180423  0.221971  -0.610450
-4.881073  -0.648661  -1.536171
-0.954888  1.182199  2.186751
-0.256869  -0.695410  -0.736857
0.864577  -0.081979  -0.222611
-0.179165  0.961221  -1.134047
0.739296  0.231686  0.270521
2.847297  -0.634234  -0.539830
0.775858  -0.807142  0.220115
-0.055761  3.083313  -1.325644
-0.587338  -0.458602  0.593215
-0.604571  -0.259407  -0.534977
1.164897  -0.768354  -1.910018
-0.351238  -0.464695  -2.289616
1.230699  -1.020959  -0.693333
-1.283824  2.081576  -1.169281
0.797158  0.276959  0.539546
-0.394766  -0.334287  0.744822
-0.013240  1.311014  1.271094
-0.118145  -0.511871  0.400372
0.582693  -0.437847  -0.144501
-1.224758  -0.784548  -2.846996
-1.122861  1.647715  0.280722
0.225408  0.378729  0.368928
0.082271  0.234571  0.067024
0.788367  -1.026223  -1.331221
-0.329496  -0.740378  -1.554719
-0.622029  -0.512292  0.117535
-0.578050  2.139715  0.335060
0.056886  0.143064  -0.189074
-0.459685  0.329146  0.454475
2.114087  -2.414713  -0.873647
-0.285017  -1.967025  0.974858
3.844608  1.365775  2.295203
1.499477  0.067285  -0.177226
-0.004456  0.507130  0.387099
1.111122  -1.028212  0.018666
0.568004  -0.977831  0.150657
0.578330  -0.581660  -1.367085
-0.063461  -0.870074  0.256800
0.311701  -3.009917  0.329366
-1.247746  0.775382  0.977539
0.018034  0.799008  0.273029
-0.647778  1.482304  -0.195346
-2.557543  0.389932  0.116184
1.457407  0.130470  3.706581
-0.920025  -1.411325  -1.161189
-0.757786  0.190231  -0.707252
-1.388763  3.631534  2.177764
-0.932167  0.010857  1.336286
0.734198  -4.253618  -0.808803
2.442296  0.210369  -0.733909
-0.354788  1.329665  -2.799678
2.163648  0.029792  0.431294
-0.999402  -0.462185  -0.249048
-2.020287  -0.286716  1.634825
-0.519797  0.365552  -0.492786
-0.666251  2.349556  -0.108414
-0.279852  -1.254454  0.009061
1.373113  0.182417  -0.376586
-1.088911  0.951360  -0.005399
-0.137318  0.047815  0.893745
0.105377  -1.532893  0.433490
-1.504549  1.142820  -0.541753
1.047181  -2.533717  0.307102
0.070681  -0.810303  -1.516229
-1.435397  -0.018698  -0.388274
-0.396999  0.215353  -0.870806
2.628350  -1.642486  -1.891799
-0.868174  0.216511  -0.888733
-0.566332  -0.286183  -0.096242
-0.173035  0.343809  1.650350
0.232919  0.085013  0.264914
0.168468  0.578519  -0.073998
-0.157743  1.364878  0.626861
-1.257836  1.177103  -3.072427
1.226623  0.994376  1.254988
-0.114029  0.327195  1.728527
2.584504  -4.181100  2.000752
0.152213  -0.257525  0.364982
-0.676610  0.621404  -1.342103
-0.229616  1.937717  1.229041
0.005322  -0.831473  0.922630
-0.467642  0.022991  0.048184
0.243268  1.938335  0.070478
-2.344782  -0.416254  0.007407
-2.098806  -0.795415  0.033637
2.081312  0.294242  -0.423682
-1.776999  1.128537  2.019448
0.099090  -0.478068  0.291030
0.572749  -1.987360  2.362538
-1.673372  -1.584654  0.488422
0.051349  1.258901  -2.338335
-0.033589  -0.147946  3.005538
-0.414530  -2.276656  -0.385435
-4.074896  -1.479877  -4.168548
1.234102  -0.941012  0.854890
3.986480  1.292526  2.076050
-0.761051  0.572179  0.729459
0.538842  0.096495  -0.255789
0.772357  -2.173811  -0.083585
-0.250012  -0.735926  -1.051070
-0.009591  -0.246538  2.688186
-2.213662  0.135424  1.788476
-0.785927  -0.432428  0.894410
0.962019  0.405338  -1.029124
-0.328651  -0.605249  0.891648
-1.334636  2.068027  -1.303837
0.190896  -0.132347  0.514459
1.769066  2.574481  0.513676
0.632562  -0.441350  -0.796202
