-1.305383  3.121365  0.560940
0.786129  1.575459  0.684076
-2.846550  1.866201  3.661566
-1.705834  -0.571023  -2.489397
-0.195832  0.877513  1.760479
-1.537548  -1.228634  2.133000
-1.214686  -2.107944  -3.150289
2.134095  1.398172  0.114528
0.382834  -0.361577  3.517567
0.728308  1.249242  0.078959
0.019743  -1.684178  -3.420861
0.158193  3.156978  0.886147
0.117518  -2.735021  0.024956
0.965621  -1.143687  2.583077
-1.520382  1.043641  -0.876076
0.826186  0.445510  -1.074321
2.250707  0.409545  1.432094
0.712018  -4.183565  -0.116843
-1.312287  -2.372449  0.482351
1.372786  -0.356340  0.488462
-0.188632  2.335596  -2.061320
-1.740240  -0.839157  -2.297866
2.438609  -0.652640  -2.125757
1.309375  0.378141  3.320303
-0.210385  0.063984  -0.756940
0.250482  -0.863665  -0.602443
-1.489184  3.750630  -1.556600
2.332429  1.164698  -2.537851
-2.256653  -2.604094  0.859056
-1.453496  3.444374  2.334710
-2.744716  0.185411  -3.510080
0.079574  0.240984  -0.585015
-2.248279  -1.289704  -2.496841
-1.629336  2.606930  0.614861
-0.828642  -1.786367  2.799780
3.771794  1.629515  -3.658728
0.922878  -2.172417  1.107531
-0.088505  -0.771115  -1.124245
1.132222  2.757168  1.996673
-0.486298  -1.914866  2.133513
0.214781  2.214966  -0.959389
-2.915061  0.295148  2.369069
0.860034  -2.124231  -4.852741
4.435150  1.179760  1.913454
1.341547  1.869243  3.885032
0.021441  -4.553660  1.335089
-1.561962  0.094283  1.070726
0.134315  -1.649807  -0.837781
0.890645  0.216603  1.475179
-2.784019  -1.726195  -2.532053
0.188395  2.025741  -1.431893
-0.725013  -0.649097  2.637606
-0.257931  0.695732  -3.032324
0.172430  2.804797  -0.932388
0.218725  1.019566  -0.135346
1.735906  -1.556061  2.386088
1.547033  1.324951  1.698236
0.021827  -2.036121  0.682680
1.491531  -1.977162  -1.416984
-1.349045  2.375536  -2.004328
0.672331  -2.419164  1.210824
2.825194  0.350038  -4.024044
-1.354531  -3.870164  0.435812
1.789737  1.969543  -2.776074
-2.117009  -0.737004  3.101896
0.635824  1.749587  0.562305
1.220925  0.897789  1.966752
-1.523787  1.332283  -2.977843
-3.332863  -0.031245  4.361315
1.368656  0.796598  -0.133937
1.290256  0.124454  2.093124
-0.172099  -0.145925  -2.328839
0.536262  2.852828  0.220231
2.398566  1.071285  1.849636
-1.031763  -2.724116  -0.099042
-2.230534  1.827373  -0.028928
-0.347499  0.488407  -1.589914
-1.053604  -0.479936  -1.744441
1.375530  2.579562  -0.781427
-3.539389  -0.394525  -0.997235
-0.431559  -1.373378  -1.711867
-0.051991  2.878656  -0.293804
0.480193  -2.981970  0.738927
-0.425910  -0.269181  -0.643793
1.838606  0.694736  -4.140683
-0.654959  -0.646469  2.504148
-0.752118  0.208875  2.968447
-1.477591  -3.154189  0.634897
-1.976620  0.645136  -1.733634
-1.235146  -0.774557  -0.095286
0.396811  -1.199029  2.433325
3.689201  -1.975801  -1.364089
-0.768390  0.899202  -1.210574
1.317896  0.957835  -0.506680
0.474267  2.430082  1.511028
-2.533687  0.313813  -1.496278
2.722256  1.962500  1.207655
1.188327  -3.243269  0.040372
-2.712957  -1.127551  0.606405
-0.449052  2.439229  -0.097281
-0.507317  -4.325587  1.725209
2.267514  0.782326  0.478261
0.284866  0.037260  -1.218705
0.067299  -2.245794  0.842026
3.225594  1.662228  -2.122914
-1.710433  0.547008  -1.940564
-0.231868  -0.686047  0.058041
-2.501663  -0.077960  0.327858
2.072078  2.261339  3.054856
-1.364798  -2.561344  3.513157
-2.335483  -1.835668  -0.884480
0.816841  0.584521  -0.033647
-0.405795  -1.864224  -1.601358
-0.561351  0.122897  -1.297579
1.624559  0.016734  -0.583894
-1.395487  -2.837044  0.946751
-0.872644  1.138837  -2.616504
0.080311  0.749200  -0.803650
3.075811  2.279102  -0.149571
-3.381139  -0.892971  3.970628
1.027109  -1.943454  2.320664
2.440857  0.665330  0.196921
-0.762837  1.186173  -2.173322
-1.074406  -2.663822  1.621602
1.446245  0.283431  -0.250325
2.391538  1.771386  -1.923882
-0.189643  1.521471  -0.148303
1.057103  0.495728  0.570232
