0.233268  0.756622  0.875591
-0.676056  0.513823  -0.027931
0.163725  -0.130918  0.737310
-0.003067  0.500573  -1.284674
1.961873  -1.124611  -1.102729
0.502456  0.273739  -0.051677
1.344412  0.799323  -2.361124
-1.063891  -1.837544  0.624827
-0.460754  -0.883257  0.411938
-2.373671  1.301887  0.249637
-0.119442  -0.300373  -0.592382
2.416045  0.063352  -1.030747
-0.196652  0.772316  2.312627
-0.754021  -0.640532  1.085979
1.745933  -0.417876  0.604302
1.937019  -0.044482  0.024070
-0.709634  -0.685496  0.424356
0.703853  -0.196909  -0.988145
-1.083963  -0.208157  0.332415
-1.042581  -1.083627  0.123355
-0.797622  0.747170  0.778402
-1.755537  0.257142  -0.572566
-0.285520  0.113948  -0.997392
1.142193  -0.713483  0.907384
-0.553659  1.461163  -0.447483
-1.414982  -0.665612  -0.265762
-0.126620  0.486567  0.722607
-0.807168  0.596891  -1.099509
1.047809  1.534111  -1.306643
-2.421649  -1.170710  1.089290
1.254282  1.209268  0.003217
0.206497  1.017957  -0.030018
0.707351  0.634891  -0.067821
-1.101807  0.666736  0.871311
-0.222649  -0.416579  0.856066
1.373486  0.339589  -0.015324
-2.028170  0.017474  -1.210624
1.703749  3.612714  0.448790
-1.015050  -0.277178  0.979496
-1.636983  -0.949122  1.062911
1.168634  0.199443  0.133551
1.239861  -0.475997  1.506110
-0.597653  -0.257016  0.305230
-0.339921  -0.112919  0.106309
-0.269327  -0.485290  -0.267616
-1.831336  0.973383  -1.127228
-1.173120  1.056062  -1.942453
1.053115  1.166773  0.489459
-0.507259  1.189291  -1.006080
2.166095  -1.327746  -0.435259
-0.351643  -0.636602  -0.507918
0.083328  -1.173295  1.611526
2.279539  -0.211929  -1.527478
-0.019657  1.666902  0.234016
0.193432  -1.150203  1.172025
-0.177069  -0.191634  -0.070290
-0.430359  0.343129  -1.190805
0.131611  0.051159  -1.249292
-2.312179  2.332591  0.453162
0.593011  -0.824408  -1.115873
2.436344  -1.470759  0.148595
0.667860  0.732539  0.236130
0.876253  -0.098634  1.659603
-0.121323  -0.713335  0.609721
0.010531  0.446675  -1.914848
2.743040  1.035010  -0.105121
-0.829115  -1.262407  0.675227
0.929009  -1.548489  -0.063408
0.275946  0.545807  0.908667
0.986856  -2.457918  -1.022809
1.831190  0.200019  0.440907
-0.914773  -0.166650  1.782481
1.423235  -0.823115  -1.225660
0.707683  0.053382  -1.306756
-1.425914  -0.657059  -1.601117
-0.199722  1.597689  0.134015
-0.778849  0.267331  0.079543
-0.378238  -1.486317  -1.196579
0.893042  0.060784  1.145198
0.212635  -0.127006  1.433203
-1.060379  0.236949  -0.872172
-0.060777  -0.980290  -0.183923
-0.756779  -0.836577  -0.278191
-0.477073  -0.307259  -1.005581
0.463200  -0.132541  0.329402
0.046672  -0.747395  0.154347
0.010477  0.045749  2.262483
-0.602353  0.440962  0.466798
0.741356  -1.033758  -0.003126
0.205212  0.845732  0.681038
0.681216  0.794327  0.807296
-0.518111  1.168283  -1.015460
0.293995  -0.227239  -2.678866
1.220301  -0.420719  1.158549
-0.628407  0.922015  2.335772
-0.909445  1.092393  -1.550402
-0.633461  -1.099055  1.001178
1.373862  0.675880  -0.144235
-0.857378  -0.212388  1.294729
-0.001746  -1.102990  -1.156085
-1.710690  2.073871  0.006968
-0.347036  1.119533  1.223893
-0.577573  -1.841217  -1.060068
-0.954298  2.080435  -0.974574
-0.437403  0.793858  -0.530698
0.290380  -0.082040  0.258041
-0.902673  -0.477917  0.068999
-0.280574  0.285722  -1.603227
-0.792046  -0.179072  -0.297353
-0.216452  -0.130697  -0.501911
0.131666  1.316753  0.058185
0.319510  -1.000121  0.427784
-0.018618  -0.627994  -0.983084
-0.407357  -0.244727  0.457491
0.628298  -0.971443  -0.496558
0.301969  0.600315  -0.307726
1.182035  1.196725  0.511318
-1.800252  -2.233239  0.620611
-0.700156  1.033765  0.389229
0.031821  -0.001227  0.290671
0.593160  -1.225287  -1.167382
2.148502  1.379035  0.568693
0.618093  0.090887  1.176193
1.175061  -1.483796  -0.709351
0.655185  0.416621  -1.638690
0.845471  -1.598333  1.319309
-2.475964  0.505824  1.682759
-1.868039  -2.108343  1.145510
