-0.000022  0.000022  -0.000013
-0.000126  0.000126  0.000042
-0.000126  0.000126  -0.000042
-0.000000  -0.000000  0.000058
-0.000022  0.000022  0.000013
-0.000000  0.000000  -0.000058
0.000006  -0.000006  -0.000000
-0.000000  -0.000077  -0.000122
-0.000022  -0.000022  -0.000013
-0.000000  -0.000112  0.000000
-0.000126  -0.000126  0.000042
-0.000000  -0.000077  0.000122
-0.000126  -0.000126  -0.000042
-0.000000  -0.000139  0.000021
-0.000022  -0.000022  0.000013
-0.000000  -0.000139  -0.000021
0.000006  0.000006  -0.000000
-0.000000  -0.000061  -0.000029
0.000028  0.000009  -0.000087
-0.000000  -0.000175  -0.000000
0.000041  -0.000093  0.000147
0.000000  -0.000061  0.000029
0.000041  -0.000093  -0.000147
0.000000  0.000129  -0.000039
0.000028  0.000009  0.000087
-0.000000  0.000129  0.000039
-0.000067  0.000102  0.000000
-0.000000  0.000061  -0.000029
-0.000078  0.000000  -0.000101
0.000000  0.000175  -0.000000
-0.000128  -0.000000  0.000073
0.000000  0.000061  0.000029
-0.000128  0.000000  -0.000073
0.000000  -0.000129  -0.000039
-0.000078  -0.000000  0.000101
-0.000000  -0.000129  0.000039
-0.000111  -0.000000  -0.000000
-0.000000  0.000077  -0.000122
0.000028  -0.000009  -0.000087
0.000000  0.000112  0.000000
0.000041  0.000093  0.000147
-0.000000  0.000077  0.000122
0.000041  0.000093  -0.000147
0.000000  0.000139  0.000021
0.000028  -0.000009  0.000087
-0.000000  0.000139  -0.000021
-0.000067  -0.000102  -0.000000
-0.000077  -0.000000  -0.000122
0.000009  -0.000028  -0.000087
-0.000112  0.000000  0.000000
-0.000093  -0.000041  0.000147
-0.000077  -0.000000  0.000122
-0.000093  -0.000041  -0.000147
-0.000139  0.000000  0.000021
0.000009  -0.000028  0.000087
-0.000139  -0.000000  -0.000021
0.000102  0.000067  -0.000000
-0.000010  -0.000010  0.000109
0.000009  0.000028  -0.000087
-0.000041  -0.000041  -0.000000
-0.000093  0.000041  0.000147
-0.000010  -0.000010  -0.000109
-0.000093  0.000041  -0.000147
0.000014  0.000014  -0.000011
0.000009  0.000028  0.000087
0.000014  0.000014  0.000011
0.000102  -0.000067  -0.000000
-0.000014  -0.000071  -0.000060
-0.000063  -0.000063  -0.000052
-0.000162  -0.000012  -0.000000
-0.000064  -0.000064  0.000025
-0.000014  -0.000071  0.000060
-0.000064  -0.000064  -0.000025
0.000008  -0.000031  -0.000043
-0.000063  -0.000063  0.000052
0.000008  -0.000031  0.000043
-0.000037  -0.000037  -0.000000
-0.000014  0.000071  -0.000060
-0.000063  -0.000000  -0.000061
-0.000162  0.000012  0.000000
-0.000110  0.000000  -0.000026
-0.000014  0.000071  0.000060
-0.000110  0.000000  0.000026
0.000008  0.000031  -0.000043
-0.000063  -0.000000  0.000061
0.000008  0.000031  0.000043
-0.000076  0.000000  -0.000000
-0.000010  0.000010  0.000109
-0.000063  0.000063  -0.000052
-0.000041  0.000041  -0.000000
-0.000064  0.000064  0.000025
-0.000010  0.000010  -0.000109
-0.000064  0.000064  -0.000025
0.000014  -0.000014  -0.000011
-0.000063  0.000063  0.000052
0.000014  -0.000014  0.000011
-0.000037  0.000037  -0.000000
-0.000061  -0.000000  -0.000029
0.000000  0.000078  -0.000101
-0.000175  -0.000000  0.000000
-0.000000  0.000128  0.000073
-0.000061  0.000000  0.000029
0.000000  0.000128  -0.000073
0.000129  0.000000  -0.000039
0.000000  0.000078  0.000101
0.000129  -0.000000  0.000039
0.000000  0.000111  0.000000
-0.000071  -0.000014  -0.000060
-0.000000  -0.000078  -0.000101
-0.000012  -0.000162  0.000000
-0.000000  -0.000128  0.000073
-0.000071  -0.000014  0.000060
-0.000000  -0.000128  -0.000073
-0.000031  0.000008  -0.000043
0.000000  -0.000078  0.000101
-0.000031  0.000008  0.000043
0.000000  -0.000111  0.000000
0.000002  0.000002  -0.000153
-0.000000  -0.000063  -0.000061
-0.000045  -0.000045  0.000000
0.000000  -0.000110  -0.000026
0.000002  0.000002  0.000153
0.000000  -0.000110  0.000026
-0.000007  -0.000007  0.000141
-0.000000  -0.000063  0.000061
-0.000007  -0.000007  -0.000141
0.000000  -0.000076  -0.000000
0.000002  -0.000002  -0.000153
0.000000  0.000000  -0.000251
-0.000045  0.000045  -0.000000
0.000000  -0.000000  -0.000012
0.000002  -0.000002  0.000153
-0.000000  0.000000  0.000012
-0.000007  0.000007  0.000141
0.000000  0.000000  0.000251
-0.000007  0.000007  -0.000141
0.000000  0.000000  -0.000000
-0.000071  0.000014  -0.000060
0.000000  0.000063  -0.000061
-0.000012  0.000162  -0.000000
0.000000  0.000110  -0.000026
-0.000071  0.000014  0.000060
-0.000000  0.000110  0.000026
-0.000031  -0.000008  -0.000043
-0.000000  0.000063  0.000061
-0.000031  -0.000008  0.000043
0.000000  0.000076  -0.000000
0.000061  -0.000000  -0.000029
-0.000009  -0.000028  -0.000087
0.000175  0.000000  0.000000
0.000093  -0.000041  0.000147
0.000061  -0.000000  0.000029
0.000093  -0.000041  -0.000147
-0.000129  -0.000000  -0.000039
-0.000009  -0.000028  0.000087
-0.000129  -0.000000  0.000039
-0.000102  0.000067  -0.000000
0.000071  -0.000014  -0.000060
-0.000009  0.000028  -0.000087
0.000012  -0.000162  0.000000
0.000093  0.000041  0.000147
0.000071  -0.000014  0.000060
0.000093  0.000041  -0.000147
0.000031  0.000008  -0.000043
-0.000009  0.000028  0.000087
0.000031  0.000008  0.000043
-0.000102  -0.000067  0.000000
-0.000002  0.000002  -0.000153
0.000063  -0.000063  -0.000052
0.000045  -0.000045  0.000000
0.000064  -0.000064  0.000025
-0.000002  0.000002  0.000153
0.000064  -0.000064  -0.000025
0.000007  -0.000007  0.000141
0.000063  -0.000063  0.000052
0.000007  -0.000007  -0.000141
0.000037  -0.000037  -0.000000
-0.000002  -0.000002  -0.000153
0.000063  -0.000000  -0.000061
0.000045  0.000045  0.000000
0.000110  -0.000000  -0.000026
-0.000002  -0.000002  0.000153
0.000110  0.000000  0.000026
0.000007  0.000007  0.000141
0.000063  -0.000000  0.000061
0.000007  0.000007  -0.000141
0.000076  0.000000  -0.000000
0.000071  0.000014  -0.000060
0.000063  0.000063  -0.000052
0.000012  0.000162  -0.000000
0.000064  0.000064  0.000025
0.000071  0.000014  0.000060
0.000064  0.000064  -0.000025
0.000031  -0.000008  -0.000043
0.000063  0.000063  0.000052
0.000031  -0.000008  0.000043
0.000037  0.000037  -0.000000
0.000077  -0.000000  -0.000122
0.000022  0.000022  -0.000013
0.000112  -0.000000  0.000000
0.000126  0.000126  0.000042
0.000077  0.000000  0.000122
0.000126  0.000126  -0.000042
0.000139  0.000000  0.000021
0.000022  0.000022  0.000013
0.000139  -0.000000  -0.000021
-0.000006  -0.000006  -0.000000
0.000010  -0.000010  0.000109
0.000022  -0.000022  -0.000013
0.000041  -0.000041  -0.000000
0.000126  -0.000126  0.000042
0.000010  -0.000010  -0.000109
0.000126  -0.000126  -0.000042
-0.000014  0.000014  -0.000011
0.000022  -0.000022  0.000013
-0.000014  0.000014  0.000011
-0.000006  0.000006  -0.000000
0.000014  -0.000071  -0.000060
-0.000028  0.000009  -0.000087
0.000162  -0.000012  -0.000000
-0.000041  -0.000093  0.000147
0.000014  -0.000071  0.000060
-0.000041  -0.000093  -0.000147
-0.000008  -0.000031  -0.000043
-0.000028  0.000009  0.000087
-0.000008  -0.000031  0.000043
0.000067  0.000102  -0.000000
0.000014  0.000071  -0.000060
0.000078  -0.000000  -0.000101
0.000162  0.000012  -0.000000
0.000128  -0.000000  0.000073
0.000014  0.000071  0.000060
0.000128  0.000000  -0.000073
-0.000008  0.000031  -0.000043
0.000078  -0.000000  0.000101
-0.000008  0.000031  0.000043
0.000111  -0.000000  -0.000000
0.000010  0.000010  0.000109
-0.000028  -0.000009  -0.000087
0.000041  0.000041  -0.000000
-0.000041  0.000093  0.000147
0.000010  0.000010  -0.000109
-0.000041  0.000093  -0.000147
-0.000014  -0.000014  -0.000011
-0.000028  -0.000009  0.000087
-0.000014  -0.000014  0.000011
0.000067  -0.000102  0.000000
