0.000005  0.078622  -0.000006
0.000004  0.078462  -0.000004
0.000001  -0.078785  0.000591
0.000001  -0.077942  -0.000434
0.000001  0.078608  0.000001
0.000004  0.078598  -0.000001
0.000003  -0.078784  -0.000587
0.000001  -0.077943  0.000434
0.000003  0.078624  0.000005
0.000004  0.078463  0.000005
0.000002  -0.078787  0.000592
0.000004  -0.077941  -0.000431
0.000002  0.078609  0.000001
0.000005  0.078596  -0.000002
0.000001  -0.078786  -0.000594
0.000000  -0.077945  0.000429
0.000001  0.078652  -0.000004
0.000002  0.078798  -0.000003
0.000001  -0.079085  -0.000035
0.000001  -0.078731  -0.000276
0.000002  0.078638  0.000000
0.000000  0.078688  0.000003
0.000002  -0.079083  0.000038
0.000001  -0.078732  0.000279
-0.000002  0.078655  0.000003
0.000004  0.078798  0.000002
-0.000001  -0.079084  -0.000035
0.000001  -0.078732  -0.000277
0.000002  0.078637  0.000000
0.000000  0.078688  -0.000001
0.000002  -0.079084  0.000033
0.000003  -0.078733  0.000275
0.000002  0.078624  -0.000001
0.000000  0.078468  -0.000003
0.000002  -0.078782  0.000590
0.000002  -0.077939  -0.000436
0.000002  0.078609  0.000002
0.000001  0.078601  0.000002
0.000001  -0.078783  -0.000589
0.000000  -0.077940  0.000434
-0.000002  0.078623  0.000001
0.000001  0.078466  0.000003
-0.000000  -0.078782  0.000591
-0.000000  -0.077939  -0.000429
0.000000  0.078610  -0.000004
0.000002  0.078601  -0.000002
0.000002  -0.078782  -0.000593
0.000001  -0.077937  0.000429
0.000002  0.078659  -0.000003
0.000000  0.078802  -0.000003
0.000002  -0.079083  -0.000039
0.000001  -0.078731  -0.000281
0.000002  0.078638  0.000001
0.000005  0.078692  -0.000000
0.000001  -0.079084  0.000035
0.000000  -0.078731  0.000279
0.000002  0.078657  0.000004
0.000003  0.078798  0.000003
0.000002  -0.079084  -0.000033
0.000001  -0.078732  -0.000274
0.000002  0.078642  -0.000002
0.000002  0.078689  -0.000001
0.000001  -0.079084  0.000035
-0.000000  -0.078727  0.000273
-0.000001  0.078622  -0.000005
-0.000003  0.078462  -0.000004
-0.000000  -0.078785  0.000590
0.000001  -0.077942  -0.000432
0.000002  0.078611  0.000002
-0.000000  0.078597  0.000002
0.000001  -0.078786  -0.000589
0.000003  -0.077940  0.000432
0.000001  0.078623  0.000004
0.000002  0.078467  0.000004
0.000001  -0.078786  0.000593
0.000003  -0.077942  -0.000430
0.000001  0.078609  0.000001
0.000000  0.078597  -0.000002
-0.000001  -0.078785  -0.000595
0.000001  -0.077942  0.000430
0.000002  0.078652  -0.000004
0.000002  0.078798  -0.000001
0.000001  -0.079084  -0.000035
0.000001  -0.078731  -0.000278
0.000002  0.078637  -0.000000
0.000001  0.078687  0.000002
0.000001  -0.079085  0.000037
0.000001  -0.078731  0.000280
0.000003  0.078654  0.000003
0.000000  0.078796  0.000001
0.000001  -0.079085  -0.000034
0.000002  -0.078735  -0.000275
0.000003  0.078635  -0.000002
0.000001  0.078686  -0.000003
-0.000001  -0.079084  0.000032
0.000001  -0.078734  0.000273
0.000001  0.078622  -0.000003
-0.000002  0.078468  -0.000001
-0.000002  -0.078781  0.000591
0.000001  -0.077938  -0.000431
0.000002  0.078610  0.000002
0.000000  0.078599  0.000002
0.000001  -0.078784  -0.000588
-0.000001  -0.077938  0.000434
0.000003  0.078621  0.000001
-0.000001  0.078465  0.000001
0.000002  -0.078779  0.000592
0.000001  -0.077939  -0.000432
0.000003  0.078609  -0.000000
0.000001  0.078600  -0.000000
-0.000001  -0.078781  -0.000594
0.000001  -0.077937  0.000428
0.000001  0.078657  -0.000003
0.000000  0.078802  -0.000003
-0.000004  -0.079085  -0.000036
0.000002  -0.078729  -0.000278
0.000002  0.078641  0.000001
-0.000003  0.078692  -0.000000
0.000001  -0.079083  0.000038
0.000001  -0.078730  0.000279
-0.000000  0.078657  0.000003
-0.000000  0.078800  0.000004
0.000002  -0.079085  -0.000033
0.000003  -0.078728  -0.000276
0.000001  0.078639  -0.000001
0.000003  0.078692  0.000001
-0.000003  -0.079083  0.000030
0.000000  -0.078727  0.000273
-0.000001  0.078625  -0.000004
-0.000002  0.078462  -0.000005
-0.000003  -0.078784  0.000591
-0.000002  -0.077940  -0.000432
-0.000001  0.078610  0.000002
0.000001  0.078597  0.000003
0.000001  -0.078785  -0.000586
0.000002  -0.077942  0.000436
0.000004  0.078622  0.000003
0.000001  0.078464  0.000003
-0.000000  -0.078784  0.000592
0.000000  -0.077942  -0.000430
0.000002  0.078610  -0.000001
-0.000001  0.078599  -0.000002
-0.000003  -0.078786  -0.000595
-0.000002  -0.077942  0.000426
-0.000000  0.078655  -0.000002
-0.000003  0.078799  -0.000002
-0.000002  -0.079083  -0.000033
0.000000  -0.078734  -0.000276
-0.000002  0.078639  0.000003
0.000002  0.078689  0.000003
0.000003  -0.079083  0.000039
0.000002  -0.078733  0.000281
-0.000001  0.078655  0.000003
0.000002  0.078797  0.000001
-0.000001  -0.079084  -0.000036
0.000000  -0.078733  -0.000278
0.000000  0.078636  -0.000003
0.000002  0.078687  -0.000001
-0.000000  -0.079085  0.000031
0.000000  -0.078733  0.000274
0.000002  0.078620  -0.000001
-0.000001  0.078466  -0.000003
-0.000000  -0.078782  0.000590
0.000000  -0.077940  -0.000432
0.000000  0.078610  0.000002
0.000000  0.078599  0.000004
0.000001  -0.078782  -0.000589
0.000002  -0.077939  0.000435
-0.000001  0.078621  0.000003
0.000004  0.078466  0.000005
-0.000001  -0.078782  0.000591
0.000002  -0.077938  -0.000432
0.000000  0.078607  -0.000002
-0.000000  0.078601  -0.000005
-0.000002  -0.078780  -0.000596
-0.000002  -0.077938  0.000428
-0.000002  0.078660  -0.000001
-0.000003  0.078800  -0.000004
-0.000001  -0.079085  -0.000034
0.000000  -0.078730  -0.000277
0.000000  0.078642  0.000002
-0.000002  0.078690  0.000004
-0.000004  -0.079082  0.000039
0.000001  -0.078730  0.000280
0.000002  0.078659  0.000003
-0.000000  0.078801  0.000005
-0.000001  -0.079083  -0.000034
0.000001  -0.078730  -0.000274
0.000000  0.078642  -0.000002
-0.000002  0.078692  -0.000005
-0.000003  -0.079082  0.000029
-0.000003  -0.078729  0.000273
-0.000004  0.078621  -0.000005
-0.000000  0.078465  -0.000004
-0.000003  -0.078783  0.000592
-0.000001  -0.077940  -0.000430
-0.000001  0.078612  0.000002
-0.000003  0.078597  0.000004
-0.000003  -0.078785  -0.000586
-0.000003  -0.077940  0.000436
-0.000001  0.078620  0.000005
-0.000003  0.078464  0.000002
-0.000002  -0.078784  0.000591
-0.000003  -0.077942  -0.000431
-0.000003  0.078606  -0.000002
-0.000002  0.078600  -0.000004
-0.000001  -0.078786  -0.000596
-0.000003  -0.077942  0.000426
-0.000000  0.078655  -0.000002
0.000001  0.078796  -0.000003
0.000001  -0.079084  -0.000033
-0.000004  -0.078734  -0.000275
0.000001  0.078636  0.000003
-0.000003  0.078689  0.000005
-0.000000  -0.079084  0.000041
-0.000001  -0.078732  0.000283
0.000000  0.078656  0.000003
-0.000001  0.078797  0.000001
-0.000002  -0.079084  -0.000037
-0.000001  -0.078734  -0.000278
-0.000002  0.078637  -0.000004
-0.000000  0.078686  -0.000003
-0.000001  -0.079083  0.000031
-0.000003  -0.078733  0.000272
-0.000003  0.078624  -0.000002
-0.000000  0.078464  -0.000001
-0.000001  -0.078784  0.000592
-0.000003  -0.077938  -0.000431
-0.000001  0.078607  0.000004
-0.000001  0.078601  0.000002
-0.000001  -0.078782  -0.000586
0.000000  -0.077939  0.000436
0.000001  0.078621  0.000003
-0.000001  0.078465  0.000002
-0.000001  -0.078782  0.000590
0.000001  -0.077939  -0.000432
0.000000  0.078608  -0.000001
0.000002  0.078599  -0.000003
-0.000003  -0.078781  -0.000597
-0.000001  -0.077939  0.000426
-0.000002  0.078657  -0.000002
-0.000000  0.078801  -0.000004
-0.000002  -0.079083  -0.000034
-0.000005  -0.078733  -0.000278
0.000001  0.078638  0.000004
-0.000000  0.078691  0.000006
-0.000002  -0.079084  0.000039
-0.000001  -0.078731  0.000280
-0.000001  0.078655  0.000005
-0.000001  0.078799  0.000005
-0.000002  -0.079083  -0.000035
-0.000000  -0.078728  -0.000276
-0.000003  0.078638  -0.000004
-0.000003  0.078689  -0.000003
-0.000002  -0.079085  0.000030
-0.000002  -0.078730  0.000271
-0.000004  0.078623  -0.000004
-0.000000  0.078464  -0.000003
-0.000000  -0.078787  0.000592
-0.000002  -0.077940  -0.000430
-0.000002  0.078609  0.000004
0.000002  0.078600  0.000002
-0.000002  -0.078781  -0.000587
-0.000001  -0.077941  0.000436
-0.000004  0.078623  0.000004
-0.000002  0.078465  0.000003
-0.000003  -0.078784  0.000592
-0.000001  -0.077943  -0.000433
-0.000000  0.078608  -0.000004
-0.000001  0.078598  -0.000001
-0.000001  -0.078785  -0.000597
-0.000001  -0.077942  0.000426
-0.000002  0.078655  -0.000002
-0.000001  0.078799  -0.000000
-0.000002  -0.079087  -0.000033
-0.000000  -0.078731  -0.000277
0.000001  0.078639  0.000005
-0.000000  0.078690  0.000004
-0.000002  -0.079083  0.000040
-0.000002  -0.078732  0.000283
0.000000  0.078657  0.000003
-0.000002  0.078796  0.000002
0.000001  -0.079083  -0.000035
-0.000003  -0.078734  -0.000279
-0.000002  0.078637  -0.000005
-0.000002  0.078688  -0.000003
-0.000001  -0.079082  0.000029
-0.000001  -0.078732  0.000271
-0.000000  0.078622  -0.000004
0.000000  0.078468  -0.000002
-0.000001  -0.078781  0.000591
-0.000001  -0.077939  -0.000431
-0.000001  0.078607  0.000006
-0.000002  0.078598  0.000004
-0.000003  -0.078783  -0.000583
0.000001  -0.077941  0.000439
-0.000002  0.078624  0.000002
-0.000003  0.078465  0.000004
-0.000001  -0.078784  0.000588
-0.000000  -0.077939  -0.000434
0.000000  0.078608  -0.000003
-0.000001  0.078602  -0.000004
0.000000  -0.078784  -0.000599
-0.000001  -0.077939  0.000425
-0.000002  0.078657  -0.000002
-0.000002  0.078799  -0.000006
-0.000001  -0.079083  -0.000033
-0.000000  -0.078734  -0.000277
-0.000003  0.078640  0.000005
-0.000002  0.078692  0.000004
-0.000002  -0.079084  0.000040
-0.000002  -0.078732  0.000282
0.000001  0.078654  0.000003
-0.000001  0.078800  0.000004
-0.000002  -0.079082  -0.000033
-0.000002  -0.078729  -0.000276
-0.000001  0.078640  -0.000002
-0.000002  0.078691  -0.000005
-0.000002  -0.079083  0.000029
-0.000003  -0.078729  0.000271
0.000001  0.078622  -0.000004
0.000002  0.078465  -0.000003
0.000001  -0.078787  0.000592
0.000001  -0.077938  -0.000431
-0.000001  0.078610  0.000002
-0.000001  0.078600  0.000003
0.000000  -0.078785  -0.000589
-0.000002  -0.077940  0.000435
0.000001  0.078619  0.000004
0.000000  0.078465  0.000001
-0.000003  -0.078785  0.000592
-0.000001  -0.077944  -0.000432
-0.000002  0.078611  -0.000003
-0.000001  0.078598  -0.000002
0.000000  -0.078785  -0.000596
-0.000003  -0.077940  0.000425
0.000000  0.078655  -0.000000
-0.000000  0.078798  -0.000003
0.000002  -0.079083  -0.000034
-0.000001  -0.078731  -0.000276
-0.000001  0.078638  0.000004
-0.000001  0.078689  0.000004
-0.000001  -0.079085  0.000039
-0.000002  -0.078733  0.000280
-0.000004  0.078654  0.000003
0.000000  0.078799  0.000002
-0.000003  -0.079086  -0.000034
-0.000002  -0.078733  -0.000277
-0.000001  0.078639  -0.000003
0.000001  0.078688  -0.000003
-0.000002  -0.079086  0.000032
-0.000001  -0.078733  0.000272
0.000003  0.078620  -0.000002
0.000001  0.078465  -0.000003
-0.000001  -0.078783  0.000592
-0.000002  -0.077939  -0.000431
-0.000000  0.078608  0.000005
-0.000001  0.078599  0.000003
-0.000000  -0.078784  -0.000589
-0.000002  -0.077941  0.000436
-0.000002  0.078623  0.000001
-0.000002  0.078465  0.000002
-0.000002  -0.078784  0.000592
-0.000004  -0.077939  -0.000432
-0.000002  0.078608  -0.000005
-0.000001  0.078601  -0.000003
0.000002  -0.078783  -0.000597
0.000001  -0.077940  0.000426
0.000001  0.078656  -0.000003
0.000004  0.078801  -0.000006
0.000005  -0.079085  -0.000034
-0.000001  -0.078732  -0.000277
0.000001  0.078638  0.000003
0.000002  0.078693  0.000001
-0.000000  -0.079083  0.000040
-0.000002  -0.078733  0.000282
-0.000002  0.078656  0.000004
-0.000002  0.078801  0.000003
-0.000002  -0.079085  -0.000033
-0.000002  -0.078731  -0.000276
0.000001  0.078640  -0.000004
0.000001  0.078690  -0.000005
0.000003  -0.079084  0.000031
0.000001  -0.078730  0.000272
0.000004  0.078622  -0.000003
0.000003  0.078463  -0.000003
0.000002  -0.078785  0.000591
0.000003  -0.077943  -0.000432
0.000002  0.078612  0.000000
-0.000001  0.078600  0.000001
-0.000001  -0.078785  -0.000589
-0.000000  -0.077941  0.000435
-0.000001  0.078625  0.000004
-0.000001  0.078464  0.000003
0.000001  -0.078788  0.000592
0.000000  -0.077943  -0.000431
0.000002  0.078610  0.000001
0.000004  0.078597  -0.000000
0.000002  -0.078787  -0.000593
0.000006  -0.077943  0.000429
0.000002  0.078655  -0.000003
0.000001  0.078798  -0.000000
0.000001  -0.079085  -0.000034
0.000002  -0.078733  -0.000276
-0.000001  0.078638  0.000003
0.000000  0.078689  0.000001
0.000000  -0.079083  0.000038
0.000001  -0.078732  0.000278
-0.000000  0.078656  0.000002
0.000000  0.078798  0.000004
0.000001  -0.079082  -0.000035
-0.000003  -0.078730  -0.000277
-0.000001  0.078639  -0.000001
-0.000001  0.078687  -0.000003
-0.000002  -0.079084  0.000033
0.000000  -0.078733  0.000272
0.000000  0.078622  -0.000003
0.000004  0.078464  -0.000003
0.000003  -0.078781  0.000590
-0.000000  -0.077943  -0.000433
0.000001  0.078607  0.000003
0.000002  0.078601  0.000004
-0.000000  -0.078782  -0.000588
-0.000000  -0.077941  0.000436
0.000002  0.078623  0.000003
0.000001  0.078467  0.000003
0.000003  -0.078783  0.000593
0.000001  -0.077938  -0.000433
0.000000  0.078610  -0.000002
0.000003  0.078601  -0.000002
-0.000001  -0.078783  -0.000596
-0.000000  -0.077938  0.000428
0.000004  0.078660  -0.000004
0.000004  0.078801  -0.000003
0.000001  -0.079084  -0.000036
0.000004  -0.078729  -0.000280
0.000001  0.078639  0.000004
-0.000001  0.078692  0.000002
0.000001  -0.079083  0.000037
0.000001  -0.078734  0.000279
0.000002  0.078657  0.000004
0.000002  0.078800  0.000004
0.000000  -0.079085  -0.000033
-0.000000  -0.078732  -0.000277
-0.000000  0.078641  -0.000003
0.000002  0.078691  0.000001
0.000003  -0.079083  0.000033
0.000004  -0.078730  0.000273
