0.443548  0.237871  2.560054
-1.677143  -0.428447  1.887907
-0.704722  -3.587461  -0.548728
-2.224336  -0.421940  0.189817
2.433815  0.099701  0.515178
-0.126773  0.036530  -2.563775
-1.405571  0.622684  -1.322376
-1.641793  0.529494  -1.102041
-0.883233  0.190686  1.246737
0.052853  1.696990  0.018183
0.172831  -0.021368  -0.611870
0.024171  -1.771239  1.236785
-3.565961  -1.799086  -0.942625
1.525501  -0.997553  -0.456734
-0.342297  1.013100  -0.715336
1.347108  -1.051301  -2.344604
-0.100076  -0.237983  -0.217545
0.961502  1.342653  1.160828
-0.247305  0.099615  -1.375547
-1.833057  0.178496  -1.321242
-1.197377  -0.655012  -0.640482
-0.416659  1.542185  2.503620
-0.761091  0.055830  0.676932
0.107514  0.735243  0.805023
-1.531791  -2.098759  -0.460308
0.558577  0.136159  -0.826564
-1.152671  -0.877614  -1.817467
2.014175  -1.623716  -0.398087
-0.952970  -2.259393  -1.210474
0.581585  0.498790  -0.642608
-0.894230  0.225999  0.279869
1.573917  -0.604660  0.970974
-3.116923  -1.690618  -0.357348
-0.114907  -0.109004  0.520243
1.625190  -0.606560  0.199706
-0.119756  1.807374  2.623905
-0.237753  0.033322  0.898917
-2.547924  1.319739  0.171530
1.368422  -1.688720  1.077751
-0.796297  0.880450  -0.745348
3.343238  -1.737344  5.080291
3.980044  0.800592  0.564252
-0.412205  0.519683  0.305170
0.021216  -0.916085  -2.282600
-0.945395  0.017082  -0.390786
0.321067  -0.539207  0.467334
0.411876  1.046897  -0.524788
-2.216854  -4.466187  0.732380
1.972965  0.551475  -2.396548
-0.141548  -0.151319  0.436324
1.227655  -0.177458  4.909293
1.436077  2.103979  -0.828770
3.391335  -2.832201  -2.481674
-0.066243  0.086192  -0.178605
-2.266692  0.822164  1.166783
-0.234742  -0.618352  0.145194
0.084063  -0.216546  -2.557292
2.798412  -0.859869  -0.984178
-0.235417  -0.879489  0.547983
-2.538769  -4.931837  -1.674129
-0.606169  1.206008  0.307263
1.953241  0.260785  0.230682
0.854176  1.767684  -0.615045
0.816459  -1.502586  -1.914997
2.390236  -4.243939  0.803897
0.646306  -0.843591  -0.434295
-1.166160  -4.548048  -2.326911
0.607786  -1.386703  0.112532
-0.325656  1.477286  -0.149332
-0.600262  0.415545  -0.819035
-0.507053  0.479533  -0.359575
1.268267  -0.979958  0.006380
0.438515  0.111356  0.283868
-0.015462  0.105079  -0.683401
1.009611  -0.226966  -0.514977
2.058800  2.388511  -2.817765
0.725650  0.610341  -0.106671
0.150348  0.752739  0.738247
0.033828  0.924851  1.193916
0.727773  -0.165719  1.136936
0.664911  -0.885928  -1.133404
-1.192113  -0.476856  -0.381115
1.121931  -6.414165  1.157235
-0.046204  6.063793  -1.027001
-0.632853  -0.939239  0.733257
-1.017474  0.802332  2.875911
0.331573  -0.399857  0.364370
0.391731  5.037187  1.863796
-0.434451  -0.024235  -0.095174
-0.527322  0.885219  -0.697917
0.342469  -0.382535  0.427393
-0.273932  0.422519  -0.393120
2.678951  0.351738  -1.030292
-0.308226  0.151328  0.357574
0.305463  -0.519089  -2.434106
-2.054333  0.232550  -1.033425
1.167029  1.323734  1.261628
-0.303986  1.423597  3.314680
-0.620261  0.335104  0.449033
-0.643850  -1.611864  -0.041256
-1.194928  -0.942272  1.513160
-1.549283  0.555607  -0.946330
0.365362  2.188382  1.392620
-0.663716  0.642876  0.402758
0.267737  2.179961  0.064256
-2.022774  0.166593  2.481953
0.864003  4.891377  -2.535715
1.058707  -1.088091  0.829931
-0.621407  -1.679576  -0.205652
-0.858657  -0.808090  1.266239
-0.043920  1.054776  0.767191
1.127458  3.741999  -0.813567
3.028463  0.345558  1.330329
-1.210013  1.896862  -5.552455
0.404807  0.239911  0.109397
-2.657345  -0.704253  0.430979
0.633900  -0.661272  -0.083630
0.377958  -0.392397  0.006293
-2.025889  0.716219  0.046298
-0.074628  -1.015152  -0.903517
-1.199808  -1.134001  3.107812
-1.133390  -0.392130  0.513701
0.220282  4.256937  -2.487681
-0.042826  -0.424590  -0.462661
-1.264404  -0.922498  0.412347
1.432373  1.702094  0.248302
0.599021  0.407940  -0.394890
0.645458  4.825042  1.874265
