-1.676379  -2.102618  1.814708
-0.756200  -3.993544  -3.361332
1.752154  -2.862044  -1.596701
-0.470327  -2.691121  -5.697769
-0.950894  -4.473849  -2.328743
0.179761  -3.183420  5.603559
3.237483  -0.184844  -0.862241
-2.623007  0.160003  -1.003079
-1.124790  -0.996601  1.331874
-2.234087  1.356645  -2.052301
2.446597  2.502091  0.621734
-2.902075  1.566240  1.835681
-4.492441  2.595973  -0.177772
-3.265533  -1.025682  0.270403
-1.278336  1.167953  -2.414517
2.004946  1.095146  2.546315
-0.579873  -0.342773  1.424499
-1.124308  1.795154  -1.870905
0.924786  -2.872699  -0.908822
-0.966304  0.814486  1.181950
-0.573772  -2.317460  -1.926630
1.926185  0.861218  -1.855526
0.658673  1.299304  -1.143667
-4.719794  1.371889  2.946610
1.456160  -0.797102  1.086327
-1.816915  -1.236832  2.600631
1.846624  -0.890075  -1.493972
-1.243545  1.550328  -2.189285
-2.263563  -2.570206  1.415741
-0.667933  4.748244  1.913926
1.030065  -1.870176  2.122955
-2.116688  1.203520  1.430725
-0.973844  1.003566  -2.028083
-0.841625  1.670585  0.868790
-1.507925  -2.590693  -2.388416
0.456258  -1.408779  -3.501878
0.359250  5.993686  2.711332
2.077399  -4.155960  0.918043
-0.813678  -5.637721  -4.013413
1.215050  1.542310  6.407936
-0.757384  1.614497  1.664409
2.789390  -0.781568  -0.470217
1.961268  2.827012  -2.511021
-2.117379  -0.511417  1.325955
5.216345  4.085017  -1.429087
-1.673461  2.609549  -0.123881
-1.694531  0.198667  3.084918
4.125482  3.356653  1.878565
2.150587  -0.734192  0.090961
0.452117  -0.842110  -1.621320
2.973789  1.592230  -2.071211
-0.310957  2.134954  0.431344
-1.700063  1.614910  -3.183139
3.362050  2.782972  1.271516
1.655944  -2.600765  0.305151
1.064420  -1.225074  0.989120
1.496272  0.439604  0.085972
-2.040125  0.843395  1.109630
1.394169  -0.421436  -2.301443
-0.786233  -0.961987  -0.441398
0.388990  -2.600854  -0.148325
-1.366057  -1.030323  2.149483
2.717552  -0.718324  -2.010834
-0.235900  0.609082  1.506800
1.258099  1.408740  -1.058640
4.269033  -2.596894  -0.693402
0.416152  2.606354  -0.351152
2.109198  0.141016  -0.467469
1.074699  -2.741358  0.283346
-3.854382  -2.833013  -2.164390
-0.482936  -1.719222  -2.558542
-3.119541  1.547646  -0.384708
-0.274420  -1.801943  -2.179833
-0.487584  1.392127  0.653106
-0.918466  1.354990  3.700335
0.636650  0.899165  0.794571
1.285919  0.845106  -1.578823
1.533865  -1.742789  -0.216885
-0.008821  0.377682  1.936378
0.056593  2.047646  1.078722
-1.079072  -1.444066  3.278404
-2.931307  -3.858002  2.192934
-0.100272  -1.443172  -0.924763
0.700727  2.525030  -1.163834
1.492156  -1.070445  -3.954010
-0.420686  2.202157  1.314576
-3.140357  -1.619781  3.062640
1.067316  1.082587  -2.351083
-0.805934  2.415120  -0.481259
-1.212884  0.898448  2.971088
0.395432  -1.222172  1.634724
-0.190607  1.370913  1.820368
2.572134  -1.451017  -1.192827
-4.850951  0.474009  0.959945
-0.871896  2.490537  -2.254595
-0.990620  -0.531693  1.816254
-0.547819  -0.173771  0.508108
1.459842  0.193553  -5.743486
0.057844  2.021785  -0.713165
-0.343916  -3.037463  6.972845
0.776255  -3.072659  -2.149590
0.156412  0.689739  3.069070
4.476820  -0.457219  -1.776606
0.782925  1.990220  4.482683
-0.308258  -0.283674  -0.527218
-0.214556  4.511135  -2.351074
-2.903056  -0.706320  0.292441
1.596979  -1.333495  2.051147
-1.883541  4.226931  0.953541
1.352205  2.042517  -1.554197
0.885608  1.427501  1.768538
-0.851737  -3.253505  1.453338
0.625347  -3.316317  -1.591790
1.072335  2.337743  -1.925605
-4.626830  -2.745289  -0.205517
-2.597311  1.011711  -0.048827
1.675451  -3.192569  -2.050011
-0.423722  -0.272193  -2.678054
1.759975  -3.824296  -0.237528
1.676057  -0.709302  -1.678561
1.877318  0.547264  0.446252
0.292983  1.487662  -2.707535
-0.837204  2.784782  2.043773
0.388656  1.206514  3.896315
2.483619  -0.128851  -0.421120
1.209724  -0.398676  0.202112
-1.242329  2.151747  -0.658039
0.392852  -0.103546  -0.464053
