0.000000  0.009451  0.009451
0.001999  0.001999  0.001999
0.000000  0.018521  -0.001586
-0.000364  -0.000364  0.011369
0.000000  0.048022  0.000000
-0.014614  -0.014614  -0.014819
0.000000  0.018521  0.001586
-0.014614  -0.014614  0.014819
0.000000  0.009451  -0.009451
-0.000364  -0.000364  -0.011369
0.000000  -0.007360  0.000000
0.001999  0.001999  -0.001999
0.000000  -0.001586  0.018521
-0.000364  0.011369  -0.000364
0.000000  0.044906  0.044906
0.012100  0.009262  0.009262
0.000000  0.010214  0.000000
-0.028985  0.001231  -0.015402
0.000000  0.044906  -0.044906
-0.028985  0.001231  0.015402
0.000000  -0.001586  -0.018521
0.012100  0.009262  -0.009262
0.000000  0.048176  0.000000
-0.000364  0.011369  0.000364
0.000000  -0.000000  0.048022
-0.014614  -0.014819  -0.014614
0.000000  -0.000000  0.010214
-0.028985  -0.015402  0.001231
0.000000  -0.000000  0.000000
0.007688  -0.008676  -0.008676
0.000000  -0.000000  -0.010214
0.007688  -0.008676  0.008676
0.000000  -0.000000  -0.048022
-0.028985  -0.015402  -0.001231
0.000000  -0.000000  0.000000
-0.014614  -0.014819  0.014614
0.000000  0.001586  0.018521
-0.014614  0.014819  -0.014614
0.000000  -0.044906  0.044906
-0.028985  0.015402  0.001231
0.000000  -0.010214  0.000000
0.007688  0.008676  -0.008676
0.000000  -0.044906  -0.044906
0.007688  0.008676  0.008676
0.000000  0.001586  -0.018521
-0.028985  0.015402  -0.001231
0.000000  -0.048176  -0.000000
-0.014614  0.014819  0.014614
0.000000  -0.009451  0.009451
-0.000364  -0.011369  -0.000364
0.000000  -0.018521  -0.001586
0.012100  -0.009262  0.009262
0.000000  -0.048022  0.000000
-0.028985  -0.001231  -0.015402
0.000000  -0.018521  0.001586
-0.028985  -0.001231  0.015402
0.000000  -0.009451  -0.009451
0.012100  -0.009262  -0.009262
0.000000  0.007360  0.000000
-0.000364  -0.011369  0.000364
0.000000  -0.000000  -0.007360
0.001999  -0.001999  0.001999
0.000000  -0.000000  0.048176
-0.000364  0.000364  0.011369
0.000000  -0.000000  0.000000
-0.014614  0.014614  -0.014819
0.000000  -0.000000  -0.048176
-0.014614  0.014614  0.014819
0.000000  -0.000000  0.007360
-0.000364  0.000364  -0.011369
0.000000  -0.000000  0.000000
0.001999  -0.001999  -0.001999
0.006394  0.006394  0.006394
0.011369  -0.000364  -0.000364
0.011189  0.011189  -0.016540
0.009262  0.012100  0.009262
0.013858  0.013858  0.000000
0.001231  -0.028985  -0.015402
0.011189  0.011189  0.016540
0.001231  -0.028985  0.015402
0.006394  0.006394  -0.006394
0.009262  0.012100  -0.009262
0.009451  0.009451  0.000000
0.011369  -0.000364  0.000364
0.011189  -0.016540  0.011189
0.009262  0.009262  0.012100
0.014016  0.013625  0.013625
-0.016101  -0.016101  -0.016101
-0.024095  0.007862  0.000000
-0.013189  -0.013189  -0.008426
0.014016  0.013625  -0.013625
-0.013189  -0.013189  0.008426
0.011189  -0.016540  -0.011189
-0.016101  -0.016101  0.016101
0.018521  -0.001586  0.000000
0.009262  0.009262  -0.012100
0.013858  -0.000000  0.013858
0.001231  -0.015402  -0.028985
-0.024095  -0.000000  0.007862
-0.013189  -0.008426  -0.013189
-0.024095  -0.000000  -0.007862
0.013858  -0.000000  -0.013858
-0.013189  -0.008426  0.013189
0.048022  -0.000000  0.000000
0.001231  -0.015402  0.028985
0.011189  0.016540  0.011189
0.001231  0.015402  -0.028985
0.014016  -0.013625  0.013625
-0.013189  0.008426  -0.013189
-0.024095  -0.007862  0.000000
0.014016  -0.013625  -0.013625
0.011189  0.016540  -0.011189
-0.013189  0.008426  0.013189
0.018521  0.001586  0.000000
0.001231  0.015402  0.028985
0.006394  -0.006394  0.006394
0.009262  -0.009262  0.012100
0.011189  -0.011189  -0.016540
-0.016101  0.016101  -0.016101
0.013858  -0.013858  0.000000
-0.013189  0.013189  -0.008426
0.011189  -0.011189  0.016540
-0.013189  0.013189  0.008426
0.006394  -0.006394  -0.006394
-0.016101  0.016101  0.016101
0.009451  -0.009451  0.000000
0.009262  -0.009262  -0.012100
0.009451  -0.000000  0.009451
0.011369  0.000364  -0.000364
0.018521  -0.000000  -0.001586
0.009262  -0.012100  0.009262
0.048022  -0.000000  0.000000
0.001231  0.028985  -0.015402
0.018521  -0.000000  0.001586
0.001231  0.028985  0.015402
0.009451  -0.000000  -0.009451
0.009262  -0.012100  -0.009262
-0.007360  -0.000000  0.000000
0.011369  0.000364  0.000364
-0.016540  0.011189  0.011189
-0.014819  -0.014614  -0.014614
0.013625  0.014016  0.013625
-0.015402  -0.028985  0.001231
0.007862  -0.024095  0.000000
-0.008676  0.007688  -0.008676
0.013625  0.014016  -0.013625
-0.008676  0.007688  0.008676
-0.016540  0.011189  -0.011189
-0.015402  -0.028985  -0.001231
-0.001586  0.018521  0.000000
-0.014819  -0.014614  0.014614
0.013625  0.013625  0.014016
-0.015402  0.001231  -0.028985
-0.008426  -0.013189  -0.013189
0.013625  0.013625  -0.014016
-0.008426  -0.013189  0.013189
0.044906  0.044906  -0.000000
-0.015402  0.001231  0.028985
0.007862  -0.000000  -0.024095
-0.008676  -0.008676  0.007688
0.007862  -0.000000  0.024095
0.010214  -0.000000  0.000000
-0.008676  -0.008676  -0.007688
0.013625  -0.013625  0.014016
-0.008676  0.008676  0.007688
0.013625  -0.013625  -0.014016
0.044906  -0.044906  0.000000
-0.008676  0.008676  -0.007688
-0.016540  -0.011189  0.011189
-0.015402  -0.001231  -0.028985
0.013625  -0.014016  0.013625
-0.008426  0.013189  -0.013189
0.007862  0.024095  0.000000
0.013625  -0.014016  -0.013625
-0.016540  -0.011189  -0.011189
-0.008426  0.013189  0.013189
-0.001586  -0.018521  0.000000
-0.015402  -0.001231  0.028985
-0.001586  -0.000000  0.018521
-0.014819  0.014614  -0.014614
0.044906  -0.000000  0.044906
-0.015402  0.028985  0.001231
0.010214  -0.000000  0.000000
-0.008676  -0.007688  -0.008676
0.044906  -0.000000  -0.044906
-0.008676  -0.007688  0.008676
-0.001586  -0.000000  -0.018521
-0.015402  0.028985  -0.001231
0.048176  -0.000000  -0.000000
-0.014819  0.014614  0.014614
0.000000  0.013858  0.013858
0.014819  -0.014614  -0.014614
0.000000  -0.024095  0.007862
0.015402  -0.028985  0.001231
0.008676  0.007688  -0.008676
0.000000  -0.024095  -0.007862
0.008676  0.007688  0.008676
0.000000  0.013858  -0.013858
0.015402  -0.028985  -0.001231
0.000000  0.048022  0.000000
0.014819  -0.014614  0.014614
0.000000  0.007862  -0.024095
0.015402  0.001231  -0.028985
0.008426  -0.013189  -0.013189
0.000000  0.007862  0.024095
0.008426  -0.013189  0.013189
0.000000  0.010214  -0.000000
0.015402  0.001231  0.028985
0.008676  -0.008676  0.007688
0.000000  -0.000000  0.000000
0.008676  -0.008676  -0.007688
0.000000  -0.007862  -0.024095
0.008676  0.008676  0.007688
0.000000  -0.007862  0.024095
0.000000  -0.010214  0.000000
0.008676  0.008676  -0.007688
0.000000  -0.013858  0.013858
0.015402  -0.001231  -0.028985
0.000000  0.024095  0.007862
0.008426  0.013189  -0.013189
0.000000  0.024095  -0.007862
0.000000  -0.013858  -0.013858
0.008426  0.013189  0.013189
0.000000  -0.048022  0.000000
0.015402  -0.001231  0.028985
0.000000  -0.000000  0.048022
0.014819  0.014614  -0.014614
0.000000  -0.000000  0.010214
0.015402  0.028985  0.001231
0.000000  -0.000000  0.000000
0.008676  -0.007688  -0.008676
0.000000  -0.000000  -0.010214
0.008676  -0.007688  0.008676
0.000000  -0.000000  -0.048022
0.015402  0.028985  -0.001231
0.000000  -0.000000  0.000000
0.014819  0.014614  0.014614
0.016540  0.011189  0.011189
-0.011369  -0.000364  -0.000364
-0.013625  0.014016  0.013625
-0.009262  0.012100  0.009262
-0.007862  -0.024095  0.000000
-0.001231  -0.028985  -0.015402
-0.013625  0.014016  -0.013625
-0.001231  -0.028985  0.015402
0.016540  0.011189  -0.011189
-0.009262  0.012100  -0.009262
0.001586  0.018521  0.000000
-0.011369  -0.000364  0.000364
-0.013625  0.013625  0.014016
-0.009262  0.009262  0.012100
0.016101  -0.016101  -0.016101
0.013189  -0.013189  -0.008426
0.013189  -0.013189  0.008426
-0.013625  0.013625  -0.014016
0.016101  -0.016101  0.016101
-0.044906  0.044906  0.000000
-0.009262  0.009262  -0.012100
-0.007862  -0.000000  -0.024095
-0.001231  -0.015402  -0.028985
0.013189  -0.008426  -0.013189
-0.007862  -0.000000  0.024095
0.013189  -0.008426  0.013189
-0.010214  -0.000000  0.000000
-0.001231  -0.015402  0.028985
-0.013625  -0.013625  0.014016
-0.001231  0.015402  -0.028985
0.013189  0.008426  -0.013189
-0.013625  -0.013625  -0.014016
0.013189  0.008426  0.013189
-0.044906  -0.044906  -0.000000
-0.001231  0.015402  0.028985
0.016540  -0.011189  0.011189
-0.009262  -0.009262  0.012100
-0.013625  -0.014016  0.013625
0.016101  0.016101  -0.016101
-0.007862  0.024095  0.000000
0.013189  0.013189  -0.008426
-0.013625  -0.014016  -0.013625
0.013189  0.013189  0.008426
0.016540  -0.011189  -0.011189
0.016101  0.016101  0.016101
0.001586  -0.018521  0.000000
-0.009262  -0.009262  -0.012100
0.001586  -0.000000  0.018521
-0.011369  0.000364  -0.000364
-0.044906  -0.000000  0.044906
-0.009262  -0.012100  0.009262
-0.010214  -0.000000  0.000000
-0.001231  0.028985  -0.015402
-0.044906  -0.000000  -0.044906
-0.001231  0.028985  0.015402
0.001586  -0.000000  -0.018521
-0.009262  -0.012100  -0.009262
-0.048176  -0.000000  0.000000
-0.011369  0.000364  0.000364
-0.006394  0.006394  0.006394
-0.001999  0.001999  0.001999
-0.011189  0.011189  -0.016540
0.000364  -0.000364  0.011369
-0.013858  0.013858  0.000000
0.014614  -0.014614  -0.014819
-0.011189  0.011189  0.016540
0.014614  -0.014614  0.014819
-0.006394  0.006394  -0.006394
0.000364  -0.000364  -0.011369
-0.009451  0.009451  -0.000000
-0.001999  0.001999  -0.001999
-0.011189  -0.016540  0.011189
0.000364  0.011369  -0.000364
-0.014016  0.013625  0.013625
-0.012100  0.009262  0.009262
0.024095  0.007862  0.000000
0.028985  0.001231  -0.015402
-0.014016  0.013625  -0.013625
0.028985  0.001231  0.015402
-0.011189  -0.016540  -0.011189
-0.012100  0.009262  -0.009262
-0.018521  -0.001586  0.000000
0.000364  0.011369  0.000364
-0.013858  -0.000000  0.013858
0.014614  -0.014819  -0.014614
0.024095  -0.000000  0.007862
0.028985  -0.015402  0.001231
-0.007688  -0.008676  -0.008676
0.024095  -0.000000  -0.007862
-0.007688  -0.008676  0.008676
-0.013858  -0.000000  -0.013858
0.028985  -0.015402  -0.001231
-0.048022  -0.000000  0.000000
0.014614  -0.014819  0.014614
-0.011189  0.016540  0.011189
0.014614  0.014819  -0.014614
-0.014016  -0.013625  0.013625
0.028985  0.015402  0.001231
0.024095  -0.007862  0.000000
-0.007688  0.008676  -0.008676
-0.014016  -0.013625  -0.013625
-0.007688  0.008676  0.008676
-0.011189  0.016540  -0.011189
0.028985  0.015402  -0.001231
-0.018521  0.001586  0.000000
0.014614  0.014819  0.014614
-0.006394  -0.006394  0.006394
0.000364  -0.011369  -0.000364
-0.011189  -0.011189  -0.016540
-0.012100  -0.009262  0.009262
-0.013858  -0.013858  0.000000
0.028985  -0.001231  -0.015402
-0.011189  -0.011189  0.016540
0.028985  -0.001231  0.015402
-0.006394  -0.006394  -0.006394
-0.012100  -0.009262  -0.009262
-0.009451  -0.009451  0.000000
0.000364  -0.011369  0.000364
-0.009451  0.000000  0.009451
-0.001999  -0.001999  0.001999
-0.018521  -0.000000  -0.001586
0.000364  0.000364  0.011369
-0.048022  -0.000000  0.000000
0.014614  0.014614  -0.014819
-0.018521  -0.000000  0.001586
0.014614  0.014614  0.014819
-0.009451  -0.000000  -0.009451
0.000364  0.000364  -0.011369
0.007360  -0.000000  0.000000
-0.001999  -0.001999  -0.001999
