-0.000001  0.073179  0.000000
-0.000000  0.073601  0.000000
-0.000001  -0.072730  0.000610
0.000002  -0.072699  -0.000463
0.000001  0.073203  0.000001
0.000002  0.073154  0.000002
-0.000002  -0.072730  -0.000607
-0.000000  -0.072697  0.000466
-0.000001  0.073181  0.000000
-0.000000  0.073601  -0.000002
-0.000000  -0.072729  0.000607
0.000001  -0.072700  -0.000464
-0.000001  0.073204  -0.000002
-0.000002  0.073153  -0.000001
-0.000001  -0.072732  -0.000608
0.000001  -0.072699  0.000464
0.000002  0.073214  0.000001
-0.000001  0.072822  0.000002
0.000001  -0.073134  0.000042
0.000003  -0.074262  -0.000160
0.000001  0.073213  0.000001
0.000001  0.073268  0.000003
0.000003  -0.073136  -0.000040
0.000002  -0.074264  0.000165
-0.000001  0.073217  -0.000001
-0.000000  0.072823  -0.000003
0.000000  -0.073134  0.000038
0.000000  -0.074265  -0.000164
0.000002  0.073214  -0.000004
-0.000001  0.073267  -0.000003
0.000003  -0.073132  -0.000041
0.000001  -0.074263  0.000162
0.000001  0.073178  -0.000000
0.000000  0.073600  0.000002
0.000000  -0.072729  0.000607
0.000002  -0.072702  -0.000463
0.000001  0.073201  0.000003
0.000001  0.073151  0.000000
0.000001  -0.072730  -0.000608
0.000002  -0.072702  0.000466
0.000001  0.073174  0.000000
0.000001  0.073600  -0.000001
-0.000001  -0.072729  0.000607
-0.000001  -0.072700  -0.000466
0.000001  0.073200  -0.000003
-0.000001  0.073152  0.000000
0.000001  -0.072730  -0.000607
0.000002  -0.072703  0.000465
0.000000  0.073212  -0.000002
-0.000001  0.072822  0.000001
-0.000002  -0.073132  0.000040
0.000002  -0.074262  -0.000163
-0.000001  0.073212  0.000001
-0.000001  0.073269  -0.000000
-0.000000  -0.073131  -0.000041
0.000000  -0.074263  0.000161
-0.000001  0.073214  -0.000000
-0.000001  0.072823  0.000001
-0.000003  -0.073131  0.000040
-0.000001  -0.074263  -0.000161
-0.000000  0.073215  -0.000001
-0.000002  0.073269  -0.000000
-0.000003  -0.073131  -0.000041
-0.000000  -0.074263  0.000161
-0.000005  0.073181  0.000002
-0.000002  0.073601  0.000000
-0.000001  -0.072730  0.000609
-0.000004  -0.072698  -0.000465
-0.000003  0.073205  0.000001
-0.000003  0.073155  0.000003
-0.000001  -0.072729  -0.000609
-0.000002  -0.072700  0.000467
-0.000000  0.073181  -0.000001
0.000001  0.073604  -0.000001
-0.000000  -0.072729  0.000605
-0.000003  -0.072699  -0.000466
-0.000005  0.073203  -0.000002
0.000000  0.073155  -0.000001
-0.000003  -0.072730  -0.000610
-0.000005  -0.072697  0.000464
-0.000003  0.073216  0.000002
-0.000002  0.072823  0.000002
-0.000001  -0.073133  0.000042
-0.000002  -0.074263  -0.000160
-0.000002  0.073214  0.000005
-0.000001  0.073269  0.000004
-0.000001  -0.073136  -0.000040
0.000001  -0.074262  0.000164
0.000000  0.073216  0.000000
0.000002  0.072823  -0.000002
0.000001  -0.073135  0.000037
-0.000000  -0.074265  -0.000164
-0.000001  0.073213  -0.000003
0.000000  0.073268  -0.000002
-0.000002  -0.073132  -0.000043
0.000001  -0.074265  0.000161
-0.000001  0.073180  -0.000000
-0.000003  0.073599  -0.000001
-0.000002  -0.072730  0.000608
-0.000003  -0.072701  -0.000463
-0.000003  0.073200  0.000004
-0.000002  0.073150  0.000001
-0.000002  -0.072730  -0.000607
-0.000001  -0.072702  0.000465
0.000000  0.073176  -0.000000
-0.000001  0.073598  0.000001
0.000001  -0.072730  0.000607
-0.000001  -0.072702  -0.000465
-0.000001  0.073203  -0.000002
-0.000001  0.073150  -0.000000
-0.000003  -0.072732  -0.000607
-0.000001  -0.072702  0.000464
-0.000004  0.073214  -0.000001
-0.000005  0.072819  -0.000001
-0.000003  -0.073130  0.000042
-0.000005  -0.074266  -0.000162
-0.000002  0.073212  -0.000001
-0.000002  0.073267  0.000002
-0.000003  -0.073131  -0.000041
-0.000003  -0.074264  0.000163
-0.000003  0.073213  -0.000000
-0.000001  0.072822  0.000000
-0.000000  -0.073132  0.000039
-0.000000  -0.074265  -0.000163
-0.000003  0.073214  0.000000
-0.000002  0.073267  -0.000002
-0.000003  -0.073132  -0.000042
-0.000002  -0.074264  0.000163
-0.000005  0.073180  0.000001
-0.000004  0.073604  -0.000001
-0.000006  -0.072728  0.000611
-0.000005  -0.072698  -0.000462
-0.000005  0.073206  0.000001
-0.000005  0.073155  0.000004
-0.000005  -0.072728  -0.000604
-0.000005  -0.072698  0.000468
-0.000002  0.073182  0.000000
-0.000002  0.073604  0.000000
-0.000002  -0.072728  0.000606
-0.000002  -0.072699  -0.000465
-0.000004  0.073205  -0.000004
-0.000002  0.073156  -0.000003
-0.000001  -0.072729  -0.000613
-0.000003  -0.072698  0.000462
-0.000001  0.073217  0.000000
-0.000004  0.072823  0.000001
-0.000004  -0.073135  0.000042
-0.000002  -0.074264  -0.000159
-0.000004  0.073216  0.000004
-0.000006  0.073268  0.000004
-0.000004  -0.073135  -0.000038
-0.000004  -0.074264  0.000162
-0.000001  0.073218  0.000001
-0.000005  0.072824  0.000002
-0.000003  -0.073134  0.000039
-0.000001  -0.074265  -0.000165
-0.000004  0.073214  -0.000004
-0.000004  0.073269  -0.000003
-0.000006  -0.073135  -0.000043
-0.000003  -0.074264  0.000160
-0.000003  0.073178  -0.000001
-0.000003  0.073599  -0.000001
-0.000003  -0.072731  0.000608
-0.000003  -0.072704  -0.000461
-0.000001  0.073199  0.000001
-0.000005  0.073149  0.000004
-0.000003  -0.072733  -0.000606
-0.000002  -0.072702  0.000465
-0.000002  0.073175  -0.000000
-0.000002  0.073601  -0.000000
-0.000003  -0.072732  0.000608
-0.000001  -0.072704  -0.000467
-0.000001  0.073200  -0.000003
-0.000003  0.073152  -0.000001
-0.000004  -0.072732  -0.000611
-0.000003  -0.072701  0.000463
-0.000004  0.073214  0.000002
-0.000004  0.072823  0.000000
-0.000004  -0.073133  0.000040
-0.000004  -0.074265  -0.000163
-0.000006  0.073214  0.000001
-0.000003  0.073267  0.000002
-0.000003  -0.073130  -0.000038
-0.000004  -0.074265  0.000163
-0.000002  0.073213  -0.000001
-0.000001  0.072823  0.000003
-0.000001  -0.073132  0.000037
-0.000003  -0.074265  -0.000164
-0.000002  0.073213  -0.000002
-0.000001  0.073268  -0.000002
-0.000001  -0.073132  -0.000040
-0.000003  -0.074266  0.000163
-0.000002  0.073180  -0.000001
-0.000000  0.073603  -0.000001
0.000000  -0.072730  0.000609
-0.000002  -0.072699  -0.000464
-0.000004  0.073203  0.000003
0.000001  0.073155  0.000004
0.000001  -0.072728  -0.000604
-0.000005  -0.072700  0.000469
-0.000002  0.073182  0.000002
0.000003  0.073604  0.000001
0.000001  -0.072729  0.000606
-0.000002  -0.072698  -0.000468
-0.000002  0.073205  -0.000003
0.000001  0.073158  -0.000004
0.000000  -0.072729  -0.000611
-0.000001  -0.072698  0.000463
-0.000004  0.073217  -0.000002
-0.000003  0.072822  -0.000000
-0.000002  -0.073134  0.000043
-0.000006  -0.074262  -0.000159
-0.000004  0.073218  0.000004
-0.000000  0.073268  0.000004
-0.000001  -0.073137  -0.000037
-0.000001  -0.074264  0.000166
-0.000001  0.073216  0.000002
0.000000  0.072822  0.000001
0.000000  -0.073135  0.000039
-0.000003  -0.074265  -0.000164
-0.000001  0.073214  -0.000005
0.000000  0.073270  -0.000003
-0.000001  -0.073135  -0.000045
-0.000002  -0.074265  0.000160
-0.000006  0.073179  0.000000
0.000001  0.073599  0.000001
-0.000003  -0.072731  0.000609
-0.000005  -0.072701  -0.000464
-0.000004  0.073201  0.000005
-0.000002  0.073152  0.000003
-0.000001  -0.072733  -0.000605
-0.000003  -0.072703  0.000467
-0.000003  0.073177  0.000000
0.000001  0.073599  0.000000
-0.000001  -0.072732  0.000607
-0.000002  -0.072704  -0.000465
-0.000003  0.073201  -0.000006
-0.000000  0.073153  -0.000003
-0.000000  -0.072732  -0.000610
-0.000002  -0.072701  0.000462
-0.000002  0.073216  -0.000001
-0.000001  0.072823  -0.000001
-0.000002  -0.073133  0.000040
-0.000004  -0.074264  -0.000162
-0.000001  0.073212  0.000003
-0.000002  0.073270  0.000002
-0.000000  -0.073132  -0.000037
-0.000002  -0.074264  0.000165
-0.000003  0.073214  0.000001
0.000001  0.072824  0.000002
0.000001  -0.073132  0.000039
-0.000002  -0.074264  -0.000163
-0.000002  0.073215  -0.000002
0.000001  0.073269  -0.000002
-0.000003  -0.073133  -0.000041
-0.000002  -0.074264  0.000160
-0.000000  0.073178  -0.000001
0.000001  0.073604  -0.000004
0.000001  -0.072730  0.000610
0.000001  -0.072700  -0.000464
0.000002  0.073207  0.000003
0.000002  0.073155  0.000005
0.000001  -0.072726  -0.000604
0.000002  -0.072701  0.000469
0.000003  0.073182  0.000001
0.000001  0.073604  0.000003
0.000000  -0.072729  0.000605
0.000000  -0.072699  -0.000469
0.000002  0.073205  -0.000003
-0.000001  0.073155  -0.000003
0.000000  -0.072730  -0.000612
0.000002  -0.072698  0.000462
0.000000  0.073214  -0.000002
0.000001  0.072821  -0.000001
0.000002  -0.073135  0.000043
-0.000000  -0.074264  -0.000161
0.000001  0.073216  0.000005
-0.000002  0.073271  0.000006
0.000001  -0.073136  -0.000036
-0.000001  -0.074265  0.000167
0.000002  0.073218  0.000002
-0.000001  0.072824  0.000000
0.000000  -0.073135  0.000038
0.000001  -0.074268  -0.000164
-0.000000  0.073215  -0.000003
-0.000001  0.073268  -0.000005
0.000001  -0.073134  -0.000044
-0.000001  -0.074265  0.000157
0.000001  0.073178  -0.000000
0.000001  0.073601  -0.000002
0.000002  -0.072730  0.000608
-0.000000  -0.072702  -0.000464
0.000001  0.073199  0.000004
0.000001  0.073152  0.000003
0.000002  -0.072733  -0.000605
0.000001  -0.072703  0.000469
-0.000000  0.073177  0.000000
0.000002  0.073600  0.000002
0.000002  -0.072730  0.000608
0.000001  -0.072704  -0.000467
-0.000000  0.073201  -0.000004
0.000001  0.073154  -0.000004
0.000001  -0.072732  -0.000612
0.000000  -0.072701  0.000461
-0.000001  0.073216  -0.000002
0.000001  0.072822  -0.000003
0.000002  -0.073131  0.000041
-0.000000  -0.074265  -0.000161
0.000002  0.073213  0.000002
0.000002  0.073269  0.000002
0.000002  -0.073131  -0.000038
0.000001  -0.074264  0.000166
0.000001  0.073215  0.000002
0.000002  0.072823  0.000002
0.000002  -0.073132  0.000040
0.000001  -0.074264  -0.000164
0.000002  0.073215  -0.000003
0.000002  0.073267  -0.000004
0.000002  -0.073133  -0.000042
0.000002  -0.074264  0.000158
0.000004  0.073180  -0.000002
0.000004  0.073602  -0.000000
0.000007  -0.072732  0.000608
0.000004  -0.072700  -0.000464
0.000002  0.073205  0.000005
0.000001  0.073154  0.000003
0.000004  -0.072731  -0.000604
0.000003  -0.072700  0.000468
0.000001  0.073183  0.000001
0.000001  0.073602  -0.000001
0.000002  -0.072730  0.000606
0.000002  -0.072700  -0.000469
0.000001  0.073204  -0.000003
0.000004  0.073155  -0.000001
0.000005  -0.072732  -0.000609
0.000004  -0.072700  0.000463
0.000003  0.073214  -0.000002
0.000006  0.072823  -0.000002
0.000006  -0.073133  0.000043
0.000002  -0.074264  -0.000160
0.000002  0.073215  0.000005
0.000005  0.073268  0.000003
0.000002  -0.073135  -0.000037
0.000001  -0.074267  0.000165
0.000001  0.073214  -0.000001
0.000004  0.072821  -0.000001
0.000003  -0.073134  0.000039
0.000000  -0.074266  -0.000162
0.000001  0.073216  -0.000003
0.000002  0.073269  -0.000004
0.000003  -0.073134  -0.000043
0.000002  -0.074266  0.000159
0.000004  0.073180  -0.000000
0.000005  0.073603  -0.000001
0.000005  -0.072731  0.000609
0.000003  -0.072700  -0.000463
0.000003  0.073200  0.000003
0.000003  0.073152  0.000001
0.000003  -0.072733  -0.000603
0.000002  -0.072703  0.000469
0.000002  0.073176  0.000001
0.000003  0.073600  0.000000
0.000004  -0.072730  0.000608
0.000001  -0.072702  -0.000467
0.000003  0.073199  -0.000004
0.000002  0.073152  -0.000004
0.000005  -0.072729  -0.000612
0.000001  -0.072702  0.000461
0.000003  0.073215  -0.000001
0.000005  0.072825  -0.000001
0.000005  -0.073133  0.000040
0.000005  -0.074263  -0.000164
0.000003  0.073214  0.000001
0.000005  0.073269  0.000003
0.000004  -0.073131  -0.000037
0.000003  -0.074264  0.000166
0.000003  0.073216  0.000002
0.000002  0.072821  0.000002
0.000002  -0.073131  0.000038
0.000002  -0.074265  -0.000163
0.000000  0.073215  -0.000003
0.000004  0.073269  -0.000003
0.000005  -0.073132  -0.000042
0.000003  -0.074265  0.000160
0.000005  0.073180  -0.000001
0.000000  0.073600  -0.000001
0.000001  -0.072730  0.000609
0.000004  -0.072698  -0.000465
0.000005  0.073203  0.000002
0.000002  0.073155  0.000002
0.000003  -0.072731  -0.000605
0.000004  -0.072699  0.000468
0.000002  0.073181  -0.000001
0.000001  0.073603  -0.000001
0.000001  -0.072726  0.000606
0.000002  -0.072700  -0.000467
0.000003  0.073202  -0.000001
-0.000000  0.073154  0.000000
0.000001  -0.072733  -0.000609
0.000002  -0.072700  0.000462
0.000003  0.073213  -0.000001
0.000002  0.072823  0.000001
0.000001  -0.073133  0.000042
0.000004  -0.074266  -0.000159
0.000005  0.073215  0.000004
0.000001  0.073267  0.000004
0.000002  -0.073135  -0.000038
0.000003  -0.074264  0.000165
0.000002  0.073217  0.000001
0.000002  0.072822  -0.000001
0.000001  -0.073135  0.000038
0.000002  -0.074266  -0.000165
0.000001  0.073213  -0.000003
-0.000000  0.073268  -0.000003
0.000001  -0.073132  -0.000041
0.000003  -0.074266  0.000160
0.000004  0.073178  -0.000000
0.000002  0.073602  0.000002
0.000003  -0.072731  0.000606
0.000004  -0.072701  -0.000463
0.000004  0.073202  0.000003
0.000002  0.073153  0.000000
0.000001  -0.072731  -0.000607
0.000002  -0.072703  0.000468
0.000003  0.073178  0.000001
-0.000002  0.073600  0.000001
-0.000002  -0.072729  0.000608
0.000002  -0.072701  -0.000467
0.000002  0.073200  -0.000005
-0.000000  0.073152  -0.000003
0.000002  -0.072730  -0.000608
0.000004  -0.072699  0.000462
0.000004  0.073214  -0.000001
0.000002  0.072823  0.000000
0.000004  -0.073132  0.000039
0.000003  -0.074262  -0.000164
0.000005  0.073214  0.000002
0.000002  0.073269  0.000002
-0.000001  -0.073131  -0.000039
0.000005  -0.074262  0.000164
0.000002  0.073214  0.000000
0.000001  0.072824  0.000001
0.000002  -0.073132  0.000041
0.000004  -0.074265  -0.000162
0.000002  0.073216  -0.000003
-0.000000  0.073268  -0.000003
0.000003  -0.073132  -0.000040
0.000002  -0.074264  0.000160
