-1.664598  -1.023315  1.073897
-0.685903  -1.668894  0.655171
-2.906658  0.607508  -1.642304
0.970004  1.215434  1.175034
-2.230777  0.746621  0.656408
-0.832933  1.627054  0.626551
0.291187  -0.875903  -0.199210
1.432350  1.071723  -1.165670
2.302336  -1.104097  -0.091851
0.108816  -1.525984  -0.886683
1.341638  -0.467913  -0.700888
1.214081  -2.229746  0.750634
-0.310619  0.920172  0.159018
-0.587795  0.644470  0.203140
-1.339409  -0.773857  -0.736449
-2.927783  -1.363826  2.339915
1.050366  2.189603  0.688268
0.223532  -1.289767  -0.995893
-1.731963  2.072261  -1.584143
-1.506331  -0.699607  -1.139282
1.201951  0.182119  -0.344316
1.135144  -0.932542  2.088784
0.368638  -0.576288  0.383167
0.940683  0.046510  -1.217832
-1.191467  -0.396386  -1.116894
1.859720  -1.183211  -0.117206
0.434012  1.307500  -0.082994
1.150860  0.039048  -1.658924
-2.892322  -0.269335  -0.858599
-0.764964  0.675986  1.753246
-0.040564  0.899807  0.808180
-0.824607  0.256247  1.425277
1.300442  -0.068138  1.041830
0.223658  -1.249113  -0.730881
-0.643807  1.984876  0.446711
-1.319919  -2.595704  -1.824349
1.407277  1.073836  1.432992
-1.795884  -0.594671  -0.413584
0.449664  -0.608235  0.284314
0.039613  -1.808194  -0.699343
-1.152488  1.374485  -0.848861
-1.651429  -0.843125  -0.224023
-0.544755  0.562010  1.122658
1.600881  -0.283828  1.065942
-1.628864  0.321491  0.198576
1.089444  1.026122  0.184254
1.966285  -1.038246  -0.478578
-1.741021  -1.507881  -0.345532
0.725752  0.709564  0.362167
0.254123  -0.736625  1.194435
-1.655869  -0.164673  -0.541359
1.860781  1.065127  1.267056
-0.005895  -0.501063  -0.089429
-1.857020  0.187440  -0.204486
0.188141  0.011899  -1.685278
0.796367  1.524930  0.783694
-0.543125  0.702359  -0.171159
-0.325349  0.709499  -0.766362
-0.439002  -0.580751  0.224852
-1.512556  -2.423155  -1.064687
1.738469  -0.305343  -1.279605
0.631770  -0.338582  0.552645
-0.170664  1.196953  -0.345304
-0.321228  -0.195668  -0.711269
0.012683  0.915969  1.227267
-0.776905  0.427023  -0.604720
0.916069  0.725404  -0.431943
-0.017862  -2.305693  0.084706
1.471769  0.190478  0.290805
-0.425822  0.240356  -1.598875
1.136048  -0.171510  -0.070558
1.802272  -1.448038  0.727970
-0.679842  0.567236  -1.320766
1.790098  -0.747677  1.414800
-1.467660  0.448845  1.775762
0.712569  0.163798  1.374005
1.703944  3.184846  1.904098
0.304149  0.291400  -0.793435
-2.229594  0.493139  0.306519
-1.490687  -0.659694  1.151481
-3.388590  1.490014  -0.866203
0.871697  0.338858  -0.487809
1.801106  0.488694  2.016125
-0.530780  -0.794033  -1.241861
0.039359  0.463941  -0.927555
1.078852  -1.308519  2.102006
-0.364214  0.314074  -1.449192
-0.363689  1.263337  0.246755
-1.953267  -1.823140  0.126642
-0.623072  3.226497  3.524683
0.614921  -0.446102  0.435212
0.344828  0.775374  0.505481
0.086719  0.288643  -1.279846
-3.109987  0.436612  -1.580813
-2.999526  -1.298399  -1.656437
2.054622  1.368408  2.012709
-0.660534  -1.616097  -0.713367
1.303590  -0.222664  0.179525
0.190312  0.067698  0.615298
-0.868472  -0.565624  -1.514436
-0.103479  1.456889  -0.287100
0.591377  0.116973  -1.065661
1.483558  -2.294455  2.903149
0.851086  0.576230  -2.079328
-3.669679  -0.863882  1.708966
1.115323  0.720689  1.425089
-1.085029  -0.729321  -0.350156
-1.497736  -1.305610  1.372926
1.647987  1.283891  0.486026
-0.119289  -0.538081  -0.774301
0.294670  0.514467  -2.295627
-0.110031  1.841539  -1.601773
3.669178  0.643261  1.755583
1.384698  0.628816  0.359421
-0.435221  -0.838501  -0.302880
-1.128154  1.512325  0.229955
-0.571656  -0.086783  -1.067626
0.465442  1.402086  0.961634
2.070513  -0.148041  -2.200444
1.055925  0.442058  0.302519
1.076242  -2.517183  -1.651501
-0.932640  0.778911  0.507741
-0.851838  -1.551331  0.233944
2.632313  0.231862  -1.610063
0.913247  -0.963071  -1.403825
1.665680  -0.261602  0.601396
2.003018  -0.666460  0.685188
0.748979  1.121884  -0.312871
