0.001153  -0.000000  0.000000
-0.002213  -0.000000  0.000000
0.000005  0.000087  0.000087
0.000026  -0.000094  -0.000100
0.000029  0.000000  -0.000322
-0.000031  0.000055  0.000000
-0.000010  0.000000  -0.000214
0.000026  -0.000094  0.000100
-0.000010  0.000000  0.000214
0.000005  0.000087  -0.000087
0.000029  0.000000  0.000322
0.000026  -0.000100  -0.000094
0.000029  -0.000322  0.000000
0.000200  -0.000066  -0.000066
0.000029  -0.000002  -0.000002
-0.000086  -0.000084  -0.000000
-0.000008  -0.000010  0.000118
0.000200  -0.000066  0.000066
-0.000008  -0.000010  -0.000118
0.000026  -0.000100  0.000094
0.000029  -0.000002  0.000002
-0.000031  0.000000  0.000055
-0.000010  -0.000214  0.000000
-0.000086  -0.000000  -0.000084
-0.000008  0.000118  -0.000010
-0.000033  0.000000  0.000000
-0.000048  -0.000154  -0.000154
-0.000086  -0.000000  0.000084
-0.000048  -0.000154  0.000154
-0.000031  0.000000  -0.000055
-0.000008  0.000118  0.000010
0.000026  0.000100  -0.000094
-0.000010  0.000214  0.000000
0.000200  0.000066  -0.000066
-0.000008  -0.000118  -0.000010
-0.000086  0.000084  0.000000
-0.000048  0.000154  -0.000154
0.000200  0.000066  0.000066
-0.000048  0.000154  0.000154
0.000026  0.000100  0.000094
-0.000008  -0.000118  0.000010
0.000005  -0.000087  0.000087
0.000029  0.000322  -0.000000
0.000026  0.000094  -0.000100
0.000029  0.000002  -0.000002
-0.000031  -0.000055  0.000000
-0.000008  0.000010  0.000118
0.000026  0.000094  0.000100
-0.000008  0.000010  -0.000118
0.000005  -0.000087  -0.000087
0.000029  0.000002  0.000002
0.000143  -0.000043  -0.000043
0.000225  0.000000  -0.000000
-0.000006  -0.000116  -0.000084
0.000211  0.000000  0.000116
0.000048  0.000081  0.000000
0.000018  0.000000  -0.000175
-0.000006  -0.000116  0.000084
0.000018  0.000000  0.000175
0.000143  -0.000043  0.000043
0.000211  0.000000  -0.000116
-0.000006  -0.000084  -0.000116
0.000211  0.000116  0.000000
-0.000200  -0.000065  -0.000065
-0.000008  -0.000048  -0.000048
0.000024  -0.000058  0.000000
0.000058  0.000011  0.000118
-0.000200  -0.000065  0.000065
0.000058  0.000011  -0.000118
-0.000006  -0.000084  0.000116
-0.000008  -0.000048  0.000048
0.000048  -0.000000  0.000081
0.000018  -0.000175  0.000000
0.000024  0.000000  -0.000058
0.000058  0.000118  0.000011
-0.000095  0.000000  -0.000000
-0.000212  0.000033  0.000033
0.000024  -0.000000  0.000058
-0.000212  0.000033  -0.000033
0.000048  -0.000000  -0.000081
0.000058  0.000118  -0.000011
-0.000006  0.000084  -0.000116
0.000018  0.000175  0.000000
-0.000200  0.000065  -0.000065
0.000058  -0.000118  0.000011
0.000024  0.000058  -0.000000
-0.000212  -0.000033  0.000033
-0.000200  0.000065  0.000065
-0.000212  -0.000033  -0.000033
-0.000006  0.000084  0.000116
0.000058  -0.000118  -0.000011
0.000143  0.000043  -0.000043
0.000211  -0.000116  -0.000000
-0.000006  0.000116  -0.000084
-0.000008  0.000048  -0.000048
0.000048  -0.000081  -0.000000
0.000058  -0.000011  0.000118
-0.000006  0.000116  0.000084
0.000058  -0.000011  -0.000118
0.000143  0.000043  0.000043
-0.000008  0.000048  0.000048
0.000018  -0.000090  -0.000090
-0.000118  0.000000  -0.000000
0.000104  0.000029  -0.000157
0.000237  -0.000000  -0.000166
-0.000017  0.000028  0.000000
0.000036  0.000000  -0.000109
0.000104  0.000029  0.000157
0.000036  0.000000  0.000109
0.000018  -0.000090  0.000090
0.000237  -0.000000  0.000166
0.000104  -0.000157  0.000029
0.000237  -0.000166  -0.000000
-0.000083  -0.000037  -0.000037
-0.000120  0.000094  0.000094
0.000007  -0.000020  -0.000000
0.000049  0.000079  0.000069
-0.000083  -0.000037  0.000037
0.000049  0.000079  -0.000069
0.000104  -0.000157  -0.000029
-0.000120  0.000094  -0.000094
-0.000017  -0.000000  0.000028
0.000036  -0.000109  0.000000
0.000007  -0.000000  -0.000020
0.000049  0.000069  0.000079
-0.000359  0.000000  0.000000
-0.000095  0.000105  0.000105
0.000007  -0.000000  0.000020
-0.000095  0.000105  -0.000105
-0.000017  0.000000  -0.000028
0.000049  0.000069  -0.000079
0.000104  0.000157  0.000029
0.000036  0.000109  0.000000
-0.000083  0.000037  -0.000037
0.000049  -0.000069  0.000079
0.000007  0.000020  -0.000000
-0.000095  -0.000105  0.000105
-0.000083  0.000037  0.000037
-0.000095  -0.000105  -0.000105
0.000104  0.000157  -0.000029
0.000049  -0.000069  -0.000079
0.000018  0.000090  -0.000090
0.000237  0.000166  0.000000
0.000104  -0.000029  -0.000157
-0.000120  -0.000094  0.000094
-0.000017  -0.000028  0.000000
0.000049  -0.000079  0.000069
0.000104  -0.000029  0.000157
0.000049  -0.000079  -0.000069
0.000018  0.000090  0.000090
-0.000120  -0.000094  -0.000094
-0.000028  -0.000079  -0.000079
0.000060  -0.000000  -0.000000
0.000048  0.000107  -0.000154
-0.000210  -0.000000  -0.000189
0.000049  -0.000066  -0.000000
0.000085  0.000000  -0.000118
0.000048  0.000107  0.000154
0.000085  0.000000  0.000118
-0.000028  -0.000079  0.000079
-0.000210  -0.000000  0.000189
0.000048  -0.000154  0.000107
-0.000210  -0.000189  -0.000000
0.000002  0.000086  0.000086
0.000126  0.000118  0.000118
0.000035  -0.000041  0.000000
-0.000012  0.000063  0.000050
0.000002  0.000086  -0.000086
-0.000012  0.000063  -0.000050
0.000048  -0.000154  -0.000107
0.000126  0.000118  -0.000118
0.000049  -0.000000  -0.000066
0.000085  -0.000118  0.000000
0.000035  0.000000  -0.000041
-0.000012  0.000050  0.000063
-0.000087  0.000000  -0.000000
0.000051  0.000093  0.000093
0.000035  0.000000  0.000041
0.000051  0.000093  -0.000093
0.000049  0.000000  0.000066
-0.000012  0.000050  -0.000063
0.000048  0.000154  0.000107
0.000085  0.000118  -0.000000
0.000002  -0.000086  0.000086
-0.000012  -0.000050  0.000063
0.000035  0.000041  -0.000000
0.000051  -0.000093  0.000093
0.000002  -0.000086  -0.000086
0.000051  -0.000093  -0.000093
0.000048  0.000154  -0.000107
-0.000012  -0.000050  -0.000063
-0.000028  0.000079  -0.000079
-0.000210  0.000189  -0.000000
0.000048  -0.000107  -0.000154
0.000126  -0.000118  0.000118
0.000049  0.000066  0.000000
-0.000012  -0.000063  0.000050
0.000048  -0.000107  0.000154
-0.000012  -0.000063  -0.000050
-0.000028  0.000079  0.000079
0.000126  -0.000118  -0.000118
-0.000119  -0.000033  -0.000033
-0.001050  0.000000  -0.000000
-0.000031  0.000018  -0.000153
-0.000201  0.000000  0.000047
0.000088  0.000011  0.000000
0.000033  0.000000  -0.000216
-0.000031  0.000018  0.000153
0.000033  0.000000  0.000216
-0.000119  -0.000033  0.000033
-0.000201  0.000000  -0.000047
-0.000031  -0.000153  0.000018
-0.000201  0.000047  -0.000000
0.000059  -0.000034  -0.000034
0.000057  0.000017  0.000017
-0.000041  -0.000024  0.000000
-0.000047  -0.000002  0.000119
0.000059  -0.000034  0.000034
-0.000047  -0.000002  -0.000119
-0.000031  -0.000153  -0.000018
0.000057  0.000017  -0.000017
0.000088  -0.000000  0.000011
0.000033  -0.000216  0.000000
-0.000041  -0.000000  -0.000024
-0.000047  0.000119  -0.000002
0.000243  -0.000000  -0.000000
0.000126  0.000028  0.000028
-0.000041  0.000000  0.000024
0.000126  0.000028  -0.000028
0.000088  0.000000  -0.000011
-0.000047  0.000119  0.000002
-0.000031  0.000153  0.000018
0.000033  0.000216  -0.000000
0.000059  0.000034  -0.000034
-0.000047  -0.000119  -0.000002
-0.000041  0.000024  0.000000
0.000126  -0.000028  0.000028
0.000059  0.000034  0.000034
0.000126  -0.000028  -0.000028
-0.000031  0.000153  -0.000018
-0.000047  -0.000119  0.000002
-0.000119  0.000033  -0.000033
-0.000201  -0.000047  -0.000000
-0.000031  -0.000018  -0.000153
0.000057  -0.000017  0.000017
0.000088  -0.000011  -0.000000
-0.000047  0.000002  0.000119
-0.000031  -0.000018  0.000153
-0.000047  0.000002  -0.000119
-0.000119  0.000033  0.000033
0.000057  -0.000017  -0.000017
