-0.000001  0.076265  -0.000003
0.000742  0.076272  -0.000003
0.000018  -0.076649  -0.000000
-0.000002  -0.075432  -0.000002
-0.000002  0.076265  0.000000
0.000742  0.076274  -0.000000
0.000020  -0.076647  0.000002
-0.000000  -0.075432  0.000001
-0.000001  0.076265  0.000003
0.000740  0.076273  0.000001
0.000016  -0.076648  0.000003
-0.000002  -0.075431  0.000001
-0.000000  0.076265  0.000000
0.000740  0.076273  -0.000001
0.000018  -0.076647  -0.000001
-0.000001  -0.075435  -0.000001
-0.000001  0.076267  -0.000002
0.000740  0.076275  -0.000002
0.000018  -0.076647  -0.000001
0.000001  -0.075433  -0.000002
-0.000001  0.076265  -0.000001
0.000740  0.076273  0.000000
0.000018  -0.076647  0.000002
-0.000001  -0.075431  0.000001
-0.000001  0.076267  0.000003
0.000742  0.076274  0.000002
0.000016  -0.076647  -0.000000
-0.000003  -0.075432  0.000003
-0.000001  0.076264  0.000000
0.000740  0.076274  0.000001
0.000018  -0.076649  -0.000001
-0.000001  -0.075432  -0.000001
-0.000002  0.076262  -0.000002
0.000741  0.076272  -0.000003
0.000019  -0.076650  -0.000001
0.000000  -0.075434  -0.000002
-0.000001  0.076264  0.000000
0.000741  0.076271  0.000002
0.000018  -0.076649  0.000001
-0.000001  -0.075434  0.000003
-0.000001  0.076263  0.000003
0.000740  0.076273  0.000002
0.000017  -0.076650  -0.000000
-0.000000  -0.075434  0.000001
-0.000001  0.076262  0.000000
0.000741  0.076271  0.000001
0.000018  -0.076651  -0.000001
0.000000  -0.075431  -0.000002
0.000002  0.076264  -0.000004
0.000742  0.076273  -0.000002
0.000016  -0.076647  -0.000003
-0.000000  -0.075431  -0.000000
-0.000002  0.076261  -0.000000
0.000742  0.076274  -0.000000
0.000018  -0.076648  0.000001
-0.000001  -0.075435  0.000003
-0.000002  0.076262  0.000001
0.000743  0.076272  0.000002
0.000018  -0.076649  0.000002
0.000000  -0.075433  0.000002
-0.000002  0.076261  0.000001
0.000742  0.076272  0.000001
0.000019  -0.076647  -0.000001
-0.000001  -0.075432  -0.000002
0.000217  0.076262  -0.000003
-0.000221  0.076264  -0.000004
-0.000096  -0.075820  -0.000001
0.000095  -0.076744  -0.000001
0.000217  0.076260  0.000000
-0.000220  0.076266  -0.000001
-0.000096  -0.075819  0.000002
0.000095  -0.076744  0.000000
0.000216  0.076259  0.000003
-0.000219  0.076266  0.000001
-0.000097  -0.075819  0.000003
0.000096  -0.076745  0.000002
0.000216  0.076261  0.000000
-0.000220  0.076263  0.000001
-0.000097  -0.075820  -0.000001
0.000096  -0.076746  0.000001
0.000216  0.076260  -0.000003
-0.000221  0.076265  -0.000002
-0.000099  -0.075819  -0.000001
0.000094  -0.076744  -0.000000
0.000215  0.076260  -0.000001
-0.000220  0.076265  -0.000002
-0.000099  -0.075817  0.000001
0.000094  -0.076745  0.000001
0.000216  0.076262  0.000001
-0.000222  0.076263  0.000001
-0.000098  -0.075819  0.000001
0.000096  -0.076745  0.000002
0.000216  0.076262  -0.000000
-0.000222  0.076265  0.000001
-0.000099  -0.075819  -0.000001
0.000096  -0.076745  -0.000002
0.000216  0.076258  -0.000001
-0.000220  0.076263  -0.000001
-0.000095  -0.075817  -0.000000
0.000095  -0.076748  -0.000002
0.000216  0.076259  -0.000000
-0.000219  0.076263  0.000000
-0.000097  -0.075820  0.000002
0.000095  -0.076747  0.000000
0.000214  0.076258  0.000001
-0.000219  0.076263  0.000002
-0.000098  -0.075822  0.000001
0.000094  -0.076746  0.000001
0.000216  0.076260  0.000001
-0.000221  0.076264  0.000000
-0.000099  -0.075818  -0.000000
0.000094  -0.076746  -0.000002
0.000216  0.076259  -0.000002
-0.000219  0.076266  -0.000002
-0.000096  -0.075820  -0.000002
0.000096  -0.076747  -0.000002
0.000217  0.076260  -0.000001
-0.000219  0.076265  0.000002
-0.000094  -0.075820  0.000001
0.000096  -0.076746  0.000002
0.000216  0.076261  0.000001
-0.000220  0.076267  0.000000
-0.000098  -0.075818  0.000000
0.000095  -0.076747  0.000001
0.000215  0.076261  -0.000000
-0.000221  0.076263  -0.000000
-0.000096  -0.075820  -0.000001
0.000096  -0.076745  -0.000002
0.000219  0.076267  -0.000001
-0.000217  0.076261  -0.000002
-0.000095  -0.076746  -0.000002
0.000098  -0.075820  -0.000002
0.000219  0.076267  0.000000
-0.000217  0.076259  -0.000000
-0.000096  -0.076747  0.000001
0.000098  -0.075821  0.000001
0.000220  0.076264  0.000001
-0.000217  0.076259  0.000000
-0.000096  -0.076746  0.000002
0.000096  -0.075819  0.000003
0.000220  0.076267  0.000000
-0.000216  0.076261  0.000001
-0.000098  -0.076747  -0.000002
0.000098  -0.075819  0.000001
0.000220  0.076264  0.000000
-0.000215  0.076262  -0.000001
-0.000097  -0.076746  -0.000001
0.000097  -0.075821  -0.000000
0.000218  0.076264  -0.000002
-0.000217  0.076260  0.000000
-0.000096  -0.076747  0.000000
0.000099  -0.075819  0.000001
0.000219  0.076266  0.000000
-0.000217  0.076260  0.000000
-0.000097  -0.076747  0.000002
0.000098  -0.075819  0.000001
0.000220  0.076267  0.000001
-0.000216  0.076260  -0.000001
-0.000096  -0.076746  -0.000002
0.000096  -0.075819  -0.000002
0.000216  0.076265  -0.000002
-0.000218  0.076259  -0.000002
-0.000098  -0.076746  -0.000002
0.000097  -0.075819  -0.000002
0.000217  0.076263  -0.000000
-0.000218  0.076262  -0.000000
-0.000098  -0.076746  0.000001
0.000098  -0.075819  0.000002
0.000220  0.076266  0.000002
-0.000218  0.076259  -0.000000
-0.000096  -0.076747  0.000001
0.000097  -0.075819  -0.000000
0.000219  0.076263  -0.000001
-0.000216  0.076260  -0.000000
-0.000098  -0.076746  -0.000002
0.000096  -0.075820  -0.000001
0.000219  0.076266  -0.000001
-0.000217  0.076260  -0.000002
-0.000096  -0.076745  -0.000002
0.000096  -0.075820  -0.000001
0.000220  0.076263  -0.000001
-0.000218  0.076259  0.000001
-0.000096  -0.076744  0.000001
0.000095  -0.075819  0.000001
0.000219  0.076264  0.000000
-0.000216  0.076262  0.000001
-0.000095  -0.076743  0.000003
0.000095  -0.075820  0.000001
0.000218  0.076264  0.000001
-0.000216  0.076261  0.000000
-0.000096  -0.076744  0.000000
0.000095  -0.075820  0.000000
-0.000742  0.076275  -0.000002
0.000001  0.076265  -0.000001
0.000001  -0.075434  -0.000003
-0.000018  -0.076647  -0.000000
-0.000741  0.076275  0.000001
-0.000000  0.076263  -0.000001
0.000002  -0.075433  0.000001
-0.000019  -0.076649  -0.000001
-0.000741  0.076274  0.000000
0.000000  0.076263  0.000001
0.000001  -0.075432  0.000000
-0.000018  -0.076648  0.000001
-0.000741  0.076274  -0.000000
-0.000002  0.076265  0.000001
0.000002  -0.075435  -0.000000
-0.000019  -0.076648  -0.000001
-0.000741  0.076271  0.000000
-0.000000  0.076265  -0.000002
0.000001  -0.075433  -0.000000
-0.000019  -0.076650  -0.000000
-0.000742  0.076272  -0.000001
0.000002  0.076264  0.000001
0.000002  -0.075432  0.000002
-0.000019  -0.076648  0.000000
-0.000741  0.076276  0.000001
-0.000000  0.076262  0.000002
0.000001  -0.075433  0.000002
-0.000017  -0.076649  0.000001
-0.000741  0.076272  -0.000001
0.000001  0.076263  0.000001
0.000001  -0.075432  -0.000001
-0.000019  -0.076648  -0.000001
-0.000742  0.076271  -0.000001
-0.000001  0.076265  -0.000000
0.000000  -0.075431  -0.000000
-0.000019  -0.076648  0.000001
-0.000740  0.076271  -0.000001
0.000001  0.076263  0.000000
0.000002  -0.075433  0.000002
-0.000018  -0.076649  0.000003
-0.000742  0.076273  0.000000
0.000001  0.076265  0.000001
0.000000  -0.075434  -0.000001
-0.000017  -0.076648  0.000002
-0.000743  0.076273  -0.000000
-0.000002  0.076264  -0.000002
0.000001  -0.075431  -0.000001
-0.000020  -0.076649  -0.000003
-0.000741  0.076273  -0.000001
0.000000  0.076264  -0.000002
-0.000000  -0.075432  -0.000000
-0.000017  -0.076648  0.000001
-0.000742  0.076273  -0.000000
0.000001  0.076265  0.000001
0.000001  -0.075432  0.000001
-0.000018  -0.076649  0.000002
-0.000741  0.076274  0.000002
-0.000001  0.076264  0.000001
0.000000  -0.075432  0.000002
-0.000016  -0.076651  0.000000
-0.000742  0.076273  0.000000
0.000001  0.076266  -0.000001
0.000002  -0.075433  -0.000000
-0.000017  -0.076648  -0.000001
0.000741  0.076275  -0.000003
0.000216  0.076260  -0.000002
0.000094  -0.076747  -0.000000
0.000018  -0.076648  -0.000001
0.000740  0.076274  -0.000000
0.000218  0.076261  0.000001
0.000095  -0.076746  0.000002
0.000019  -0.076648  0.000002
0.000741  0.076275  0.000002
0.000218  0.076262  0.000002
0.000096  -0.076747  0.000002
0.000021  -0.076648  0.000001
0.000741  0.076274  0.000000
0.000220  0.076262  -0.000001
0.000096  -0.076745  -0.000002
0.000017  -0.076649  -0.000001
0.000742  0.076272  -0.000001
0.000218  0.076260  -0.000002
0.000096  -0.076746  -0.000001
0.000020  -0.076649  -0.000001
0.000743  0.076273  0.000001
0.000216  0.076262  -0.000001
0.000097  -0.076745  0.000002
0.000018  -0.076649  0.000000
0.000745  0.076274  0.000001
0.000220  0.076260  0.000000
0.000097  -0.076746  0.000001
0.000020  -0.076650  0.000002
0.000743  0.076274  -0.000001
0.000217  0.076260  -0.000001
0.000099  -0.076748  -0.000000
0.000021  -0.076650  -0.000001
0.000742  0.076272  -0.000000
0.000217  0.076259  -0.000001
0.000096  -0.076747  -0.000000
0.000020  -0.076650  -0.000001
0.000742  0.076272  0.000002
0.000217  0.076259  0.000003
0.000096  -0.076747  0.000003
0.000021  -0.076651  0.000001
0.000744  0.076274  0.000001
0.000220  0.076256  -0.000000
0.000096  -0.076745  -0.000001
0.000018  -0.076648  0.000001
0.000744  0.076272  -0.000001
0.000218  0.076258  -0.000001
0.000096  -0.076745  -0.000002
0.000018  -0.076648  -0.000001
0.000742  0.076272  -0.000002
0.000216  0.076262  -0.000001
0.000094  -0.076744  0.000001
0.000015  -0.076648  -0.000000
0.000742  0.076274  0.000001
0.000216  0.076260  0.000002
0.000096  -0.076745  0.000001
0.000018  -0.076647  0.000001
0.000742  0.076272  0.000000
0.000216  0.076260  0.000002
0.000097  -0.076747  0.000001
0.000018  -0.076648  0.000001
0.000743  0.076274  0.000000
0.000217  0.076261  -0.000001
0.000094  -0.076745  -0.000002
0.000017  -0.076649  -0.000001
-0.000221  0.076267  -0.000002
0.000220  0.076264  -0.000001
0.000099  -0.075819  -0.000002
-0.000097  -0.075817  -0.000001
-0.000218  0.076265  0.000001
0.000218  0.076266  0.000001
0.000097  -0.075818  0.000000
-0.000096  -0.075817  0.000003
-0.000218  0.076266  0.000003
0.000218  0.076264  0.000000
0.000096  -0.075819  0.000004
-0.000097  -0.075817  0.000000
-0.000217  0.076266  0.000000
0.000219  0.076266  -0.000000
0.000097  -0.075818  -0.000002
-0.000097  -0.075818  -0.000002
-0.000218  0.076268  -0.000003
0.000220  0.076264  -0.000002
0.000097  -0.075820  -0.000001
-0.000095  -0.075818  -0.000001
-0.000219  0.076264  -0.000000
0.000220  0.076264  -0.000001
0.000098  -0.075818  0.000003
-0.000095  -0.075819  0.000002
-0.000220  0.076267  0.000000
0.000220  0.076264  0.000001
0.000097  -0.075819  0.000003
-0.000095  -0.075820  0.000001
-0.000218  0.076265  -0.000000
0.000219  0.076263  -0.000000
0.000097  -0.075821  -0.000003
-0.000097  -0.075819  -0.000001
-0.000218  0.076263  -0.000003
0.000222  0.076263  -0.000002
0.000096  -0.075821  -0.000000
-0.000094  -0.075820  0.000000
-0.000219  0.076263  0.000000
0.000221  0.076264  0.000002
0.000098  -0.075820  0.000002
-0.000096  -0.075822  0.000002
-0.000219  0.076265  0.000001
0.000219  0.076261  0.000000
0.000097  -0.075820  0.000001
-0.000094  -0.075820  -0.000001
-0.000217  0.076265  0.000000
0.000220  0.076262  -0.000001
0.000097  -0.075821  -0.000001
-0.000095  -0.075820  -0.000001
-0.000219  0.076263  -0.000002
0.000221  0.076265  -0.000001
0.000098  -0.075818  0.000000
-0.000098  -0.075819  -0.000001
-0.000220  0.076264  0.000001
0.000217  0.076264  0.000002
0.000095  -0.075819  0.000001
-0.000096  -0.075819  0.000002
-0.000220  0.076265  0.000001
0.000219  0.076265  0.000000
0.000096  -0.075819  0.000000
-0.000095  -0.075819  0.000003
-0.000219  0.076265  -0.000002
0.000220  0.076265  -0.000001
0.000098  -0.075817  -0.000001
-0.000096  -0.075820  -0.000001
-0.000216  0.076261  -0.000002
-0.000741  0.076273  -0.000001
-0.000019  -0.076648  -0.000001
-0.000095  -0.076744  -0.000002
-0.000216  0.076260  -0.000002
-0.000741  0.076273  -0.000001
-0.000019  -0.076647  0.000001
-0.000097  -0.076745  0.000002
-0.000216  0.076260  0.000002
-0.000742  0.076274  0.000002
-0.000019  -0.076647  0.000002
-0.000096  -0.076745  0.000002
-0.000218  0.076260  -0.000001
-0.000742  0.076275  0.000000
-0.000020  -0.076646  -0.000002
-0.000095  -0.076745  -0.000002
-0.000218  0.076263  -0.000001
-0.000743  0.076275  -0.000003
-0.000017  -0.076649  -0.000003
-0.000096  -0.076747  -0.000001
-0.000216  0.076262  0.000001
-0.000743  0.076275  -0.000001
-0.000018  -0.076649  0.000002
-0.000095  -0.076745  0.000002
-0.000216  0.076263  0.000002
-0.000742  0.076272  0.000003
-0.000019  -0.076648  0.000001
-0.000096  -0.076746  0.000000
-0.000216  0.076261  -0.000001
-0.000742  0.076273  0.000001
-0.000018  -0.076649  -0.000001
-0.000095  -0.076745  -0.000002
-0.000214  0.076260  -0.000003
-0.000741  0.076270  -0.000003
-0.000017  -0.076651  -0.000000
-0.000096  -0.076747  -0.000002
-0.000217  0.076258  0.000000
-0.000741  0.076272  0.000000
-0.000019  -0.076651  0.000003
-0.000095  -0.076747  0.000002
-0.000216  0.076260  0.000002
-0.000743  0.076272  0.000002
-0.000018  -0.076651  0.000001
-0.000094  -0.076745  0.000000
-0.000216  0.076259  0.000001
-0.000742  0.076274  -0.000001
-0.000017  -0.076651  -0.000004
-0.000095  -0.076746  -0.000002
-0.000215  0.076259  -0.000002
-0.000742  0.076274  -0.000002
-0.000017  -0.076648  -0.000002
-0.000095  -0.076745  -0.000001
-0.000216  0.076259  0.000001
-0.000743  0.076274  -0.000001
-0.000019  -0.076649  0.000001
-0.000096  -0.076747  0.000001
-0.000215  0.076258  0.000001
-0.000742  0.076274  0.000002
-0.000019  -0.076649  0.000001
-0.000096  -0.076744  0.000002
-0.000215  0.076260  -0.000001
-0.000741  0.076273  -0.000000
-0.000017  -0.076648  -0.000001
-0.000094  -0.076745  -0.000002
