-0.000002  0.079161  -0.000003
-0.000002  0.078731  -0.000003
-0.000000  -0.079727  0.000086
-0.000002  -0.078720  0.000154
0.000001  0.079148  0.000001
-0.000000  0.079156  0.000002
0.000002  -0.079729  -0.000086
0.000002  -0.078720  -0.000155
0.000001  0.079163  0.000002
0.000001  0.078728  0.000002
0.000001  -0.079727  0.000087
0.000001  -0.078720  0.000157
-0.000001  0.079146  0.000002
0.000001  0.079155  0.000001
-0.000001  -0.079727  -0.000087
0.000000  -0.078722  -0.000157
0.000000  0.079202  -0.000002
-0.000001  0.079606  0.000000
-0.000001  -0.079540  -0.000093
0.000001  -0.078687  0.000001
0.000001  0.079171  0.000000
-0.000001  0.079177  0.000001
-0.000002  -0.079541  0.000091
0.000001  -0.078686  0.000000
-0.000000  0.079203  0.000003
0.000002  0.079607  0.000000
0.000002  -0.079540  -0.000090
0.000002  -0.078685  0.000003
0.000000  0.079170  0.000001
0.000001  0.079178  0.000000
-0.000001  -0.079540  0.000090
-0.000000  -0.078687  -0.000002
0.000002  0.079162  -0.000002
-0.000001  0.078729  -0.000003
0.000000  -0.079726  0.000086
0.000001  -0.078723  0.000155
0.000002  0.079144  -0.000002
0.000002  0.079154  -0.000001
0.000002  -0.079727  -0.000085
0.000003  -0.078723  -0.000155
0.000001  0.079162  0.000000
0.000001  0.078729  0.000002
0.000001  -0.079726  0.000086
0.000001  -0.078722  0.000158
0.000000  0.079146  0.000001
-0.000001  0.079155  -0.000001
-0.000001  -0.079727  -0.000087
0.000000  -0.078720  -0.000156
0.000002  0.079202  -0.000002
-0.000001  0.079606  -0.000003
-0.000001  -0.079539  -0.000093
0.000000  -0.078687  -0.000001
0.000004  0.079169  -0.000001
0.000001  0.079176  0.000000
0.000000  -0.079537  0.000094
0.000000  -0.078687  -0.000001
0.000004  0.079202  0.000001
0.000003  0.079606  0.000003
0.000000  -0.079540  -0.000089
0.000001  -0.078687  0.000006
0.000001  0.079170  0.000001
0.000000  0.079179  0.000000
-0.000001  -0.079539  0.000089
0.000001  -0.078687  -0.000004
-0.000003  0.079162  -0.000004
-0.000002  0.078729  -0.000003
-0.000002  -0.079724  0.000087
-0.000002  -0.078720  0.000155
-0.000001  0.079149  -0.000001
-0.000001  0.079157  0.000001
-0.000002  -0.079727  -0.000086
-0.000000  -0.078719  -0.000153
-0.000001  0.079163  0.000002
-0.000000  0.078729  0.000002
-0.000004  -0.079726  0.000088
0.000000  -0.078721  0.000156
-0.000000  0.079144  -0.000002
-0.000001  0.079157  -0.000001
-0.000003  -0.079725  -0.000089
-0.000001  -0.078722  -0.000157
-0.000002  0.079202  -0.000002
-0.000003  0.079606  -0.000001
-0.000003  -0.079541  -0.000090
-0.000002  -0.078687  -0.000001
-0.000002  0.079171  -0.000000
-0.000002  0.079177  0.000001
0.000001  -0.079538  0.000090
-0.000000  -0.078687  0.000001
0.000001  0.079204  0.000002
-0.000000  0.079605  0.000002
0.000000  -0.079541  -0.000090
0.000001  -0.078688  0.000003
0.000001  0.079170  -0.000001
-0.000002  0.079178  -0.000002
-0.000001  -0.079537  0.000090
0.000000  -0.078689  -0.000003
0.000001  0.079163  -0.000000
-0.000002  0.078726  -0.000001
-0.000002  -0.079727  0.000086
0.000001  -0.078721  0.000155
-0.000000  0.079147  0.000000
-0.000002  0.079153  0.000002
-0.000002  -0.079727  -0.000085
-0.000001  -0.078721  -0.000155
0.000000  0.079162  0.000002
0.000002  0.078728  0.000002
0.000000  -0.079728  0.000087
0.000001  -0.078721  0.000158
0.000001  0.079145  -0.000002
-0.000000  0.079154  -0.000001
-0.000001  -0.079727  -0.000089
0.000001  -0.078721  -0.000156
-0.000002  0.079202  -0.000002
-0.000000  0.079607  -0.000003
-0.000002  -0.079538  -0.000093
-0.000000  -0.078689  0.000001
-0.000000  0.079171  0.000001
-0.000001  0.079176  0.000001
-0.000000  -0.079539  0.000093
0.000001  -0.078689  0.000000
-0.000000  0.079202  0.000002
-0.000003  0.079606  0.000003
-0.000001  -0.079538  -0.000089
-0.000000  -0.078687  0.000001
-0.000000  0.079170  -0.000002
-0.000003  0.079177  -0.000000
-0.000002  -0.079540  0.000088
0.000000  -0.078686  -0.000004
-0.000003  0.079162  -0.000003
-0.000002  0.078729  -0.000001
-0.000002  -0.079726  0.000085
-0.000003  -0.078724  0.000155
-0.000002  0.079146  -0.000000
-0.000004  0.079155  0.000002
-0.000004  -0.079727  -0.000084
-0.000002  -0.078719  -0.000153
-0.000000  0.079161  0.000003
-0.000002  0.078729  0.000002
-0.000001  -0.079727  0.000086
-0.000001  -0.078721  0.000158
-0.000003  0.079148  -0.000001
-0.000003  0.079156  -0.000000
-0.000003  -0.079725  -0.000090
-0.000002  -0.078722  -0.000159
-0.000003  0.079203  -0.000003
-0.000003  0.079607  -0.000001
-0.000002  -0.079538  -0.000090
-0.000004  -0.078687  0.000001
-0.000004  0.079170  0.000000
-0.000001  0.079180  0.000002
-0.000002  -0.079540  0.000092
-0.000001  -0.078686  0.000003
-0.000002  0.079205  0.000001
-0.000003  0.079606  0.000002
-0.000003  -0.079541  -0.000091
-0.000003  -0.078683  0.000001
-0.000003  0.079170  -0.000002
-0.000001  0.079179  -0.000002
-0.000000  -0.079539  0.000088
-0.000003  -0.078688  -0.000004
-0.000003  0.079164  -0.000002
-0.000002  0.078728  -0.000000
-0.000002  -0.079730  0.000086
-0.000001  -0.078721  0.000155
-0.000002  0.079147  0.000002
-0.000002  0.079154  -0.000000
-0.000002  -0.079726  -0.000083
-0.000000  -0.078722  -0.000152
-0.000001  0.079164  0.000002
-0.000002  0.078728  0.000001
-0.000001  -0.079727  0.000087
0.000002  -0.078720  0.000156
-0.000003  0.079145  -0.000002
0.000001  0.079155  -0.000004
-0.000002  -0.079727  -0.000089
-0.000002  -0.078722  -0.000157
-0.000003  0.079202  -0.000002
-0.000002  0.079606  -0.000002
-0.000003  -0.079539  -0.000091
-0.000002  -0.078687  -0.000000
-0.000002  0.079169  0.000002
-0.000002  0.079177  0.000000
-0.000002  -0.079539  0.000093
-0.000001  -0.078687  0.000001
0.000000  0.079202  0.000002
-0.000001  0.079605  0.000004
0.000001  -0.079541  -0.000090
0.000002  -0.078688  0.000002
-0.000000  0.079170  -0.000001
0.000000  0.079176  -0.000002
-0.000001  -0.079539  0.000088
-0.000001  -0.078688  -0.000003
-0.000001  0.079164  -0.000003
0.000001  0.078729  -0.000002
0.000000  -0.079728  0.000085
0.000000  -0.078722  0.000154
-0.000000  0.079147  0.000001
0.000000  0.079154  0.000001
0.000001  -0.079729  -0.000082
-0.000001  -0.078721  -0.000152
-0.000001  0.079163  0.000001
0.000001  0.078727  0.000001
0.000001  -0.079727  0.000087
-0.000001  -0.078721  0.000155
0.000000  0.079146  -0.000002
-0.000001  0.079155  -0.000001
0.000001  -0.079727  -0.000088
-0.000000  -0.078722  -0.000159
-0.000002  0.079202  -0.000001
-0.000002  0.079607  -0.000002
-0.000002  -0.079539  -0.000091
-0.000003  -0.078686  0.000002
-0.000004  0.079170  0.000002
-0.000001  0.079180  0.000002
-0.000002  -0.079539  0.000094
-0.000003  -0.078685  0.000001
-0.000002  0.079204  0.000004
-0.000002  0.079608  0.000003
-0.000003  -0.079537  -0.000090
-0.000002  -0.078684  0.000002
-0.000003  0.079171  -0.000001
-0.000003  0.079178  -0.000001
-0.000002  -0.079539  0.000087
-0.000001  -0.078686  -0.000005
-0.000002  0.079163  -0.000002
-0.000002  0.078729  -0.000003
-0.000001  -0.079728  0.000088
-0.000005  -0.078721  0.000155
-0.000003  0.079146  0.000001
0.000000  0.079157  0.000002
-0.000004  -0.079728  -0.000083
-0.000003  -0.078723  -0.000151
-0.000001  0.079163  0.000000
-0.000001  0.078729  0.000003
-0.000003  -0.079726  0.000087
-0.000003  -0.078719  0.000156
-0.000001  0.079146  -0.000002
-0.000001  0.079154  -0.000002
-0.000001  -0.079728  -0.000090
-0.000002  -0.078722  -0.000158
-0.000001  0.079202  -0.000004
-0.000001  0.079605  -0.000003
-0.000002  -0.079540  -0.000092
-0.000000  -0.078688  0.000000
-0.000001  0.079170  0.000002
-0.000000  0.079179  0.000002
-0.000003  -0.079541  0.000093
-0.000001  -0.078690  0.000001
-0.000001  0.079200  0.000003
-0.000003  0.079605  0.000003
-0.000002  -0.079541  -0.000088
-0.000002  -0.078687  0.000002
-0.000002  0.079171  -0.000002
-0.000000  0.079177  -0.000002
-0.000002  -0.079542  0.000087
-0.000003  -0.078687  -0.000004
0.000000  0.079163  -0.000002
0.000000  0.078727  -0.000002
0.000001  -0.079729  0.000086
0.000001  -0.078721  0.000154
-0.000000  0.079146  0.000001
-0.000001  0.079155  0.000001
-0.000000  -0.079728  -0.000084
0.000000  -0.078720  -0.000153
0.000001  0.079164  0.000004
0.000001  0.078730  0.000004
0.000001  -0.079728  0.000089
-0.000000  -0.078720  0.000157
0.000000  0.079146  -0.000001
0.000001  0.079153  -0.000000
0.000001  -0.079727  -0.000090
-0.000001  -0.078721  -0.000158
-0.000001  0.079201  -0.000004
0.000002  0.079606  -0.000002
0.000002  -0.079540  -0.000090
0.000001  -0.078687  0.000001
0.000001  0.079171  -0.000000
0.000000  0.079179  -0.000000
0.000000  -0.079539  0.000094
-0.000001  -0.078687  0.000002
-0.000001  0.079203  0.000003
0.000000  0.079609  0.000002
0.000001  -0.079539  -0.000090
-0.000000  -0.078687  0.000001
-0.000001  0.079169  -0.000002
0.000000  0.079178  -0.000001
0.000001  -0.079538  0.000086
0.000001  -0.078687  -0.000004
-0.000002  0.079164  -0.000001
0.000001  0.078730  -0.000002
0.000002  -0.079727  0.000085
0.000000  -0.078722  0.000155
-0.000001  0.079148  0.000001
-0.000000  0.079156  0.000002
0.000002  -0.079727  -0.000083
-0.000001  -0.078722  -0.000153
-0.000003  0.079164  0.000002
-0.000003  0.078730  0.000003
0.000000  -0.079727  0.000088
-0.000001  -0.078720  0.000155
-0.000000  0.079146  -0.000001
0.000001  0.079157  -0.000001
0.000001  -0.079726  -0.000090
-0.000000  -0.078722  -0.000159
0.000001  0.079201  -0.000003
0.000004  0.079607  -0.000004
0.000002  -0.079541  -0.000092
-0.000000  -0.078687  -0.000001
0.000000  0.079170  0.000000
-0.000001  0.079178  -0.000000
-0.000000  -0.079540  0.000093
0.000001  -0.078686  0.000002
-0.000000  0.079200  0.000002
0.000002  0.079606  0.000002
0.000000  -0.079540  -0.000088
-0.000001  -0.078688  0.000002
-0.000000  0.079169  -0.000002
0.000002  0.079178  -0.000001
0.000002  -0.079542  0.000088
0.000003  -0.078687  -0.000005
0.000002  0.079163  -0.000003
0.000002  0.078729  -0.000002
0.000003  -0.079727  0.000085
0.000001  -0.078721  0.000153
0.000002  0.079148  -0.000001
0.000001  0.079155  -0.000000
0.000003  -0.079727  -0.000086
0.000002  -0.078722  -0.000153
0.000001  0.079163  0.000004
0.000001  0.078728  0.000003
0.000002  -0.079728  0.000088
0.000000  -0.078722  0.000157
0.000001  0.079147  -0.000001
0.000003  0.079153  0.000000
0.000002  -0.079729  -0.000089
0.000001  -0.078722  -0.000157
0.000004  0.079202  -0.000002
0.000002  0.079604  0.000001
0.000002  -0.079540  -0.000092
0.000002  -0.078687  -0.000001
0.000004  0.079172  0.000001
0.000003  0.079177  0.000001
0.000002  -0.079541  0.000092
0.000003  -0.078687  0.000002
-0.000001  0.079200  0.000002
0.000002  0.079606  0.000001
0.000001  -0.079538  -0.000088
-0.000001  -0.078687  0.000003
0.000003  0.079170  -0.000001
0.000002  0.079177  0.000000
0.000002  -0.079540  0.000089
0.000001  -0.078688  -0.000003
0.000003  0.079164  -0.000002
0.000002  0.078729  -0.000003
0.000003  -0.079727  0.000083
0.000001  -0.078722  0.000153
0.000001  0.079145  -0.000002
0.000003  0.079157  0.000001
0.000000  -0.079729  -0.000084
-0.000000  -0.078720  -0.000154
0.000001  0.079161  0.000003
0.000000  0.078729  0.000003
-0.000001  -0.079727  0.000088
0.000001  -0.078720  0.000157
0.000000  0.079147  -0.000001
0.000000  0.079157  0.000001
0.000001  -0.079727  -0.000087
-0.000000  -0.078720  -0.000157
0.000002  0.079203  -0.000004
0.000002  0.079607  -0.000003
0.000003  -0.079541  -0.000093
0.000001  -0.078686  -0.000002
-0.000001  0.079169  -0.000000
0.000003  0.079177  -0.000001
-0.000000  -0.079539  0.000094
0.000000  -0.078688  0.000004
-0.000001  0.079202  0.000003
0.000001  0.079606  0.000004
0.000000  -0.079540  -0.000087
0.000001  -0.078686  0.000003
0.000002  0.079169  -0.000000
0.000002  0.079178  0.000000
0.000003  -0.079541  0.000088
0.000001  -0.078685  -0.000002
0.000003  0.079161  -0.000004
0.000003  0.078730  -0.000001
0.000003  -0.079728  0.000084
0.000003  -0.078720  0.000153
0.000003  0.079148  -0.000003
0.000003  0.079156  -0.000000
0.000001  -0.079726  -0.000085
0.000001  -0.078718  -0.000154
0.000001  0.079163  0.000002
0.000001  0.078728  0.000001
0.000002  -0.079728  0.000089
-0.000001  -0.078719  0.000158
0.000002  0.079147  0.000001
-0.000002  0.079154  0.000000
0.000002  -0.079728  -0.000086
0.000003  -0.078721  -0.000158
0.000004  0.079202  -0.000001
0.000003  0.079605  -0.000001
0.000005  -0.079540  -0.000092
0.000002  -0.078689  -0.000000
0.000003  0.079172  -0.000000
0.000004  0.079176  -0.000002
0.000003  -0.079538  0.000093
0.000001  -0.078688  0.000001
0.000002  0.079202  0.000001
0.000001  0.079608  0.000001
0.000001  -0.079539  -0.000090
0.000002  -0.078689  0.000002
0.000002  0.079169  -0.000001
0.000002  0.079177  0.000002
0.000003  -0.079541  0.000088
0.000002  -0.078685  -0.000002
0.000001  0.079163  -0.000002
0.000002  0.078729  -0.000002
0.000003  -0.079725  0.000085
0.000002  -0.078720  0.000153
0.000002  0.079145  -0.000000
0.000002  0.079154  -0.000000
-0.000000  -0.079728  -0.000085
0.000003  -0.078722  -0.000154
0.000001  0.079162  0.000001
0.000002  0.078729  -0.000000
0.000000  -0.079726  0.000090
0.000001  -0.078721  0.000156
0.000004  0.079145  -0.000001
0.000002  0.079157  0.000001
0.000003  -0.079727  -0.000089
0.000003  -0.078720  -0.000155
0.000001  0.079202  -0.000001
0.000001  0.079608  -0.000002
0.000002  -0.079539  -0.000094
0.000000  -0.078686  -0.000003
0.000001  0.079171  0.000001
0.000001  0.079177  -0.000000
0.000004  -0.079540  0.000091
0.000001  -0.078687  0.000001
0.000001  0.079203  0.000002
-0.000000  0.079608  0.000000
0.000002  -0.079540  -0.000088
-0.000001  -0.078688  0.000005
0.000001  0.079171  0.000001
-0.000000  0.079179  0.000000
0.000001  -0.079539  0.000089
0.000001  -0.078685  -0.000003
