0.003601  0.003601  0.000000
-0.003601  -0.003601  0.000000
0.000158  -0.000158  -0.000347
0.000267  -0.000267  0.000152
-0.000000  0.000000  -0.000474
-0.000679  0.000679  0.000000
-0.000000  0.000000  -0.001109
0.000267  -0.000267  -0.000152
0.000000  -0.000000  0.001109
0.000158  -0.000158  0.000347
0.000000  -0.000000  0.000474
-0.000595  0.000003  0.001334
0.001068  -0.001149  0.000000
0.000252  -0.000089  -0.000157
-0.000146  0.000080  0.000267
0.000608  0.000022  -0.000000
0.000249  0.000020  -0.000313
0.000252  -0.000089  0.000157
0.000249  0.000020  0.000313
-0.000595  0.000003  -0.001334
-0.000146  0.000080  -0.000267
0.000380  0.000125  0.000051
0.000826  0.001019  0.000000
-0.000062  0.000215  -0.000025
0.000358  0.000102  -0.000268
0.000293  0.000005  0.000000
0.000018  -0.000064  0.000217
-0.000062  0.000215  0.000025
0.000018  -0.000064  -0.000217
0.000380  0.000125  -0.000051
0.000358  0.000102  0.000268
-0.000299  -0.000672  -0.000121
-0.000826  -0.001019  0.000000
-0.000038  -0.000193  0.000133
-0.000358  -0.000102  -0.000268
0.000174  -0.000416  -0.000000
-0.000018  0.000064  0.000217
-0.000038  -0.000193  -0.000133
-0.000018  0.000064  -0.000217
-0.000299  -0.000672  0.000121
-0.000358  -0.000102  0.000268
-0.000573  -0.000573  0.000760
-0.001068  0.001149  0.000000
0.000104  0.000104  -0.000127
0.000146  -0.000080  0.000267
-0.000007  -0.000007  0.000000
-0.000249  -0.000020  -0.000313
0.000104  0.000104  0.000127
-0.000249  -0.000020  0.000313
-0.000573  -0.000573  -0.000760
0.000146  -0.000080  -0.000267
0.000573  0.000573  0.000760
-0.001149  0.001068  0.000000
-0.000104  -0.000104  -0.000127
0.000080  -0.000146  0.000267
0.000007  0.000007  0.000000
0.000020  0.000249  -0.000313
-0.000104  -0.000104  0.000127
0.000020  0.000249  0.000313
0.000573  0.000573  -0.000760
0.000080  -0.000146  -0.000267
0.000299  0.000672  -0.000121
0.000368  0.000368  0.000000
0.000038  0.000193  0.000133
0.000037  0.000037  -0.000063
-0.000174  0.000416  0.000000
0.000167  0.000167  -0.000122
0.000038  0.000193  -0.000133
0.000167  0.000167  0.000122
0.000299  0.000672  0.000121
0.000037  0.000037  0.000063
-0.000380  -0.000125  0.000051
0.000123  0.000350  0.000000
0.000062  -0.000215  -0.000025
0.000064  0.000218  0.000113
-0.000293  -0.000005  -0.000000
0.000134  -0.000051  -0.000322
0.000062  -0.000215  0.000025
0.000134  -0.000051  0.000322
-0.000380  -0.000125  -0.000051
0.000064  0.000218  -0.000113
0.000595  -0.000003  0.001334
0.000435  -0.000078  0.000000
-0.000252  0.000089  -0.000157
-0.000540  0.000506  -0.000039
-0.000608  -0.000022  -0.000000
-0.000472  0.000001  0.000139
-0.000252  0.000089  0.000157
-0.000472  0.000001  -0.000139
0.000595  -0.000003  -0.001334
-0.000540  0.000506  0.000039
-0.000158  0.000158  -0.000347
-0.000566  0.000566  0.000000
-0.000267  0.000267  0.000152
-0.000064  0.000064  -0.000218
0.000679  -0.000679  -0.000000
-0.000507  0.000507  0.000316
-0.000267  0.000267  -0.000152
-0.000507  0.000507  -0.000316
-0.000158  0.000158  0.000347
-0.000064  0.000064  0.000218
0.000672  0.000299  -0.000121
0.001019  0.000826  0.000000
0.000193  0.000038  0.000133
0.000102  0.000358  -0.000268
0.000416  -0.000174  -0.000000
-0.000064  0.000018  0.000217
0.000193  0.000038  -0.000133
-0.000064  0.000018  -0.000217
0.000672  0.000299  0.000121
0.000102  0.000358  0.000268
0.000241  0.000241  0.000105
0.000350  0.000123  -0.000000
0.000294  0.000294  0.000460
0.000218  0.000064  0.000113
0.000486  0.000486  -0.000000
-0.000051  0.000134  -0.000322
0.000294  0.000294  -0.000460
-0.000051  0.000134  0.000322
0.000241  0.000241  -0.000105
0.000218  0.000064  -0.000113
-0.000347  0.000081  -0.000173
-0.000315  -0.000315  0.000000
0.000518  -0.000059  0.000172
0.000427  0.000427  0.000209
-0.000117  0.000337  -0.000000
0.000083  0.000083  -0.000865
0.000518  -0.000059  -0.000172
0.000083  0.000083  0.000865
-0.000347  0.000081  0.000173
0.000427  0.000427  -0.000209
-0.000178  0.000178  0.000131
-0.000344  0.000344  0.000000
0.000111  -0.000111  -0.001013
-0.000169  0.000169  0.000567
0.000000  -0.000000  0.000000
0.000086  -0.000086  -0.000195
0.000111  -0.000111  0.001013
0.000086  -0.000086  0.000195
-0.000178  0.000178  -0.000131
-0.000169  0.000169  -0.000567
0.000003  -0.000595  0.001334
0.000078  -0.000435  0.000000
-0.000089  0.000252  -0.000157
-0.000506  0.000540  -0.000039
0.000022  0.000608  0.000000
-0.000001  0.000472  0.000139
-0.000089  0.000252  0.000157
-0.000001  0.000472  -0.000139
0.000003  -0.000595  -0.001334
-0.000506  0.000540  0.000039
-0.000125  -0.000380  0.000051
-0.001019  -0.000826  0.000000
-0.000215  0.000062  -0.000025
-0.000102  -0.000358  -0.000268
-0.000005  -0.000293  0.000000
0.000064  -0.000018  0.000217
-0.000215  0.000062  0.000025
0.000064  -0.000018  -0.000217
-0.000125  -0.000380  -0.000051
-0.000102  -0.000358  0.000268
0.000081  -0.000347  -0.000173
-0.000078  0.000435  0.000000
-0.000059  0.000518  0.000172
0.000506  -0.000540  -0.000039
0.000337  -0.000117  0.000000
0.000001  -0.000472  0.000139
-0.000059  0.000518  -0.000172
0.000001  -0.000472  -0.000139
0.000081  -0.000347  0.000173
0.000506  -0.000540  0.000039
-0.000000  0.000000  0.000852
0.000344  -0.000344  0.000000
-0.000000  0.000000  -0.000350
0.000169  -0.000169  0.000567
-0.000000  -0.000000  0.000000
-0.000086  0.000086  -0.000195
0.000000  -0.000000  0.000350
-0.000086  0.000086  0.000195
0.000000  0.000000  -0.000852
0.000169  -0.000169  -0.000567
-0.000081  0.000347  -0.000173
0.000315  0.000315  0.000000
0.000059  -0.000518  0.000172
-0.000427  -0.000427  0.000209
-0.000337  0.000117  0.000000
-0.000083  -0.000083  -0.000865
0.000059  -0.000518  -0.000172
-0.000083  -0.000083  0.000865
-0.000081  0.000347  0.000173
-0.000427  -0.000427  -0.000209
0.000125  0.000380  0.000051
-0.000350  -0.000123  0.000000
0.000215  -0.000062  -0.000025
-0.000218  -0.000064  0.000113
0.000005  0.000293  -0.000000
0.000051  -0.000134  -0.000322
0.000215  -0.000062  0.000025
0.000051  -0.000134  0.000322
0.000125  0.000380  -0.000051
-0.000218  -0.000064  -0.000113
-0.000003  0.000595  0.001334
0.001149  -0.001068  0.000000
0.000089  -0.000252  -0.000157
-0.000080  0.000146  0.000267
-0.000022  -0.000608  0.000000
-0.000020  -0.000249  -0.000313
0.000089  -0.000252  0.000157
-0.000020  -0.000249  0.000313
-0.000003  0.000595  -0.001334
-0.000080  0.000146  -0.000267
0.000178  -0.000178  0.000131
0.000566  -0.000566  -0.000000
-0.000111  0.000111  -0.001013
0.000064  -0.000064  -0.000218
-0.000000  0.000000  -0.000000
0.000507  -0.000507  0.000316
-0.000111  0.000111  0.001013
0.000507  -0.000507  -0.000316
0.000178  -0.000178  -0.000131
0.000064  -0.000064  0.000218
0.000347  -0.000081  -0.000173
-0.000435  0.000078  0.000000
-0.000518  0.000059  0.000172
0.000540  -0.000506  -0.000039
0.000117  -0.000337  -0.000000
0.000472  -0.000001  0.000139
-0.000518  0.000059  -0.000172
0.000472  -0.000001  -0.000139
0.000347  -0.000081  0.000173
0.000540  -0.000506  0.000039
-0.000241  -0.000241  0.000105
-0.000123  -0.000350  0.000000
-0.000294  -0.000294  0.000460
-0.000064  -0.000218  0.000113
-0.000486  -0.000486  0.000000
-0.000134  0.000051  -0.000322
-0.000294  -0.000294  -0.000460
-0.000134  0.000051  0.000322
-0.000241  -0.000241  -0.000105
-0.000064  -0.000218  -0.000113
-0.000672  -0.000299  -0.000121
-0.000368  -0.000368  0.000000
-0.000193  -0.000038  0.000133
-0.000037  -0.000037  -0.000063
-0.000416  0.000174  0.000000
-0.000167  -0.000167  -0.000122
-0.000193  -0.000038  -0.000133
-0.000167  -0.000167  0.000122
-0.000672  -0.000299  0.000121
-0.000037  -0.000037  0.000063
