-0.007839  -0.004977  -0.004977
0.000000  -0.003329  0.085101
0.014772  -0.004035  0.010417
0.000000  0.030764  -0.025695
-0.006220  -0.001367  0.016851
0.000000  -0.006782  -0.003317
-0.019572  -0.009787  -0.007115
0.000000  0.014888  0.031638
0.002050  0.003421  0.006965
0.000000  0.027144  -0.072296
-0.012060  0.004654  -0.008845
0.000000  0.085101  -0.003329
0.014772  0.010417  -0.004035
0.000000  0.001712  0.001712
0.001661  0.008872  0.008872
0.000000  -0.031218  -0.003280
-0.004222  -0.009464  0.019624
0.000000  0.025672  -0.002872
-0.006392  -0.012700  -0.019649
0.000000  0.009507  0.005102
-0.008894  -0.006707  0.017164
0.000000  0.026833  -0.007452
-0.005783  -0.005449  -0.023377
0.000000  -0.025695  0.030764
-0.006220  0.016851  -0.001367
0.000000  -0.003280  -0.031218
-0.004222  0.019624  -0.009464
0.000000  -0.004806  -0.004806
-0.006943  -0.020178  -0.020178
0.000000  -0.020120  0.017136
-0.000039  0.010829  0.007712
0.000000  -0.004297  -0.014504
-0.008953  0.020383  0.008885
0.000000  0.003088  0.009130
-0.023986  -0.029592  0.026898
0.000000  -0.003317  -0.006782
-0.019572  -0.007115  -0.009787
0.000000  -0.002872  0.025672
-0.006392  -0.019649  -0.012700
0.000000  0.017136  -0.020120
-0.000039  0.007712  0.010829
0.000000  -0.002216  -0.002216
0.010347  0.005990  0.005990
0.000000  -0.010606  0.029821
0.008189  -0.000337  0.002218
0.000000  -0.026497  -0.008927
-0.017960  0.013646  -0.006025
0.000000  0.031638  0.014888
0.002050  0.006965  0.003421
0.000000  0.005102  0.009507
-0.008894  0.017164  -0.006707
0.000000  -0.014504  -0.004297
-0.008953  0.008885  0.020383
0.000000  0.029821  -0.010606
0.008189  0.002218  -0.000337
0.000000  0.007918  0.007918
0.004072  -0.009306  -0.009306
0.000000  -0.034032  0.001213
0.002758  -0.004024  -0.014743
0.000000  -0.072296  0.027144
-0.012060  -0.008845  0.004654
0.000000  -0.007452  0.026833
-0.005783  -0.023377  -0.005449
0.000000  0.009130  0.003088
-0.023986  0.026898  -0.029592
0.000000  -0.008927  -0.026497
-0.017960  -0.006025  0.013646
0.000000  0.001213  -0.034032
0.002758  -0.014743  -0.004024
0.000000  -0.003233  -0.003233
-0.017965  0.021676  0.021676
0.062264  0.004938  0.004938
0.024230  0.002049  0.002049
0.005732  0.002546  0.013260
0.020305  0.000604  -0.004093
-0.005721  -0.001803  -0.000939
-0.025205  0.014383  -0.017938
0.029875  0.007532  -0.011455
0.000066  0.002860  -0.002876
0.003375  0.006407  -0.012672
0.007651  -0.012093  0.007832
0.013249  0.006050  -0.008176
-0.013966  0.013732  0.017181
0.005732  0.013260  0.002546
0.020305  -0.004093  0.000604
-0.028091  -0.016878  -0.016878
0.050830  0.013579  0.013579
0.004754  0.002476  0.004822
0.000065  0.005932  -0.005898
0.004758  0.004974  0.001296
0.025316  0.017972  -0.014322
0.002569  0.006604  -0.007848
0.030623  0.016966  -0.021999
-0.018223  -0.009014  0.026997
-0.018574  -0.014849  0.028719
-0.005721  -0.000939  -0.001803
-0.025205  -0.017938  0.014383
0.004754  0.004822  0.002476
0.000065  -0.005898  0.005932
0.037034  -0.005571  -0.005571
-0.050711  -0.013508  -0.013508
-0.009995  -0.006006  -0.007808
-0.020166  0.004158  -0.000593
-0.003906  -0.006746  0.002945
0.018667  0.014877  -0.028768
0.026071  0.002531  0.008819
-0.030499  -0.016924  0.021938
0.029875  -0.011455  0.007532
0.000066  -0.002876  0.002860
0.004758  0.001296  0.004974
0.025316  -0.014322  0.017972
-0.009995  -0.007808  -0.006006
-0.020166  -0.000593  0.004158
-0.016262  -0.006333  -0.006333
-0.024101  -0.002049  -0.002049
-0.006045  -0.002936  -0.003242
0.014114  -0.013674  -0.017249
-0.003341  -0.016785  -0.000492
-0.007589  0.012177  -0.007789
0.003375  -0.012672  0.006407
0.007651  0.007832  -0.012093
0.002569  -0.007848  0.006604
0.030623  -0.021999  0.016966
-0.003906  0.002945  -0.006746
0.018667  -0.028768  0.014877
-0.006045  -0.003242  -0.002936
0.014114  -0.017249  -0.013674
-0.007854  -0.010899  -0.010899
0.008466  -0.015620  -0.015620
0.005636  -0.009986  0.002430
0.000068  -0.007474  0.007407
0.013249  -0.008176  0.006050
-0.013966  0.017181  0.013732
-0.018223  0.026997  -0.009014
-0.018574  0.028719  -0.014849
0.026071  0.008819  0.002531
-0.030499  0.021938  -0.016924
-0.003341  -0.000492  -0.016785
-0.007589  -0.007789  0.012177
0.005636  0.002430  -0.009986
0.000068  0.007407  -0.007474
0.019337  0.015912  0.015912
-0.008344  0.015557  0.015557
-0.036887  0.005610  0.005610
-0.010339  -0.005981  -0.005981
-0.004667  -0.004787  -0.002361
0.000164  -0.007719  -0.010733
0.005836  0.000966  0.001832
0.006464  0.019656  0.012745
-0.025959  -0.002480  -0.008888
0.019641  0.007111  0.009791
0.004035  0.006699  -0.002991
0.018051  -0.013641  0.005957
0.010131  0.005995  0.007719
-0.008145  0.000392  -0.002283
-0.004667  -0.002361  -0.004787
0.000164  -0.010733  -0.007719
0.028215  0.016981  0.016981
0.007056  0.020242  0.020242
-0.005506  -0.013136  -0.002537
0.004286  -0.019553  0.009530
0.018355  0.009082  -0.027007
0.006296  -0.016738  0.001386
-0.002442  -0.006456  0.007751
0.024091  0.029642  -0.026988
-0.004592  -0.004899  -0.001305
0.009044  -0.020295  -0.008960
0.005836  0.001832  0.000966
0.006464  0.012745  0.019656
-0.005506  -0.002537  -0.013136
0.004286  0.009530  -0.019553
-0.062097  -0.004901  -0.004901
-0.001646  -0.008846  -0.008846
-0.013029  -0.005988  0.008112
-0.014678  -0.010356  0.004007
-0.003231  -0.006446  0.012588
0.005828  0.005512  0.023303
-0.029741  -0.007465  0.011428
0.008990  0.006763  -0.017263
-0.025959  -0.008888  -0.002480
0.019641  0.009791  0.007111
0.018355  -0.027007  0.009082
0.006296  0.001386  -0.016738
-0.013029  0.008112  -0.005988
-0.014678  0.004007  -0.010356
-0.019169  -0.015988  -0.015988
0.007900  0.004968  0.004968
-0.005524  -0.002450  0.009913
0.012155  -0.004684  0.008734
0.003482  0.000426  0.016703
-0.001962  -0.003410  -0.007032
0.004035  -0.002991  0.006699
0.018051  0.005957  -0.013641
-0.002442  0.007751  -0.006456
0.024091  -0.026988  0.029642
-0.003231  0.012588  -0.006446
0.005828  0.023303  0.005512
-0.005524  0.009913  -0.002450
0.012155  0.008734  -0.004684
0.007993  0.010847  0.010847
0.018091  -0.021712  -0.021712
0.006164  0.003144  0.002893
-0.002694  0.014689  0.003957
0.010131  0.007719  0.005995
-0.008145  -0.002283  0.000392
-0.004592  -0.001305  -0.004899
0.009044  -0.008960  -0.020295
-0.029741  0.011428  -0.007465
0.008990  -0.017263  0.006763
0.003482  0.016703  0.000426
-0.001962  -0.007032  -0.003410
0.006164  0.002893  0.003144
-0.002694  0.003957  0.014689
0.016316  0.006298  0.006298
-0.003977  0.009215  0.009215
0.000000  0.004919  0.004919
0.010339  -0.005981  -0.005981
0.000000  0.003319  0.031270
-0.000164  -0.007719  -0.010733
0.000000  0.025716  -0.030741
-0.006464  0.019656  0.012745
0.000000  -0.003052  -0.009139
-0.019641  0.007111  0.009791
0.000000  0.004373  0.014390
-0.018051  -0.013641  0.005957
0.000000  0.020201  -0.017214
0.008145  0.000392  -0.002283
0.000000  0.031270  0.003319
-0.000164  -0.010733  -0.007719
0.000000  -0.001639  -0.001639
-0.007056  0.020242  0.020242
0.000000  -0.084877  0.003455
-0.004286  -0.019553  0.009530
0.000000  -0.026750  0.007313
-0.006296  -0.016738  0.001386
0.000000  -0.009475  -0.005100
-0.024091  0.029642  -0.026988
0.000000  -0.025604  0.002827
-0.009044  -0.020295  -0.008960
0.000000  -0.030741  0.025716
-0.006464  0.012745  0.019656
0.000000  0.003455  -0.084877
-0.004286  0.009530  -0.019553
0.001646  -0.008846  -0.008846
0.000000  -0.027063  0.072159
0.014678  -0.010356  0.004007
0.000000  -0.014831  -0.031691
-0.005828  0.005512  0.023303
0.000000  0.006809  0.003282
-0.008990  0.006763  -0.017263
0.000000  -0.009139  -0.003052
-0.019641  0.009791  0.007111
0.000000  0.007313  -0.026750
-0.006296  0.001386  -0.016738
0.000000  0.072159  -0.027063
0.014678  0.004007  -0.010356
0.000000  0.003145  0.003145
-0.007900  0.004968  0.004968
0.000000  -0.001239  0.033965
-0.012155  -0.004684  0.008734
0.000000  0.008896  0.026452
0.001962  -0.003410  -0.007032
0.000000  0.014390  0.004373
-0.018051  0.005957  -0.013641
0.000000  -0.005100  -0.009475
-0.024091  -0.026988  0.029642
0.000000  -0.031691  -0.014831
-0.005828  0.023303  0.005512
0.000000  0.033965  -0.001239
-0.012155  0.008734  -0.004684
0.000000  -0.008009  -0.008009
-0.018091  -0.021712  -0.021712
0.000000  -0.029929  0.010530
0.002694  0.014689  0.003957
0.000000  -0.017214  0.020201
0.008145  -0.002283  0.000392
0.000000  0.002827  -0.025604
-0.009044  -0.008960  -0.020295
0.000000  0.003282  0.006809
-0.008990  -0.017263  0.006763
0.000000  0.026452  0.008896
0.001962  -0.007032  -0.003410
0.000000  0.010530  -0.029929
0.002694  0.003957  0.014689
0.000000  0.002157  0.002157
0.003977  0.009215  0.009215
0.036887  0.005610  0.005610
-0.024230  0.002049  0.002049
0.004667  -0.004787  -0.002361
-0.020305  0.000604  -0.004093
-0.005836  0.000966  0.001832
0.025205  0.014383  -0.017938
0.025959  -0.002480  -0.008888
-0.000066  0.002860  -0.002876
-0.004035  0.006699  -0.002991
-0.007651  -0.012093  0.007832
-0.010131  0.005995  0.007719
0.013966  0.013732  0.017181
0.004667  -0.002361  -0.004787
-0.020305  -0.004093  0.000604
-0.028215  0.016981  0.016981
-0.050830  0.013579  0.013579
0.005506  -0.013136  -0.002537
-0.000065  0.005932  -0.005898
-0.018355  0.009082  -0.027007
-0.025316  0.017972  -0.014322
0.002442  -0.006456  0.007751
-0.030623  0.016966  -0.021999
0.004592  -0.004899  -0.001305
0.018574  -0.014849  0.028719
-0.005836  0.001832  0.000966
0.025205  -0.017938  0.014383
0.005506  -0.002537  -0.013136
-0.000065  -0.005898  0.005932
0.062097  -0.004901  -0.004901
0.050711  -0.013508  -0.013508
0.013029  -0.005988  0.008112
0.020166  0.004158  -0.000593
0.003231  -0.006446  0.012588
-0.018667  0.014877  -0.028768
0.029741  -0.007465  0.011428
0.030499  -0.016924  0.021938
0.025959  -0.008888  -0.002480
-0.000066  -0.002876  0.002860
-0.018355  -0.027007  0.009082
-0.025316  -0.014322  0.017972
0.013029  0.008112  -0.005988
0.020166  -0.000593  0.004158
0.019169  -0.015988  -0.015988
0.024101  -0.002049  -0.002049
0.005524  -0.002450  0.009913
-0.014114  -0.013674  -0.017249
-0.003482  0.000426  0.016703
0.007589  0.012177  -0.007789
-0.004035  -0.002991  0.006699
-0.007651  0.007832  -0.012093
0.002442  0.007751  -0.006456
-0.030623  -0.021999  0.016966
0.003231  0.012588  -0.006446
-0.018667  -0.028768  0.014877
0.005524  0.009913  -0.002450
-0.014114  -0.017249  -0.013674
-0.007993  0.010847  0.010847
-0.008466  -0.015620  -0.015620
-0.006164  0.003144  0.002893
-0.000068  -0.007474  0.007407
-0.010131  0.007719  0.005995
0.013966  0.017181  0.013732
0.004592  -0.001305  -0.004899
0.018574  0.028719  -0.014849
0.029741  0.011428  -0.007465
0.030499  0.021938  -0.016924
-0.003482  0.016703  0.000426
0.007589  -0.007789  0.012177
-0.006164  0.002893  0.003144
-0.000068  0.007407  -0.007474
-0.016316  0.006298  0.006298
0.008344  0.015557  0.015557
-0.062264  0.004938  0.004938
0.007839  -0.004977  -0.004977
-0.005732  0.002546  0.013260
-0.014772  -0.004035  0.010417
0.005721  -0.001803  -0.000939
0.006220  -0.001367  0.016851
-0.029875  0.007532  -0.011455
0.019572  -0.009787  -0.007115
-0.003375  0.006407  -0.012672
-0.002050  0.003421  0.006965
-0.013249  0.006050  -0.008176
0.012060  0.004654  -0.008845
-0.005732  0.013260  0.002546
-0.014772  0.010417  -0.004035
0.028091  -0.016878  -0.016878
-0.001661  0.008872  0.008872
-0.004754  0.002476  0.004822
0.004222  -0.009464  0.019624
-0.004758  0.004974  0.001296
0.006392  -0.012700  -0.019649
-0.002569  0.006604  -0.007848
0.008894  -0.006707  0.017164
0.018223  -0.009014  0.026997
0.005783  -0.005449  -0.023377
0.005721  -0.000939  -0.001803
0.006220  0.016851  -0.001367
-0.004754  0.004822  0.002476
0.004222  0.019624  -0.009464
-0.037034  -0.005571  -0.005571
0.006943  -0.020178  -0.020178
0.009995  -0.006006  -0.007808
0.000039  0.010829  0.007712
0.003906  -0.006746  0.002945
0.008953  0.020383  0.008885
-0.026071  0.002531  0.008819
0.023986  -0.029592  0.026898
-0.029875  -0.011455  0.007532
0.019572  -0.007115  -0.009787
-0.004758  0.001296  0.004974
0.006392  -0.019649  -0.012700
0.009995  -0.007808  -0.006006
0.000039  0.007712  0.010829
0.016262  -0.006333  -0.006333
-0.010347  0.005990  0.005990
0.006045  -0.002936  -0.003242
-0.008189  -0.000337  0.002218
0.003341  -0.016785  -0.000492
0.017960  0.013646  -0.006025
-0.003375  -0.012672  0.006407
-0.002050  0.006965  0.003421
-0.002569  -0.007848  0.006604
0.008894  0.017164  -0.006707
0.003906  0.002945  -0.006746
0.008953  0.008885  0.020383
0.006045  -0.003242  -0.002936
-0.008189  0.002218  -0.000337
0.007854  -0.010899  -0.010899
-0.004072  -0.009306  -0.009306
-0.005636  -0.009986  0.002430
-0.002758  -0.004024  -0.014743
-0.013249  -0.008176  0.006050
0.012060  -0.008845  0.004654
0.018223  0.026997  -0.009014
0.005783  -0.023377  -0.005449
-0.026071  0.008819  0.002531
0.023986  0.026898  -0.029592
0.003341  -0.000492  -0.016785
0.017960  -0.006025  0.013646
-0.005636  0.002430  -0.009986
-0.002758  -0.014743  -0.004024
-0.019337  0.015912  0.015912
0.017965  0.021676  0.021676
