0.000000  0.008281  0.008281
0.004439  0.004439  0.004439
0.000000  0.019921  0.015176
-0.007631  -0.007631  0.011462
0.000000  0.036047  -0.000000
-0.009835  -0.009835  -0.018353
0.000000  0.019921  -0.015176
-0.009835  -0.009835  0.018353
0.000000  0.008281  -0.008281
-0.007631  -0.007631  -0.011462
0.000000  -0.027699  -0.000000
0.004439  0.004439  -0.004439
0.000000  0.015176  0.019921
-0.007631  0.011462  -0.007631
0.000000  0.031333  0.031333
-0.000973  0.015107  0.015107
0.000000  -0.003520  -0.000000
-0.026919  -0.001484  -0.008533
0.000000  0.031333  -0.031333
-0.026919  -0.001484  0.008533
0.000000  0.015176  -0.019921
-0.000973  0.015107  -0.015107
0.000000  0.014510  -0.000000
-0.007631  0.011462  0.007631
0.000000  0.000000  0.036047
-0.009835  -0.018353  -0.009835
0.000000  0.000000  -0.003520
-0.026919  -0.008533  -0.001484
0.000000  0.000000  -0.000000
-0.002878  0.003854  0.003854
0.000000  0.000000  0.003520
-0.002878  0.003854  -0.003854
0.000000  0.000000  -0.036047
-0.026919  -0.008533  0.001484
0.000000  0.000000  -0.000000
-0.009835  -0.018353  0.009835
0.000000  -0.015176  0.019921
-0.009835  0.018353  -0.009835
0.000000  -0.031333  0.031333
-0.026919  0.008533  -0.001484
0.000000  0.003520  -0.000000
-0.002878  -0.003854  0.003854
0.000000  -0.031333  -0.031333
-0.002878  -0.003854  -0.003854
0.000000  -0.015176  -0.019921
-0.026919  0.008533  0.001484
0.000000  -0.014510  0.000000
-0.009835  0.018353  0.009835
0.000000  -0.008281  0.008281
-0.007631  -0.011462  -0.007631
0.000000  -0.019921  0.015176
-0.000973  -0.015107  0.015107
0.000000  -0.036047  -0.000000
-0.026919  0.001484  -0.008533
0.000000  -0.019921  -0.015176
-0.026919  0.001484  0.008533
0.000000  -0.008281  -0.008281
-0.000973  -0.015107  -0.015107
0.000000  0.027699  -0.000000
-0.007631  -0.011462  0.007631
0.000000  0.000000  -0.027699
0.004439  -0.004439  0.004439
0.000000  0.000000  0.014510
-0.007631  0.007631  0.011462
0.000000  0.000000  -0.000000
-0.009835  0.009835  -0.018353
0.000000  0.000000  -0.014510
-0.009835  0.009835  0.018353
0.000000  0.000000  0.027699
-0.007631  0.007631  -0.011462
0.000000  0.000000  -0.000000
0.004439  -0.004439  -0.004439
0.000868  0.000868  0.000868
0.011462  -0.007631  -0.007631
0.010763  0.010763  -0.018327
0.015107  -0.000973  0.015107
0.014965  0.014965  -0.000000
-0.001484  -0.026919  -0.008533
0.010763  0.010763  0.018327
-0.001484  -0.026919  0.008533
0.000868  0.000868  -0.000868
0.015107  -0.000973  -0.015107
0.008281  0.008281  -0.000000
0.011462  -0.007631  0.007631
0.010763  -0.018327  0.010763
0.015107  0.015107  -0.000973
0.016651  0.008045  0.008045
-0.014962  -0.014962  -0.014962
-0.025237  0.004907  -0.000000
-0.008776  -0.008776  -0.002543
0.016651  0.008045  -0.008045
-0.008776  -0.008776  0.002543
0.010763  -0.018327  -0.010763
-0.014962  -0.014962  0.014962
0.019921  0.015176  -0.000000
0.015107  0.015107  0.000973
0.014965  0.000000  0.014965
-0.001484  -0.008533  -0.026919
-0.025237  0.000000  0.004907
-0.008776  -0.002543  -0.008776
-0.007232  0.000000  -0.000000
-0.025237  0.000000  -0.004907
0.014965  0.000000  -0.014965
-0.008776  -0.002543  0.008776
0.036047  0.000000  -0.000000
-0.001484  -0.008533  0.026919
0.010763  0.018327  0.010763
-0.001484  0.008533  -0.026919
0.016651  -0.008045  0.008045
-0.008776  0.002543  -0.008776
-0.025237  -0.004907  -0.000000
0.016651  -0.008045  -0.008045
0.010763  0.018327  -0.010763
-0.008776  0.002543  0.008776
0.019921  -0.015176  -0.000000
-0.001484  0.008533  0.026919
0.000868  -0.000868  0.000868
0.015107  -0.015107  -0.000973
0.010763  -0.010763  -0.018327
-0.014962  0.014962  -0.014962
0.014965  -0.014965  -0.000000
-0.008776  0.008776  -0.002543
0.010763  -0.010763  0.018327
-0.008776  0.008776  0.002543
0.000868  -0.000868  -0.000868
-0.014962  0.014962  0.014962
0.008281  -0.008281  -0.000000
0.015107  -0.015107  0.000973
0.008281  0.000000  0.008281
0.011462  0.007631  -0.007631
0.019921  0.000000  0.015176
0.015107  0.000973  0.015107
0.036047  0.000000  -0.000000
-0.001484  0.026919  -0.008533
0.019921  0.000000  -0.015176
-0.001484  0.026919  0.008533
0.008281  0.000000  -0.008281
0.015107  0.000973  -0.015107
-0.027699  0.000000  -0.000000
0.011462  0.007631  0.007631
-0.018327  0.010763  0.010763
-0.018353  -0.009835  -0.009835
0.008045  0.016651  0.008045
-0.008533  -0.026919  -0.001484
0.004907  -0.025237  -0.000000
0.003854  -0.002878  0.003854
0.008045  0.016651  -0.008045
0.003854  -0.002878  -0.003854
-0.018327  0.010763  -0.010763
-0.008533  -0.026919  0.001484
0.015176  0.019921  -0.000000
-0.018353  -0.009835  0.009835
0.008045  0.008045  0.016651
-0.008533  -0.001484  -0.026919
-0.002543  -0.008776  -0.008776
0.008045  0.008045  -0.016651
-0.002543  -0.008776  0.008776
0.031333  0.031333  -0.000000
-0.008533  -0.001484  0.026919
0.004907  0.000000  -0.025237
0.003854  0.003854  -0.002878
0.004907  0.000000  0.025237
-0.003520  0.000000  -0.000000
0.003854  0.003854  0.002878
0.008045  -0.008045  0.016651
0.003854  -0.003854  -0.002878
0.008045  -0.008045  -0.016651
0.031333  -0.031333  -0.000000
0.003854  -0.003854  0.002878
-0.018327  -0.010763  0.010763
-0.008533  0.001484  -0.026919
0.008045  -0.016651  0.008045
-0.002543  0.008776  -0.008776
0.004907  0.025237  -0.000000
0.008045  -0.016651  -0.008045
-0.018327  -0.010763  -0.010763
-0.002543  0.008776  0.008776
0.015176  -0.019921  -0.000000
-0.008533  0.001484  0.026919
0.015176  0.000000  0.019921
-0.018353  0.009835  -0.009835
0.031333  0.000000  0.031333
-0.008533  0.026919  -0.001484
-0.003520  0.000000  -0.000000
0.003854  0.002878  0.003854
0.031333  0.000000  -0.031333
0.003854  0.002878  -0.003854
0.015176  0.000000  -0.019921
-0.008533  0.026919  0.001484
0.014510  0.000000  -0.000000
-0.018353  0.009835  0.009835
0.000000  0.014965  0.014965
0.018353  -0.009835  -0.009835
0.000000  -0.025237  0.004907
0.008533  -0.026919  -0.001484
0.000000  -0.007232  -0.000000
-0.003854  -0.002878  0.003854
0.000000  -0.025237  -0.004907
-0.003854  -0.002878  -0.003854
0.000000  0.014965  -0.014965
0.008533  -0.026919  0.001484
0.000000  0.036047  -0.000000
0.018353  -0.009835  0.009835
0.000000  0.004907  -0.025237
0.008533  -0.001484  -0.026919
0.002543  -0.008776  -0.008776
0.000000  0.004907  0.025237
0.002543  -0.008776  0.008776
0.000000  -0.003520  -0.000000
0.008533  -0.001484  0.026919
0.000000  0.000000  -0.007232
-0.003854  0.003854  -0.002878
0.000000  0.000000  0.007232
0.000000  0.000000  -0.000000
-0.003854  0.003854  0.002878
0.000000  -0.004907  -0.025237
-0.003854  -0.003854  -0.002878
0.000000  -0.004907  0.025237
0.000000  0.003520  -0.000000
-0.003854  -0.003854  0.002878
0.000000  -0.014965  0.014965
0.008533  0.001484  -0.026919
0.000000  0.025237  0.004907
0.002543  0.008776  -0.008776
0.000000  0.007232  -0.000000
0.000000  0.025237  -0.004907
0.000000  -0.014965  -0.014965
0.002543  0.008776  0.008776
0.000000  -0.036047  -0.000000
0.008533  0.001484  0.026919
0.000000  0.000000  0.036047
0.018353  0.009835  -0.009835
0.000000  0.000000  -0.003520
0.008533  0.026919  -0.001484
0.000000  0.000000  -0.000000
-0.003854  0.002878  0.003854
0.000000  0.000000  0.003520
-0.003854  0.002878  -0.003854
0.000000  0.000000  -0.036047
0.008533  0.026919  0.001484
0.000000  0.000000  -0.000000
0.018353  0.009835  0.009835
0.018327  0.010763  0.010763
-0.011462  -0.007631  -0.007631
-0.008045  0.016651  0.008045
-0.015107  -0.000973  0.015107
-0.004907  -0.025237  -0.000000
0.001484  -0.026919  -0.008533
-0.008045  0.016651  -0.008045
0.001484  -0.026919  0.008533
0.018327  0.010763  -0.010763
-0.015107  -0.000973  -0.015107
-0.015176  0.019921  -0.000000
-0.011462  -0.007631  0.007631
-0.008045  0.008045  0.016651
-0.015107  0.015107  -0.000973
0.014962  -0.014962  -0.014962
0.008776  -0.008776  -0.002543
0.008776  -0.008776  0.002543
-0.008045  0.008045  -0.016651
0.014962  -0.014962  0.014962
-0.031333  0.031333  -0.000000
-0.015107  0.015107  0.000973
-0.004907  0.000000  -0.025237
0.001484  -0.008533  -0.026919
0.008776  -0.002543  -0.008776
-0.004907  0.000000  0.025237
0.008776  -0.002543  0.008776
0.003520  0.000000  -0.000000
0.001484  -0.008533  0.026919
-0.008045  -0.008045  0.016651
0.001484  0.008533  -0.026919
0.008776  0.002543  -0.008776
-0.008045  -0.008045  -0.016651
0.008776  0.002543  0.008776
-0.031333  -0.031333  -0.000000
0.001484  0.008533  0.026919
0.018327  -0.010763  0.010763
-0.015107  -0.015107  -0.000973
-0.008045  -0.016651  0.008045
0.014962  0.014962  -0.014962
-0.004907  0.025237  -0.000000
0.008776  0.008776  -0.002543
-0.008045  -0.016651  -0.008045
0.008776  0.008776  0.002543
0.018327  -0.010763  -0.010763
0.014962  0.014962  0.014962
-0.015176  -0.019921  -0.000000
-0.015107  -0.015107  0.000973
-0.015176  0.000000  0.019921
-0.011462  0.007631  -0.007631
-0.031333  0.000000  0.031333
-0.015107  0.000973  0.015107
0.003520  0.000000  -0.000000
0.001484  0.026919  -0.008533
-0.031333  0.000000  -0.031333
0.001484  0.026919  0.008533
-0.015176  0.000000  -0.019921
-0.015107  0.000973  -0.015107
-0.014510  0.000000  -0.000000
-0.011462  0.007631  0.007631
-0.000868  0.000868  0.000868
-0.004439  0.004439  0.004439
-0.010763  0.010763  -0.018327
0.007631  -0.007631  0.011462
-0.014965  0.014965  -0.000000
0.009835  -0.009835  -0.018353
-0.010763  0.010763  0.018327
0.009835  -0.009835  0.018353
-0.000868  0.000868  -0.000868
0.007631  -0.007631  -0.011462
-0.008281  0.008281  -0.000000
-0.004439  0.004439  -0.004439
-0.010763  -0.018327  0.010763
0.007631  0.011462  -0.007631
-0.016651  0.008045  0.008045
0.000973  0.015107  0.015107
0.025237  0.004907  -0.000000
0.026919  -0.001484  -0.008533
-0.016651  0.008045  -0.008045
0.026919  -0.001484  0.008533
-0.010763  -0.018327  -0.010763
0.000973  0.015107  -0.015107
-0.019921  0.015176  -0.000000
0.007631  0.011462  0.007631
-0.014965  0.000000  0.014965
0.009835  -0.018353  -0.009835
0.025237  0.000000  0.004907
0.026919  -0.008533  -0.001484
0.007232  0.000000  -0.000000
0.002878  0.003854  0.003854
0.025237  0.000000  -0.004907
0.002878  0.003854  -0.003854
-0.014965  0.000000  -0.014965
0.026919  -0.008533  0.001484
-0.036047  0.000000  0.000000
0.009835  -0.018353  0.009835
-0.010763  0.018327  0.010763
0.009835  0.018353  -0.009835
-0.016651  -0.008045  0.008045
0.026919  0.008533  -0.001484
0.025237  -0.004907  -0.000000
0.002878  -0.003854  0.003854
-0.016651  -0.008045  -0.008045
0.002878  -0.003854  -0.003854
-0.010763  0.018327  -0.010763
0.026919  0.008533  0.001484
-0.019921  -0.015176  -0.000000
0.009835  0.018353  0.009835
-0.000868  -0.000868  0.000868
0.007631  -0.011462  -0.007631
-0.010763  -0.010763  -0.018327
0.000973  -0.015107  0.015107
-0.014965  -0.014965  -0.000000
0.026919  0.001484  -0.008533
-0.010763  -0.010763  0.018327
0.026919  0.001484  0.008533
-0.000868  -0.000868  -0.000868
0.000973  -0.015107  -0.015107
-0.008281  -0.008281  -0.000000
0.007631  -0.011462  0.007631
-0.008281  0.000000  0.008281
-0.004439  -0.004439  0.004439
-0.019921  0.000000  0.015176
0.007631  0.007631  0.011462
-0.036047  0.000000  -0.000000
0.009835  0.009835  -0.018353
-0.019921  0.000000  -0.015176
0.009835  0.009835  0.018353
-0.008281  0.000000  -0.008281
0.007631  0.007631  -0.011462
0.027699  0.000000  -0.000000
-0.004439  -0.004439  -0.004439
