-0.043741  -0.066865  0.428814
-0.562582  -0.313145  -0.738638
-1.062514  0.893857  -1.838754
2.556747  1.692919  -1.771347
0.332251  -0.536467  0.308584
-0.098629  0.852384  2.633156
-1.478227  -1.855914  -1.129915
-0.425232  -0.652175  0.571185
0.035962  -0.372012  0.268473
0.186573  0.217939  2.172597
1.747017  1.259862  -0.259046
-0.875082  -0.237370  -0.121958
0.109230  1.671805  -0.116202
0.764312  -2.391559  -1.051001
-1.761545  -1.623872  -2.749423
-0.575261  -1.205519  0.324314
-2.697763  -0.099027  -0.275058
0.463290  0.602369  0.297702
-0.913637  -0.078762  0.633120
-1.533094  2.836535  -0.347111
-1.017173  -0.700074  0.105493
0.396673  0.580440  -1.312453
-0.554667  0.847333  0.829930
1.090736  0.861205  0.549077
1.686033  1.567866  0.477970
0.374061  -0.359365  0.210100
-1.017607  0.118028  -2.709803
-0.318125  -0.068643  0.201366
-0.863958  0.093533  -0.034268
1.969342  -4.744720  1.683617
-0.360609  -0.099769  -0.247381
-1.056813  -0.762177  -1.187530
1.716664  -0.239917  -0.416710
-0.190802  1.191422  2.004004
0.963589  1.327639  1.781752
-3.515035  -1.373438  -0.351088
-0.241871  -0.032581  0.271148
1.732314  0.113286  0.719676
-0.034744  -1.281292  -1.482049
0.184317  1.089828  -0.611614
0.416532  0.048402  -0.264624
-0.440655  -0.342717  -0.938185
0.240945  1.123532  0.408938
-0.660117  -0.241369  -0.133787
-0.840843  -0.654087  0.210089
0.483928  0.566936  -0.443661
-2.208704  3.824038  -0.958719
1.298168  0.849104  0.217153
0.346055  0.338909  0.485055
-0.679259  0.178985  -0.127350
-0.541738  2.700344  0.400947
5.925811  1.901488  -0.904020
-0.237914  -2.580067  3.675675
2.294678  0.210457  2.064637
0.797538  2.440268  -0.750872
4.113684  -5.015417  0.001028
2.113783  -0.354933  0.396771
-0.412773  -0.296038  0.740032
-1.496760  0.840370  -1.918372
-0.399098  -0.029215  -2.383490
-1.884706  -0.431289  0.352345
-0.581655  -1.171526  1.907064
0.761614  -1.747092  -0.257588
3.104149  0.670439  1.857655
-1.751441  2.020481  -0.144627
-2.403375  -0.233287  -0.903270
0.986032  -0.480059  -1.914997
0.449362  0.530320  0.723012
-0.222084  -1.394317  0.190907
-1.960452  0.317293  -1.904685
0.027016  0.159870  -0.202250
-0.206018  0.402674  -0.537972
0.072757  -0.659406  -1.243997
-0.997227  0.078861  -0.067477
-0.753213  0.467485  -1.930717
-1.629260  0.849105  -0.058495
-2.817635  0.391299  -1.604142
0.894120  -0.643541  0.978510
2.990999  0.458878  -1.447312
1.036145  -0.194390  1.641556
2.647820  0.887787  1.303830
-1.554177  1.236710  -0.195469
-1.850912  3.482606  0.761796
-0.691938  -0.641281  -0.866858
-0.897065  -0.206151  1.076904
0.598562  -0.021334  0.657990
-0.650281  0.218249  -0.050718
0.429393  0.477581  0.009064
-0.675178  -0.248546  0.118040
-0.358945  1.202301  0.868039
0.487455  0.058446  1.276116
0.935250  -0.612234  -0.131132
1.147350  0.193542  -0.271051
-2.912479  -1.773647  -0.982134
1.249470  0.194966  0.782074
1.562468  0.252467  0.027491
-3.890146  -2.401894  0.367725
1.011950  -2.394135  2.607535
0.773278  -0.101655  -0.410003
1.466243  -2.940221  -0.021975
-2.138618  3.749353  0.111595
-0.742863  -0.494141  1.033406
-0.187144  0.170575  -0.155454
0.210816  0.534163  0.748021
-0.153655  -1.140878  -0.480366
-0.096369  -0.050156  -0.406403
-0.171495  -0.285432  0.359460
0.071929  -0.130561  0.172770
3.510139  1.423740  1.391548
-3.106978  -0.650248  -0.833427
-1.202478  2.660562  -2.623785
-0.064067  -0.719502  0.768782
1.313851  -0.981552  0.145219
0.278477  -0.003572  -0.997846
2.271813  -1.014132  2.895585
-1.719920  -0.456650  -1.357157
-0.111356  -0.810878  0.177531
-0.524254  -2.516013  -0.950166
-0.491533  -0.076387  -0.003911
-1.879157  -1.409134  -2.147273
0.331314  0.414383  1.116362
2.490043  0.304394  1.626425
1.612483  -2.268161  -0.752520
-0.124804  0.167663  -0.684141
-0.397749  0.500998  2.433525
1.924875  3.780541  -1.103391
-0.110620  -0.582692  -0.145223
0.040410  -0.604215  -0.197925
