-0.561312  -1.171087  -0.158088
2.208472  -1.281331  0.200760
0.097833  0.408950  -0.085586
-0.810720  0.332629  -1.579813
-0.007677  -0.029235  0.995156
-0.106835  0.756961  0.349409
1.210700  -0.077351  -0.655964
-0.423606  -0.850651  -0.666621
1.724502  0.683750  -1.068770
-0.912100  1.080914  0.698791
-0.432745  1.091517  0.682217
0.466431  -2.513608  1.430897
0.287013  0.376545  0.453747
0.054714  -0.381189  -0.118409
-0.412085  -0.453149  1.806622
-0.046859  0.356833  0.190226
4.605732  -0.597546  -1.176298
-0.117768  -0.680455  0.637075
-1.327014  0.739707  -1.611085
1.064186  -0.741696  3.353885
0.035369  0.456712  0.812377
0.774564  -1.343802  -1.682672
0.249198  -1.151042  -1.040300
-0.840930  -1.417165  1.419510
1.152969  1.511416  -1.036408
-0.545019  -1.280833  1.331041
0.348999  1.668364  -2.304211
-1.350013  -0.910976  -0.948416
0.303489  1.465763  -0.125516
-0.090995  0.216197  1.965541
-0.126563  1.885185  1.250741
-0.007848  0.881026  -0.474441
0.734097  1.251827  -0.059406
0.831547  -1.808019  -0.159211
-2.180661  -0.663887  0.355847
0.077811  -0.776875  -0.820617
0.324113  -0.506142  0.013135
0.253475  -1.634026  -1.680601
-1.004081  -0.282306  -0.677020
-3.655807  2.534165  0.352635
-0.493132  -0.145708  -0.878629
0.643897  -0.282864  0.627432
-0.670476  1.355069  -0.326321
0.707038  1.632702  -0.883342
-0.378907  0.826840  0.856455
-1.427510  -0.079692  0.037138
-1.558155  -0.754379  -0.542312
0.431147  2.039096  1.009826
0.508585  -0.108237  0.066707
-0.455415  -0.096626  -1.164951
0.591497  0.620868  -2.379735
1.748094  -0.531147  0.459856
0.297752  0.048391  0.274386
-0.043443  1.740941  -0.905483
0.130116  0.778749  0.155281
-0.942321  -0.273521  0.879306
1.253853  0.530050  0.337709
-0.150627  -0.479432  -1.094231
0.495380  1.571448  -1.094478
0.641094  0.662812  0.438666
1.128837  -0.433761  -2.317748
-0.223436  0.491049  -0.403359
-0.143976  0.811868  0.093992
-0.526390  -0.233200  0.237490
2.827233  -1.301830  1.878659
-2.638473  1.591091  -1.213013
1.418061  0.393156  -0.300049
-1.579717  0.411936  -2.499624
0.284334  -0.886560  0.813943
2.121885  0.861255  -0.497141
1.016622  -1.228418  -1.100683
-0.665589  -1.115336  0.468330
-0.134407  -0.272421  0.109645
0.638481  -0.167555  0.129523
-0.044476  0.596989  -0.093764
-0.054814  -0.764788  0.565800
-0.357679  0.383764  -0.064036
1.343272  1.461830  -1.130363
-0.900732  -0.732809  1.826004
0.976661  0.148661  -0.031896
-0.174581  -0.791373  0.388996
-1.097439  -1.429957  -0.130735
-0.834740  0.409139  -0.561754
-0.832564  -0.325970  0.455451
-0.621697  0.033307  -1.014948
-0.366915  0.883735  1.772148
0.835494  -1.373030  1.189022
-0.490250  0.158667  -0.157248
-0.915579  -0.595852  0.674608
-1.201561  1.084499  0.044339
-1.597547  -0.598882  0.784491
0.678082  1.074295  -1.301429
-1.128704  -0.010833  0.771165
0.715148  -0.391856  0.474481
-1.132333  -0.591987  0.936736
-0.154477  -1.152256  -2.081831
-0.232535  3.508302  2.215095
-1.546807  -0.443418  0.576707
0.404393  -2.330386  1.902261
1.100324  0.797315  1.072302
0.997884  -0.442991  1.325548
0.821420  0.573335  -0.853781
-0.071032  -0.258563  0.834544
-0.951209  0.297432  -0.761571
-1.406534  2.053282  -1.278650
-0.972064  -0.812964  -0.514851
-0.002899  -0.994114  0.367150
1.144302  -1.753008  -0.572407
0.689719  0.617358  0.145731
-0.334288  -0.120965  -0.008408
0.869323  0.255594  0.369327
-0.340166  -0.266065  -0.448885
-2.787183  -0.782492  -2.124826
-0.048633  1.518660  3.398233
-0.694230  0.626557  0.788983
0.381355  -0.265762  1.714000
-0.053748  -0.181476  -0.149483
2.922487  -1.268079  -0.722984
-0.482624  -0.082592  -0.116124
-0.935973  -0.956658  -0.064471
-0.875823  -1.429226  -0.386211
2.331656  0.057930  0.657696
0.120897  -0.536747  1.079037
-0.077714  -0.306985  -1.319072
-1.307731  0.602261  -0.480181
-0.061052  -0.546750  0.232014
-0.738671  0.843575  1.078892
2.798079  -0.570374  -2.714256
