-5.027135  -2.299753  1.347600
0.362696  -1.283881  -0.864431
2.827753  0.201471  1.771599
-0.875061  -0.966980  -3.379136
1.689557  3.227295  -0.525510
-2.950023  -0.696928  -1.873059
-2.170217  2.455486  1.048263
3.874098  -1.178027  -2.857675
-1.483924  0.611584  -1.195185
1.065539  3.196134  -1.308809
0.306235  -3.072901  -0.127075
-2.635462  -3.315509  0.096900
-1.235366  1.386121  -1.744689
-1.384952  0.885933  4.019950
-6.587144  -0.086692  0.324795
2.288234  0.284227  3.418811
1.234730  2.079044  3.683665
-2.438063  -0.989595  -2.070373
1.513746  2.554265  -1.051802
-0.059720  -0.006882  0.058308
-0.148257  -1.264439  -0.635418
0.513145  -0.779005  -2.506301
0.345115  1.962522  0.369266
-1.888860  2.515032  0.914537
-1.016572  -2.595814  1.295855
-2.464348  -2.215898  1.564895
2.454921  -0.236608  -2.718789
3.131813  1.415096  0.022510
1.805058  4.227493  1.523189
-1.470331  -0.845635  1.197910
-0.350388  0.420570  2.507415
2.624886  -1.370604  -2.889661
0.644743  0.819778  -1.295880
3.321199  0.970670  -1.207637
-3.091191  -3.930728  1.186042
-1.005181  2.714951  0.175650
0.399672  -1.229803  -2.200507
2.572220  -0.335025  -0.372753
0.854605  2.301551  4.186926
-1.879500  -3.071242  -3.793495
-4.300457  3.534390  -0.840939
-0.387939  -0.753405  0.631159
0.242105  2.574133  0.637559
-0.201143  -1.791803  2.802212
0.590450  -3.975881  -0.271837
-0.038776  0.136868  -0.640933
5.384107  0.824705  2.553545
-1.464992  2.040882  1.120593
-2.134577  -2.638165  -2.159599
-1.367552  -0.174171  2.072075
-1.661728  1.082887  -0.452548
1.273632  -0.097838  0.522188
-0.454595  1.703147  -3.164202
0.211286  0.460589  1.328722
0.932420  -1.514772  -2.161033
2.731287  3.931052  0.563277
-0.346388  0.608169  -3.326859
1.017132  1.560996  0.380061
1.204369  1.842363  0.178994
1.814532  1.298791  -3.024817
-1.321098  -2.563160  -1.327418
-1.222881  2.599925  -3.240850
0.108356  -3.696664  3.995423
1.535809  -1.203706  3.095186
-1.698158  -1.460384  0.589392
3.355393  -0.457021  2.169539
-1.780490  -0.003365  1.375554
2.236352  0.186542  -0.328509
3.295930  0.625292  1.891524
0.406604  0.715807  -1.789779
-2.539787  -2.490669  1.630400
1.584102  -2.092848  -0.077801
5.857133  0.748133  1.209872
1.991877  -1.381507  0.281336
-3.420892  1.091289  -0.829347
1.596547  -0.602486  0.390462
-2.055304  -2.008748  -0.765315
-0.891680  -1.205790  -0.769322
0.658883  1.714910  -3.356972
0.940002  -1.536868  4.306526
-3.352674  -1.064251  -0.345681
2.121234  0.230374  1.279879
0.453434  4.869421  -1.714353
-1.336751  0.819772  -4.202367
0.323245  -3.633218  0.201509
-1.408671  -1.488289  2.972652
-0.079201  1.585318  -3.060790
2.514304  0.313363  1.712042
-5.529344  -2.779700  -1.740455
-0.596707  -1.005382  3.724244
-1.312550  -1.360928  -2.662559
3.860581  0.734557  -0.465849
-2.595232  2.969742  2.896487
2.630741  1.541282  0.854690
-0.192611  2.125307  2.365993
1.427217  -1.298385  -2.518241
1.523650  3.137123  2.225011
-3.286425  -1.626857  2.624274
-1.066064  4.330980  1.424498
3.129025  -2.695924  -0.300240
-1.544984  -1.574387  1.785706
0.738173  -1.054086  1.749356
-1.552479  -0.954535  -2.280344
0.907249  -0.110489  0.916278
-1.407264  -2.449365  -0.060697
1.772952  0.610569  1.092488
0.293923  0.867176  -5.323746
-1.305665  0.645531  0.812150
-2.481331  2.370660  6.534590
1.559965  -0.970070  -0.787945
0.961273  -0.378331  -1.061137
-3.062100  -2.799994  -3.009858
0.279108  0.099423  -2.478873
3.225927  3.721509  0.604762
-1.583879  -3.602868  -0.433610
-0.019821  -4.243576  2.708490
2.670037  1.810431  -0.365825
-0.174392  -1.802177  0.310730
-0.802475  1.539232  -2.298797
0.559726  -2.385567  1.584990
0.942886  0.352446  0.571591
3.055525  -0.088367  -0.305399
-3.822180  0.379703  0.483392
-2.028053  -0.822322  -3.275737
0.861056  2.702938  -1.311204
-2.459083  0.202899  -1.336457
1.232242  0.778175  0.516221
0.608320  1.362248  -1.905281
