-1.802660  -0.276614  -1.163266
0.040488  0.415851  1.591486
-0.119824  0.798600  -1.698184
-0.416496  0.402446  -0.689814
-0.537602  0.131755  -1.604949
-0.626250  0.409203  -0.514670
-0.467771  0.341950  -2.410859
-0.420884  0.060935  0.746654
-1.908752  -0.115063  0.439307
-0.782226  0.085286  1.214989
1.710287  0.073260  -3.211598
2.646077  -0.806055  -1.024225
0.876651  1.837941  2.003010
1.373864  0.287461  1.075971
0.355846  -1.858816  0.608080
1.079423  0.191632  -1.366091
-1.576699  -0.795921  -0.547493
0.256027  0.269996  3.202210
1.273067  -1.095050  -3.122689
0.376447  0.824697  -0.345187
-0.807613  0.585310  2.673472
0.504307  -0.496863  0.919768
1.264548  1.074137  -0.505234
-1.148540  1.117590  -2.779739
0.989275  -1.018959  -1.066733
-0.811072  0.187930  0.755372
1.625844  1.176057  -0.415800
3.297901  -0.694468  0.144646
-0.884636  -0.127719  1.378694
0.441889  -1.285106  0.862397
-0.503780  -1.425760  -1.047517
2.922998  -0.078553  0.966630
1.389781  -0.688625  -1.479076
0.452769  -0.950408  -0.011395
-0.158076  -0.496479  1.152931
-0.363223  -1.678597  0.779436
0.565508  0.054774  0.326277
-1.012310  -1.527076  -0.445086
1.356517  -0.096018  0.431080
0.956185  -1.531697  -0.956753
2.011130  1.958569  0.020151
-0.116857  1.356315  -0.232803
-0.695460  1.610367  -1.871272
-0.820394  -0.741718  -0.470945
0.040259  0.263109  0.043931
-0.736871  0.196275  0.226594
-0.915292  -1.627407  -0.779265
0.401058  -1.103214  -0.507937
-2.273417  1.150015  2.010524
-0.646243  -0.188998  -0.778708
0.979473  1.227139  -0.580949
0.817136  0.982092  -1.211876
-1.465408  -0.644843  0.617535
-1.684408  -0.645213  1.289252
0.947876  0.581099  -0.459526
-1.962010  0.252515  0.584306
2.440569  1.964984  0.193869
-0.259308  -0.112017  -0.489922
-0.138576  -1.685639  -0.771980
-0.664287  0.368793  2.107879
1.166260  -1.417029  -0.130335
-0.589908  0.876610  1.471585
0.169519  0.603131  -0.248042
-1.241503  -0.697933  -0.118009
-0.581518  0.814568  1.007743
-0.405876  -1.598425  2.165891
1.477423  0.153279  -1.601985
-4.973781  -0.377739  -2.906104
-1.133695  1.708633  0.864150
-0.612031  -1.248618  -0.571400
-0.660043  1.139102  -1.953965
-1.666073  -0.776164  -0.566180
-1.192824  -0.231249  -0.732548
0.608463  -0.399256  -0.309361
0.014671  0.414926  0.910912
-0.080815  0.184398  1.052927
2.740189  0.766072  0.279246
0.027117  -0.701204  -1.636213
-1.112095  2.281297  0.703978
1.110282  0.526648  0.315047
1.760378  0.296958  0.149223
-0.476982  -0.844011  -0.804792
-0.176749  -0.814633  1.535682
-1.785064  -0.075791  -0.787458
0.205507  0.476342  0.908131
-1.678604  0.849152  -0.838669
0.674300  0.344782  -1.247310
0.829844  -0.953837  1.120533
-0.913644  -0.984265  -0.066088
-0.572826  -0.111247  2.344598
-1.821512  -1.481632  -2.487140
1.880644  1.526250  0.549325
0.438810  -0.472705  -2.214671
0.590876  -1.265765  -0.859367
-0.554787  0.561737  0.337386
0.528830  -2.261941  -1.429411
0.124692  0.996111  0.120729
0.609051  0.571074  2.055680
-0.700125  -0.953951  -2.691654
0.237519  -2.395685  1.093671
2.044770  -1.134498  2.695474
-2.412756  0.048592  2.907034
0.908550  1.400494  0.409912
-0.412754  0.541382  -0.633481
3.543540  3.210876  1.855293
-1.291946  -0.531032  -0.260703
-2.364631  0.841675  -2.772570
0.011646  1.506678  2.259148
2.156605  2.753548  1.175629
-0.028731  0.232264  0.072104
0.182125  0.268111  -2.292440
-0.712374  -0.161391  0.889991
0.282201  0.897368  -0.094345
-1.230736  -1.996990  0.942666
0.176201  0.383393  -1.890782
-0.304575  2.037815  0.954057
1.414142  -0.544217  0.871653
1.607468  0.325996  -0.557623
1.360588  -1.842712  1.997939
1.222810  0.486910  0.503098
-0.272214  -2.181519  -0.030156
-0.920408  0.611109  1.611242
-0.956516  0.937104  -0.258279
-1.205576  -0.290531  -0.085361
-0.382961  0.337260  1.285653
0.382154  -0.891070  -2.037197
-1.378581  0.517533  0.380758
-0.348215  -1.237323  1.510646
