-0.046406  -0.020073  -0.002997
0.016142  0.028434  0.007234
0.008402  -0.024912  0.048297
-0.031399  0.083188  0.014993
-0.016525  0.041503  -0.034658
0.037372  -0.058164  0.026769
0.024137  0.011148  -0.015526
0.013700  0.003129  -0.075702
0.010667  -0.030142  0.050308
-0.047696  -0.023388  -0.004096
-0.007456  0.043910  -0.037728
-0.010763  -0.053328  -0.011372
0.025768  0.006863  -0.010267
-0.013407  -0.016065  0.022505
0.014125  0.027416  0.007015
-0.032563  0.085722  0.013087
-0.010376  -0.053895  -0.012380
0.036307  -0.054232  0.023021
-0.013593  -0.013163  0.027447
0.017081  0.010127  -0.077470
-0.047339  -0.022990  -0.004510
0.019200  0.028865  0.010860
0.009356  -0.029273  0.050020
-0.030893  0.082522  0.016444
-0.011828  0.045378  -0.036351
0.035049  -0.055900  0.027635
0.023888  0.010461  -0.015009
0.018686  0.010408  -0.074699
0.014117  -0.030386  0.047360
-0.046278  -0.022982  -0.002791
-0.010084  0.042552  -0.038410
-0.010051  -0.049358  -0.012618
0.022131  0.006101  -0.014366
-0.015399  -0.013401  0.024196
0.016778  0.027355  0.010325
-0.031077  0.082235  0.011724
-0.009831  -0.053996  -0.010978
0.035211  -0.051478  0.025749
-0.012405  -0.017755  0.028271
0.019395  0.015708  -0.075778
-0.042635  -0.023737  -0.002874
0.018083  0.027838  0.011038
0.004943  -0.024781  0.051478
-0.034986  0.081900  0.014721
-0.011688  0.041608  -0.037066
0.032026  -0.056855  0.025119
0.031402  0.013403  -0.014961
0.019499  0.009228  -0.069842
0.007002  -0.025226  0.049632
-0.042861  -0.023991  -0.003367
-0.014697  0.042931  -0.036856
-0.006595  -0.051744  -0.010952
0.025285  0.004607  -0.009295
-0.014131  -0.009955  0.021814
0.019118  0.030011  0.010934
-0.034436  0.084617  0.017539
-0.007636  -0.054161  -0.013401
0.031236  -0.051623  0.024984
-0.015447  -0.018850  0.025001
0.021569  0.015510  -0.075704
-0.042862  -0.023687  -0.005424
0.014946  0.023974  0.004155
0.008797  -0.026957  0.048357
-0.037272  0.083466  0.012887
-0.011714  0.043679  -0.038547
0.033940  -0.056460  0.026997
0.027668  0.010853  -0.017197
0.017596  0.009096  -0.075464
0.007274  -0.030539  0.050066
-0.041793  -0.020448  -0.003400
-0.015148  0.043695  -0.037108
-0.003887  -0.049939  -0.010272
0.028623  0.005807  -0.011092
-0.015113  -0.014485  0.023672
0.013618  0.024104  0.003638
-0.035735  0.085274  0.016289
-0.010318  -0.055151  -0.013480
0.033443  -0.053892  0.025425
-0.012444  -0.019051  0.027159
0.015745  0.009957  -0.079364
-0.048479  -0.025427  -0.002748
0.014886  0.027816  0.006747
0.007784  -0.020031  0.050314
-0.033315  0.082801  0.013516
-0.010879  0.042054  -0.034376
0.035893  -0.052085  0.028618
0.023836  0.011719  -0.013953
0.020600  0.011473  -0.075535
0.012498  -0.031391  0.047532
-0.043000  -0.018689  -0.004201
-0.009718  0.042323  -0.037232
-0.008577  -0.051021  -0.011959
0.022978  0.006401  -0.015782
-0.017083  -0.010861  0.023264
0.017370  0.027291  0.005452
-0.029228  0.084414  0.012021
-0.010074  -0.054393  -0.011563
0.035978  -0.053525  0.023812
-0.012642  -0.015712  0.028248
0.016770  0.014421  -0.080071
-0.048222  -0.021442  -0.003445
0.013619  0.025331  0.010865
0.010543  -0.025025  0.047683
-0.032272  0.082647  0.016514
-0.011274  0.042733  -0.034190
0.035559  -0.056502  0.029617
0.024136  0.013504  -0.016606
0.018771  0.010257  -0.074453
0.009747  -0.033726  0.051573
-0.044494  -0.017389  -0.004009
-0.012447  0.043170  -0.038949
-0.011321  -0.054471  -0.014099
0.024738  0.006152  -0.014893
-0.013204  -0.013358  0.025247
0.016493  0.025770  0.009993
-0.029115  0.082954  0.015035
-0.008724  -0.051841  -0.010848
0.035701  -0.056631  0.023552
-0.014583  -0.013206  0.026050
0.017012  0.010677  -0.075106
-0.040129  -0.018481  -0.003124
0.014899  0.023322  0.008718
0.008604  -0.020363  0.047287
-0.034591  0.079600  0.013877
-0.008745  0.041569  -0.036865
0.031206  -0.053469  0.026807
0.026070  0.008816  -0.012939
0.016434  0.008871  -0.074081
0.006506  -0.027015  0.051572
-0.041299  -0.019898  -0.003431
-0.016381  0.042774  -0.035627
-0.005454  -0.051109  -0.010623
0.029109  0.007650  -0.013520
-0.013688  -0.014234  0.025304
0.018500  0.027803  0.010743
-0.033492  0.084125  0.016893
-0.008850  -0.056877  -0.012849
0.033364  -0.055975  0.023459
-0.014460  -0.017659  0.026630
0.018493  0.009115  -0.076067
-0.042830  -0.021349  -0.003959
0.015099  0.024040  0.003667
0.006507  -0.028832  0.050743
-0.034833  0.083590  0.015378
-0.012995  0.043021  -0.040262
0.031401  -0.057687  0.027113
0.029324  0.010508  -0.015106
0.017945  0.009770  -0.076485
0.008496  -0.024456  0.049676
-0.043177  -0.024903  -0.003771
-0.011053  0.042827  -0.034643
-0.004738  -0.051905  -0.010221
0.027202  0.006977  -0.012572
-0.014071  -0.012906  0.024094
0.020903  0.031077  0.006674
-0.035780  0.085468  0.016151
-0.008904  -0.052408  -0.013816
0.033991  -0.055771  0.023797
-0.015597  -0.017482  0.027403
0.020104  0.011649  -0.077109
-0.023008  0.007790  0.014248
-0.015858  0.008567  0.075884
0.011492  -0.017738  -0.023458
-0.032632  -0.050378  -0.027348
0.006989  -0.053592  0.011773
0.033839  0.082118  -0.011595
0.043205  -0.021302  0.002737
-0.018060  0.026085  -0.003409
0.015578  -0.014522  -0.024377
-0.027927  0.008787  0.012079
0.006636  -0.053011  0.011747
0.009850  0.039428  0.034754
0.048996  -0.023846  0.002072
-0.009060  -0.022304  -0.044941
-0.018361  0.009686  0.075622
-0.034458  -0.051721  -0.022359
0.013880  0.042746  0.036886
0.032594  0.081959  -0.014521
-0.005539  -0.026364  -0.052146
-0.020663  0.028420  -0.007337
-0.023686  0.008051  0.014048
-0.016010  0.010103  0.074152
0.012534  -0.016359  -0.022960
-0.031959  -0.053667  -0.028130
0.006443  -0.051811  0.011306
0.034165  0.080698  -0.014958
0.044483  -0.025523  0.004782
-0.017366  0.023979  -0.009140
0.013799  -0.015978  -0.027329
-0.028410  0.007400  0.014270
0.009287  -0.055330  0.011851
0.012853  0.042248  0.036971
0.048287  -0.020365  0.002057
-0.006886  -0.025670  -0.050826
-0.016453  0.009032  0.073555
-0.033473  -0.052894  -0.022616
0.013052  0.043777  0.037537
0.032275  0.082300  -0.017655
-0.008166  -0.028511  -0.048281
-0.018834  0.024277  -0.011939
-0.023746  0.006310  0.010799
-0.017851  0.009710  0.070200
0.014129  -0.014318  -0.021255
-0.031524  -0.051316  -0.024265
0.006421  -0.054654  0.009591
0.032171  0.083932  -0.013280
0.046676  -0.019355  0.001397
-0.020940  0.028542  -0.012557
0.013584  -0.016548  -0.022365
-0.023477  0.010052  0.012361
0.008598  -0.054101  0.012970
0.009637  0.042577  0.035077
0.045382  -0.026486  0.003286
-0.009848  -0.022053  -0.050623
-0.019189  0.012613  0.073795
-0.034806  -0.055595  -0.022829
0.013021  0.042970  0.036201
0.031851  0.084255  -0.015306
-0.008803  -0.033634  -0.050346
-0.020939  0.026402  -0.010773
-0.026741  0.006763  0.011311
-0.015424  0.010162  0.076591
0.012326  -0.015572  -0.023175
-0.033594  -0.052144  -0.026143
0.008552  -0.055007  0.012118
0.033505  0.083817  -0.013107
0.046991  -0.019355  0.001812
-0.015950  0.023971  -0.007267
0.014160  -0.016642  -0.023693
-0.026462  0.011268  0.014936
0.008036  -0.052711  0.009920
0.009999  0.043098  0.036463
0.045640  -0.023686  0.005373
-0.010678  -0.026669  -0.050967
-0.017162  0.013340  0.079455
-0.036381  -0.054455  -0.022886
0.014244  0.045071  0.036507
0.031168  0.084127  -0.012927
-0.009408  -0.027991  -0.047988
-0.019328  0.025479  -0.003960
-0.023229  0.007212  0.008981
-0.012686  0.003144  0.074184
0.013128  -0.012931  -0.021866
-0.033559  -0.055610  -0.025502
0.006075  -0.053532  0.011727
0.034026  0.085340  -0.014549
0.042879  -0.021581  0.003979
-0.020085  0.027744  -0.006208
0.012909  -0.017415  -0.025252
-0.029972  0.009938  0.013726
0.007735  -0.056419  0.012261
0.009684  0.040302  0.034926
0.048031  -0.022661  0.001215
-0.007088  -0.023999  -0.050333
-0.014592  0.008134  0.076701
-0.033839  -0.051492  -0.024678
0.013080  0.043006  0.037829
0.033070  0.083258  -0.015964
-0.009518  -0.029073  -0.047319
-0.014140  0.020046  -0.005403
-0.022605  0.006993  0.012231
-0.016014  0.009598  0.072688
0.012492  -0.017357  -0.022639
-0.031440  -0.053201  -0.027016
0.005551  -0.051756  0.011917
0.033645  0.080974  -0.014649
0.043080  -0.018928  0.004184
-0.023297  0.028747  -0.009526
0.015266  -0.013295  -0.026221
-0.027617  0.009900  0.016472
0.007326  -0.053645  0.011750
0.010882  0.040484  0.035731
0.048542  -0.022284  0.004315
-0.009208  -0.023220  -0.047562
-0.019549  0.013463  0.074369
-0.032433  -0.050178  -0.022907
0.011286  0.046199  0.038160
0.030912  0.079468  -0.016096
-0.006359  -0.024401  -0.049796
-0.020098  0.024281  -0.010861
-0.027123  0.008227  0.012029
-0.013187  0.007913  0.073868
0.012162  -0.015936  -0.021122
-0.031632  -0.051672  -0.026470
0.007223  -0.056538  0.010056
0.029595  0.082939  -0.013773
0.050296  -0.024959  0.001261
-0.017254  0.021267  -0.011493
0.015586  -0.015028  -0.024180
-0.026278  0.011386  0.015739
0.009412  -0.053234  0.011706
0.015087  0.041315  0.037510
0.042345  -0.018564  0.004252
-0.008781  -0.030404  -0.050378
-0.018383  0.014647  0.074825
-0.033661  -0.051984  -0.024683
0.008686  0.043817  0.034635
0.033520  0.083081  -0.014059
-0.012324  -0.026757  -0.049165
-0.016682  0.025020  -0.007781
-0.024756  0.008522  0.012144
-0.016356  0.012180  0.076311
0.013625  -0.015487  -0.022418
-0.032650  -0.053612  -0.025726
0.007975  -0.051354  0.010586
0.030027  0.083966  -0.013887
0.049546  -0.022551  0.002976
-0.018756  0.024307  -0.007247
0.015179  -0.015179  -0.023188
-0.023808  0.009705  0.015334
0.008232  -0.055120  0.010079
0.009975  0.045887  0.037987
0.044194  -0.020538  0.005628
-0.010296  -0.028993  -0.052675
-0.018963  0.013183  0.077268
-0.035928  -0.054419  -0.022983
0.014040  0.044646  0.036834
0.034644  0.085373  -0.015570
-0.009164  -0.030089  -0.050029
-0.016816  0.025910  -0.006004
