2.159622  -1.267192  -0.649389
-0.983697  -0.585305  0.688633
0.048281  0.151377  0.398171
-0.313758  -0.081974  0.536883
0.822201  1.677811  0.491400
-1.622273  0.049171  1.409629
0.094176  0.139058  0.925380
-0.417529  -0.882343  -1.842134
0.259678  -0.980032  1.941033
-4.006715  -0.533609  -1.798235
3.011042  -0.286266  2.047859
0.830060  -0.188637  -0.135438
-0.378565  -0.692486  -0.087615
0.045484  0.294222  -0.740262
0.663524  -0.468241  -0.984387
0.547056  -2.127240  -0.163078
1.535918  -0.068126  -1.418576
0.619659  1.589446  0.231426
0.746847  1.674476  -0.435684
0.821944  0.633220  -0.150629
-4.030566  0.190036  1.038572
0.377367  0.506433  -1.528581
2.458906  0.635416  0.477917
0.579761  0.119555  0.076069
0.434249  -1.937414  0.826361
-0.764685  -1.046219  -1.071151
1.895731  -4.297305  2.759216
0.284159  -0.483348  -0.156661
0.135904  -1.345635  0.725059
-1.332731  0.317170  -0.664429
0.897443  0.259708  1.044966
1.173229  0.699090  0.731463
0.444522  -0.737278  0.582484
-0.346389  0.352996  0.226200
-0.855572  0.533183  0.523981
0.084351  -0.173499  -0.083137
0.369037  0.191778  -0.175682
0.221074  -1.154802  -0.574514
-0.800288  1.494312  -1.431117
2.271572  1.673912  -1.254364
-0.153129  -0.626703  -0.832226
3.328267  -0.891581  1.368674
0.733669  0.639148  -0.691020
3.220833  -0.926836  0.119443
0.242329  -0.502105  -1.121431
0.646911  -0.392096  0.932520
0.475937  0.762034  0.128173
1.555162  1.070486  -4.008864
-1.414004  0.028747  -1.219284
-1.303348  1.717769  1.532579
-2.330397  -1.586678  0.427665
-1.548806  1.398160  -0.287412
0.517517  1.434460  -1.064450
-2.140064  -1.256002  -2.394633
-1.722577  2.078133  -2.585171
0.486277  0.974476  0.173605
1.378557  0.743430  -0.789874
4.959106  -1.348756  1.224635
0.757706  0.151970  0.784549
0.856577  1.479102  1.661882
0.679730  0.328481  -0.201661
0.653592  -0.999867  0.528670
-0.526568  0.187475  0.379789
-0.140843  0.071079  -0.560439
0.240932  1.595863  -2.055383
-0.646723  0.541124  -0.096270
-4.674247  -2.247436  1.259097
2.180253  0.584640  -1.390482
-3.101550  -2.056788  0.959785
0.873372  1.256981  -2.119372
-1.467139  1.807652  -1.968433
-0.317714  -1.005878  -0.339591
0.404602  0.026069  -0.196646
-2.665127  3.444155  1.965805
1.221679  -1.668305  1.105945
3.270085  1.612367  -0.121904
-1.352894  0.793824  1.144470
-0.003442  -1.939893  -0.222280
-0.365891  0.294983  0.491432
-0.406495  -0.205268  -0.980441
-1.658067  -0.668698  0.933960
0.295457  1.424994  -0.117870
1.279432  0.449192  0.765250
0.560528  0.216578  -1.230448
-1.439449  -1.248910  -0.315378
1.106278  0.458661  -0.029579
-0.488508  0.535800  -2.355900
0.214312  1.049140  -1.359956
-1.612176  -0.513325  2.506622
0.427143  -0.025058  -0.424648
-0.065400  -0.189418  -0.255897
-0.714446  1.346735  -0.164462
1.017489  -0.344706  0.608801
-0.610043  0.444444  0.698758
0.991596  0.282227  -0.062775
0.520023  0.622979  -0.603716
-0.627542  -0.878416  1.436711
-0.850574  -0.336577  1.190921
-0.511074  1.591614  -2.580781
-0.986838  1.603737  -1.474023
-1.267566  0.349024  0.965768
1.300097  -3.752796  -0.427624
2.539129  -1.138865  0.630995
-0.718168  -0.266608  -0.441474
-0.015213  0.987754  -0.500570
1.350198  -1.099471  0.624389
-2.273637  -2.789290  -0.086654
-4.021311  7.056021  -1.847864
0.739716  1.397805  1.328172
-0.994004  -0.370643  0.273601
-0.487629  0.272029  -0.908008
-1.577855  -1.709322  -1.397515
-1.128529  0.515510  0.281840
-1.398879  0.075427  1.665339
-0.187483  -0.523932  1.190783
-3.264562  2.018857  -0.318408
0.592213  -0.668020  -0.583495
2.824623  -2.097470  -0.263961
0.315737  -1.140994  -0.482348
1.157523  -2.244297  1.093720
-0.579794  1.392182  0.611609
-1.804075  -0.235077  0.885873
0.302114  0.838289  2.450976
0.525898  1.579542  0.837531
0.371899  -1.456206  0.510802
1.008814  -0.583025  -0.687389
-1.358627  -1.287235  2.872642
0.819068  -2.154014  1.276596
