-0.004144  0.008380  -0.000038
-0.004921  -0.018347  -0.001008
-0.009509  -0.001016  0.004813
0.000196  0.007384  -0.001956
0.000546  -0.007256  0.000028
0.011468  0.000376  -0.001995
0.002786  0.018498  0.001081
0.005686  -0.007713  -0.000225
-0.001281  -0.001232  -0.000049
-0.006847  0.004185  0.000686
0.011676  -0.002326  -0.004253
0.013174  -0.019630  -0.006616
-0.009204  -0.000023  0.005046
0.012297  0.000640  0.003060
-0.013223  0.013047  0.007431
-0.010937  0.009523  0.001677
0.006853  0.016599  -0.004916
0.006227  0.006051  0.005573
-0.007276  -0.010556  -0.013440
0.007566  -0.004195  -0.017377
-0.004772  -0.000518  0.005217
-0.018810  -0.003621  -0.010335
0.011875  0.008467  0.001039
-0.000764  -0.006845  -0.002080
-0.000071  -0.002815  0.010178
0.005661  -0.009714  -0.000579
0.001987  -0.029879  0.013816
-0.001246  0.004410  -0.014000
0.005364  -0.006816  0.032489
0.000211  -0.000953  0.011743
0.010663  -0.015678  0.000289
0.012005  0.001215  -0.006034
-0.019475  0.001640  -0.010305
-0.003362  -0.008835  0.001977
0.013163  0.015119  -0.009411
-0.027812  0.022433  -0.015748
0.016057  -0.010842  0.016436
-0.012914  -0.007667  0.014375
0.029125  0.007282  -0.032550
0.004128  0.038312  -0.027446
0.006417  0.008602  0.017236
-0.000911  0.000715  0.010032
-0.004076  -0.007305  -0.000196
0.014793  0.018879  -0.005218
-0.014005  -0.011341  -0.014715
-0.001996  -0.003451  -0.009573
-0.084505  -0.086148  -0.100365
-0.000915  0.020088  -0.015632
0.075497  0.123470  0.008831
-0.000403  0.014261  0.003876
0.009546  0.014108  0.003368
0.003047  0.033081  0.067164
0.004204  0.000076  0.010034
-0.005802  0.001379  -0.004779
-0.007639  0.006599  -0.006568
-0.004189  0.018462  0.000455
-0.076048  0.123555  -0.009938
0.029043  0.023089  0.014500
-0.029941  -0.030652  -0.019983
0.075472  -0.046610  -0.116307
0.009482  -0.115008  -0.213121
-0.001839  -0.001282  -0.011243
0.010807  0.002486  -0.001825
-0.009074  -0.004393  -0.007091
0.004210  -0.008405  0.014746
-0.005521  -0.000446  -0.005398
-0.006651  -0.005987  -0.031596
-0.007670  0.017159  0.005940
-0.010119  -0.113959  0.214269
0.005437  -0.012554  -0.009884
0.003476  0.029891  -0.025208
-0.005277  -0.049701  0.013479
0.000441  -0.013673  0.002546
0.009783  -0.001425  -0.002748
0.001881  0.000148  -0.010138
-0.001058  0.003164  0.011077
-0.000768  -0.003217  0.010373
-0.002906  0.037436  0.028437
0.005455  -0.049218  -0.013958
0.005709  0.011948  -0.010170
-0.007702  0.002039  -0.008443
0.001471  -0.016985  -0.006858
-0.013908  0.009629  0.013345
0.009175  -0.015140  0.002444
-0.008354  0.003775  -0.008635
-0.008049  0.010627  -0.014618
0.011101  0.013221  0.001723
-0.005349  0.031990  -0.067332
-0.001341  -0.014766  0.009269
-0.031323  0.028904  -0.018559
0.003169  -0.028029  -0.024679
0.001526  0.015221  -0.006298
0.001117  0.032612  0.014620
0.031533  -0.007797  -0.034081
0.003393  -0.033145  0.067992
-0.001351  -0.001493  0.001125
0.008285  0.002751  -0.016617
0.006772  -0.007839  0.007585
-0.000634  0.015674  0.008324
-0.087703  0.086154  -0.099242
0.073888  0.047832  -0.117438
-0.003260  0.048297  0.012203
-0.000694  -0.005986  -0.014468
0.005636  -0.037650  -0.027951
0.008135  -0.010378  0.015183
-0.006169  -0.002496  0.000641
-0.001120  0.000853  0.011257
0.004983  0.050670  -0.011558
-0.000842  -0.020228  -0.014398
0.012421  0.114742  -0.213867
0.007432  -0.016054  -0.005828
0.003071  0.005607  0.032508
0.002967  -0.002871  -0.010893
0.014219  -0.006791  -0.001485
0.006883  0.004262  0.007476
-0.013195  0.113645  0.216473
-0.026825  -0.024158  -0.015253
0.074932  -0.124364  0.007260
0.002392  -0.016580  -0.000430
0.005949  -0.005581  0.005693
-0.006938  0.007154  -0.016757
0.010984  0.006258  -0.012351
-0.004987  -0.032295  -0.067443
-0.076113  -0.123585  -0.009341
-0.000770  0.004290  0.009398
0.016642  0.012871  0.014688
-0.011872  -0.020164  0.006595
0.005723  0.006845  -0.000123
-0.002367  0.000956  -0.009995
0.014640  0.000885  0.014831
-0.003076  -0.037632  0.027775
-0.015554  0.011129  -0.015583
0.028685  -0.023087  0.015247
-0.013645  -0.014790  0.009432
0.005412  0.007521  -0.001812
0.018867  -0.001412  0.009768
-0.014530  -0.002406  0.003650
-0.005503  -0.008677  -0.015908
0.016725  -0.001053  0.013694
-0.005035  0.005566  -0.030063
-0.004559  0.008388  0.001350
-0.001663  0.003971  -0.008801
0.000886  0.007587  0.001299
-0.011162  -0.008703  0.001121
0.019461  0.003846  0.010985
0.002008  -0.001129  -0.005137
0.001241  0.000792  -0.012208
0.009207  -0.003376  -0.011244
-0.007685  -0.005691  -0.005045
-0.008350  -0.015410  0.004082
0.012576  -0.007928  -0.001934
0.013682  -0.014266  -0.009501
-0.011741  0.001302  -0.004894
0.011305  -0.001208  -0.003482
-0.011019  0.020704  0.006143
-0.014372  0.000158  0.005581
0.009687  0.011819  0.013381
0.013251  0.006211  -0.002142
0.005029  -0.007926  -0.004878
0.004944  -0.003149  -0.001077
-0.006542  -0.002441  0.003585
-0.001834  -0.001248  0.000540
0.003762  0.001985  -0.002090
-0.004178  0.008230  0.005907
0.007873  -0.005960  0.004080
-0.013369  -0.006662  0.002232
0.002640  0.001922  0.011134
-0.001208  -0.014581  0.000227
-0.006143  0.001963  0.008016
-0.005630  0.012068  -0.002560
0.002777  0.004745  0.006558
-0.013208  0.004457  0.013367
0.001912  -0.003477  0.011674
-0.000637  -0.002550  -0.000086
-0.016065  0.007753  0.004080
0.016833  0.001300  0.003082
-0.014110  0.000174  -0.014366
-0.004827  0.002601  0.004633
-0.001192  -0.016276  0.000013
-0.006939  0.008662  -0.050365
0.003108  -0.003744  0.006913
-0.013349  -0.002776  -0.012584
0.008038  0.000697  -0.006808
-0.000940  -0.072851  0.000525
0.007659  0.005312  0.002183
-0.012178  -0.003690  0.012909
0.017052  0.007768  -0.003055
-0.000192  0.230097  0.001223
0.003536  0.007463  -0.006660
-0.012892  0.006702  0.002518
0.006386  0.009068  0.052554
-0.001691  -0.024246  0.001928
0.002820  0.016775  0.014082
0.003970  0.012812  0.002225
0.006269  0.004438  -0.000374
0.085452  -0.085719  0.098945
0.002686  0.004076  0.015107
-0.001643  -0.016983  0.001271
-0.073050  -0.045948  0.114122
0.000468  -0.030364  -0.014810
-0.006076  -0.003587  0.016127
0.031128  -0.028888  0.017855
-0.030215  0.008584  0.033350
-0.001944  -0.000954  0.001031
-0.001705  0.029958  0.023711
0.011923  -0.009692  -0.014540
-0.009242  -0.013513  -0.002527
-0.004687  -0.010485  0.008427
-0.009361  0.015685  -0.002144
-0.001772  0.013880  0.001010
0.009293  -0.000788  0.005920
-0.005668  -0.013780  -0.003626
-0.001806  0.013388  -0.003869
0.001905  0.001383  -0.011107
-0.005465  0.011930  0.009051
-0.011290  0.002910  0.002001
-0.000885  0.023962  -0.000416
-0.001804  -0.028033  0.023475
-0.007644  -0.005958  -0.051054
-0.005382  -0.009032  0.006747
0.002649  0.000721  0.011950
0.005890  0.000555  0.003251
0.032346  0.030457  0.017285
-0.011105  -0.001750  0.000896
-0.000775  -0.229480  -0.001410
-0.072930  0.045535  0.116523
-0.013924  -0.008573  0.003877
-0.010472  -0.005780  -0.002627
-0.001965  -0.015494  -0.004234
0.004924  0.000320  0.003844
0.087320  0.084633  0.097712
-0.008500  -0.014654  -0.001164
-0.000939  0.074825  0.000512
0.002740  -0.016213  0.017344
-0.007642  -0.000418  0.007005
-0.000710  0.004664  -0.005312
0.013574  0.009563  -0.014373
0.003827  -0.001234  -0.011656
0.006533  -0.007939  0.048510
-0.034121  -0.008787  0.035848
-0.001005  0.017195  0.000105
0.005711  -0.000163  -0.004788
-0.016497  0.000369  -0.002044
-0.000923  0.032039  -0.014193
-0.009359  0.014204  -0.002589
0.015510  -0.008495  -0.004384
0.002104  -0.005645  0.015061
-0.001137  0.004584  0.000216
-0.001672  0.002903  -0.012367
-0.001470  -0.004952  -0.008302
0.003438  -0.015028  0.003257
-0.006515  0.003044  0.016493
0.009310  0.000089  -0.008926
-0.001346  0.013266  0.000247
-0.001830  -0.002643  -0.012242
-0.009935  0.004319  -0.003413
-0.004144  0.008380  -0.000038
-0.004921  -0.018347  -0.001008
-0.009509  -0.001016  0.004813
0.000196  0.007384  -0.001956
0.000546  -0.007256  0.000028
0.011468  0.000376  -0.001995
0.002786  0.018498  0.001081
0.005686  -0.007713  -0.000225
-0.001281  -0.001232  -0.000049
-0.006847  0.004185  0.000686
0.011676  -0.002326  -0.004253
0.013174  -0.019630  -0.006616
-0.009204  -0.000023  0.005046
0.012297  0.000640  0.003060
-0.013223  0.013047  0.007431
-0.010937  0.009523  0.001677
0.006853  0.016599  -0.004916
0.006227  0.006051  0.005573
-0.007276  -0.010556  -0.013440
0.007566  -0.004195  -0.017377
-0.004772  -0.000518  0.005217
-0.018810  -0.003621  -0.010335
0.011875  0.008467  0.001039
-0.000764  -0.006845  -0.002080
-0.000071  -0.002815  0.010178
0.005661  -0.009714  -0.000579
0.001987  -0.029879  0.013816
-0.001246  0.004410  -0.014000
0.005364  -0.006816  0.032489
0.000211  -0.000953  0.011743
0.010663  -0.015678  0.000289
0.012005  0.001215  -0.006034
-0.019475  0.001640  -0.010305
-0.003362  -0.008835  0.001977
0.013163  0.015119  -0.009411
-0.027812  0.022433  -0.015748
0.016057  -0.010842  0.016436
-0.012914  -0.007667  0.014375
0.029125  0.007282  -0.032550
0.004128  0.038312  -0.027446
0.006417  0.008602  0.017236
-0.000911  0.000715  0.010032
-0.004076  -0.007305  -0.000196
0.014793  0.018879  -0.005218
-0.014005  -0.011341  -0.014715
-0.001996  -0.003451  -0.009573
-0.084505  -0.086148  -0.100365
-0.000915  0.020088  -0.015632
0.075497  0.123470  0.008831
-0.000403  0.014261  0.003876
0.009546  0.014108  0.003368
0.003047  0.033081  0.067164
0.004204  0.000076  0.010034
-0.005802  0.001379  -0.004779
-0.007639  0.006599  -0.006568
-0.004189  0.018462  0.000455
-0.076048  0.123555  -0.009938
0.029043  0.023089  0.014500
-0.029941  -0.030652  -0.019983
0.075472  -0.046610  -0.116307
0.009482  -0.115008  -0.213121
-0.001839  -0.001282  -0.011243
0.010807  0.002486  -0.001825
-0.009074  -0.004393  -0.007091
0.004210  -0.008405  0.014746
-0.005521  -0.000446  -0.005398
-0.006651  -0.005987  -0.031596
-0.007670  0.017159  0.005940
-0.010119  -0.113959  0.214269
0.005437  -0.012554  -0.009884
0.003476  0.029891  -0.025208
-0.005277  -0.049701  0.013479
0.000441  -0.013673  0.002546
0.009783  -0.001425  -0.002748
0.001881  0.000148  -0.010138
-0.001058  0.003164  0.011077
-0.000768  -0.003217  0.010373
-0.002906  0.037436  0.028437
0.005455  -0.049218  -0.013958
0.005709  0.011948  -0.010170
-0.007702  0.002039  -0.008443
0.001471  -0.016985  -0.006858
-0.013908  0.009629  0.013345
0.009175  -0.015140  0.002444
-0.008354  0.003775  -0.008635
-0.008049  0.010627  -0.014618
0.011101  0.013221  0.001723
-0.005349  0.031990  -0.067332
-0.001341  -0.014766  0.009269
-0.031323  0.028904  -0.018559
0.003169  -0.028029  -0.024679
0.001526  0.015221  -0.006298
0.001117  0.032612  0.014620
0.031533  -0.007797  -0.034081
0.003393  -0.033145  0.067992
-0.001351  -0.001493  0.001125
0.008285  0.002751  -0.016617
0.006772  -0.007839  0.007585
-0.000634  0.015674  0.008324
-0.087703  0.086154  -0.099242
0.073888  0.047832  -0.117438
-0.003260  0.048297  0.012203
-0.000694  -0.005986  -0.014468
0.005636  -0.037650  -0.027951
0.008135  -0.010378  0.015183
-0.006169  -0.002496  0.000641
-0.001120  0.000853  0.011257
0.004983  0.050670  -0.011558
-0.000842  -0.020228  -0.014398
0.012421  0.114742  -0.213867
0.007432  -0.016054  -0.005828
0.003071  0.005607  0.032508
0.002967  -0.002871  -0.010893
0.014219  -0.006791  -0.001485
0.006883  0.004262  0.007476
-0.013195  0.113645  0.216473
-0.026825  -0.024158  -0.015253
0.074932  -0.124364  0.007260
0.002392  -0.016580  -0.000430
0.005949  -0.005581  0.005693
-0.006938  0.007154  -0.016757
0.010984  0.006258  -0.012351
-0.004987  -0.032295  -0.067443
-0.076113  -0.123585  -0.009341
-0.000770  0.004290  0.009398
0.016642  0.012871  0.014688
-0.011872  -0.020164  0.006595
0.005723  0.006845  -0.000123
-0.002367  0.000956  -0.009995
0.014640  0.000885  0.014831
-0.003076  -0.037632  0.027775
-0.015554  0.011129  -0.015583
0.028685  -0.023087  0.015247
-0.013645  -0.014790  0.009432
0.005412  0.007521  -0.001812
0.018867  -0.001412  0.009768
-0.014530  -0.002406  0.003650
-0.005503  -0.008677  -0.015908
0.016725  -0.001053  0.013694
-0.005035  0.005566  -0.030063
-0.004559  0.008388  0.001350
-0.001663  0.003971  -0.008801
0.000886  0.007587  0.001299
-0.011162  -0.008703  0.001121
0.019461  0.003846  0.010985
0.002008  -0.001129  -0.005137
0.001241  0.000792  -0.012208
0.009207  -0.003376  -0.011244
-0.007685  -0.005691  -0.005045
-0.008350  -0.015410  0.004082
0.012576  -0.007928  -0.001934
0.013682  -0.014266  -0.009501
-0.011741  0.001302  -0.004894
0.011305  -0.001208  -0.003482
-0.011019  0.020704  0.006143
-0.014372  0.000158  0.005581
0.009687  0.011819  0.013381
0.013251  0.006211  -0.002142
0.005029  -0.007926  -0.004878
0.004944  -0.003149  -0.001077
-0.006542  -0.002441  0.003585
-0.001834  -0.001248  0.000540
0.003762  0.001985  -0.002090
-0.004178  0.008230  0.005907
0.007873  -0.005960  0.004080
-0.013369  -0.006662  0.002232
0.002640  0.001922  0.011134
-0.001208  -0.014581  0.000227
-0.006143  0.001963  0.008016
-0.005630  0.012068  -0.002560
0.002777  0.004745  0.006558
-0.013208  0.004457  0.013367
0.001912  -0.003477  0.011674
-0.000637  -0.002550  -0.000086
-0.016065  0.007753  0.004080
0.016833  0.001300  0.003082
-0.014110  0.000174  -0.014366
-0.004827  0.002601  0.004633
-0.001192  -0.016276  0.000013
-0.006939  0.008662  -0.050365
0.003108  -0.003744  0.006913
-0.013349  -0.002776  -0.012584
0.008038  0.000697  -0.006808
-0.000940  -0.072851  0.000525
0.007659  0.005312  0.002183
-0.012178  -0.003690  0.012909
0.017052  0.007768  -0.003055
-0.000192  0.230097  0.001223
0.003536  0.007463  -0.006660
-0.012892  0.006702  0.002518
0.006386  0.009068  0.052554
-0.001691  -0.024246  0.001928
0.002820  0.016775  0.014082
0.003970  0.012812  0.002225
0.006269  0.004438  -0.000374
0.085452  -0.085719  0.098945
0.002686  0.004076  0.015107
-0.001643  -0.016983  0.001271
-0.073050  -0.045948  0.114122
0.000468  -0.030364  -0.014810
-0.006076  -0.003587  0.016127
0.031128  -0.028888  0.017855
-0.030215  0.008584  0.033350
-0.001944  -0.000954  0.001031
-0.001705  0.029958  0.023711
0.011923  -0.009692  -0.014540
-0.009242  -0.013513  -0.002527
-0.004687  -0.010485  0.008427
-0.009361  0.015685  -0.002144
-0.001772  0.013880  0.001010
0.009293  -0.000788  0.005920
-0.005668  -0.013780  -0.003626
-0.001806  0.013388  -0.003869
0.001905  0.001383  -0.011107
-0.005465  0.011930  0.009051
-0.011290  0.002910  0.002001
-0.000885  0.023962  -0.000416
-0.001804  -0.028033  0.023475
-0.007644  -0.005958  -0.051054
-0.005382  -0.009032  0.006747
0.002649  0.000721  0.011950
0.005890  0.000555  0.003251
0.032346  0.030457  0.017285
-0.011105  -0.001750  0.000896
-0.000775  -0.229480  -0.001410
-0.072930  0.045535  0.116523
-0.013924  -0.008573  0.003877
-0.010472  -0.005780  -0.002627
-0.001965  -0.015494  -0.004234
0.004924  0.000320  0.003844
0.087320  0.084633  0.097712
-0.008500  -0.014654  -0.001164
-0.000939  0.074825  0.000512
0.002740  -0.016213  0.017344
-0.007642  -0.000418  0.007005
-0.000710  0.004664  -0.005312
0.013574  0.009563  -0.014373
0.003827  -0.001234  -0.011656
0.006533  -0.007939  0.048510
-0.034121  -0.008787  0.035848
-0.001005  0.017195  0.000105
0.005711  -0.000163  -0.004788
-0.016497  0.000369  -0.002044
-0.000923  0.032039  -0.014193
-0.009359  0.014204  -0.002589
0.015510  -0.008495  -0.004384
0.002104  -0.005645  0.015061
-0.001137  0.004584  0.000216
-0.001672  0.002903  -0.012367
-0.001470  -0.004952  -0.008302
0.003438  -0.015028  0.003257
-0.006515  0.003044  0.016493
0.009310  0.000089  -0.008926
-0.001346  0.013266  0.000247
-0.001830  -0.002643  -0.012242
-0.009935  0.004319  -0.003413
-0.004144  0.008380  -0.000038
-0.004921  -0.018347  -0.001008
-0.009509  -0.001016  0.004813
0.000196  0.007384  -0.001956
0.000546  -0.007256  0.000028
0.011468  0.000376  -0.001995
0.002786  0.018498  0.001081
0.005686  -0.007713  -0.000225
-0.001281  -0.001232  -0.000049
-0.006847  0.004185  0.000686
0.011676  -0.002326  -0.004253
0.013174  -0.019630  -0.006616
-0.009204  -0.000023  0.005046
0.012297  0.000640  0.003060
-0.013223  0.013047  0.007431
-0.010937  0.009523  0.001677
0.006853  0.016599  -0.004916
0.006227  0.006051  0.005573
-0.007276  -0.010556  -0.013440
0.007566  -0.004195  -0.017377
-0.004772  -0.000518  0.005217
-0.018810  -0.003621  -0.010335
0.011875  0.008467  0.001039
-0.000764  -0.006845  -0.002080
-0.000071  -0.002815  0.010178
0.005661  -0.009714  -0.000579
0.001987  -0.029879  0.013816
-0.001246  0.004410  -0.014000
0.005364  -0.006816  0.032489
0.000211  -0.000953  0.011743
0.010663  -0.015678  0.000289
0.012005  0.001215  -0.006034
-0.019475  0.001640  -0.010305
-0.003362  -0.008835  0.001977
0.013163  0.015119  -0.009411
-0.027812  0.022433  -0.015748
0.016057  -0.010842  0.016436
-0.012914  -0.007667  0.014375
0.029125  0.007282  -0.032550
0.004128  0.038312  -0.027446
0.006417  0.008602  0.017236
-0.000911  0.000715  0.010032
-0.004076  -0.007305  -0.000196
0.014793  0.018879  -0.005218
-0.014005  -0.011341  -0.014715
-0.001996  -0.003451  -0.009573
-0.084505  -0.086148  -0.100365
-0.000915  0.020088  -0.015632
0.075497  0.123470  0.008831
-0.000403  0.014261  0.003876
0.009546  0.014108  0.003368
0.003047  0.033081  0.067164
0.004204  0.000076  0.010034
-0.005802  0.001379  -0.004779
-0.007639  0.006599  -0.006568
-0.004189  0.018462  0.000455
-0.076048  0.123555  -0.009938
0.029043  0.023089  0.014500
-0.029941  -0.030652  -0.019983
0.075472  -0.046610  -0.116307
0.009482  -0.115008  -0.213121
-0.001839  -0.001282  -0.011243
0.010807  0.002486  -0.001825
-0.009074  -0.004393  -0.007091
0.004210  -0.008405  0.014746
-0.005521  -0.000446  -0.005398
-0.006651  -0.005987  -0.031596
-0.007670  0.017159  0.005940
-0.010119  -0.113959  0.214269
0.005437  -0.012554  -0.009884
0.003476  0.029891  -0.025208
-0.005277  -0.049701  0.013479
0.000441  -0.013673  0.002546
0.009783  -0.001425  -0.002748
0.001881  0.000148  -0.010138
-0.001058  0.003164  0.011077
-0.000768  -0.003217  0.010373
-0.002906  0.037436  0.028437
0.005455  -0.049218  -0.013958
0.005709  0.011948  -0.010170
-0.007702  0.002039  -0.008443
0.001471  -0.016985  -0.006858
-0.013908  0.009629  0.013345
0.009175  -0.015140  0.002444
-0.008354  0.003775  -0.008635
-0.008049  0.010627  -0.014618
0.011101  0.013221  0.001723
-0.005349  0.031990  -0.067332
-0.001341  -0.014766  0.009269
-0.031323  0.028904  -0.018559
0.003169  -0.028029  -0.024679
0.001526  0.015221  -0.006298
0.001117  0.032612  0.014620
0.031533  -0.007797  -0.034081
0.003393  -0.033145  0.067992
-0.001351  -0.001493  0.001125
0.008285  0.002751  -0.016617
0.006772  -0.007839  0.007585
-0.000634  0.015674  0.008324
-0.087703  0.086154  -0.099242
0.073888  0.047832  -0.117438
-0.003260  0.048297  0.012203
-0.000694  -0.005986  -0.014468
0.005636  -0.037650  -0.027951
0.008135  -0.010378  0.015183
-0.006169  -0.002496  0.000641
-0.001120  0.000853  0.011257
0.004983  0.050670  -0.011558
-0.000842  -0.020228  -0.014398
0.012421  0.114742  -0.213867
0.007432  -0.016054  -0.005828
0.003071  0.005607  0.032508
0.002967  -0.002871  -0.010893
0.014219  -0.006791  -0.001485
0.006883  0.004262  0.007476
-0.013195  0.113645  0.216473
-0.026825  -0.024158  -0.015253
0.074932  -0.124364  0.007260
0.002392  -0.016580  -0.000430
0.005949  -0.005581  0.005693
-0.006938  0.007154  -0.016757
0.010984  0.006258  -0.012351
-0.004987  -0.032295  -0.067443
-0.076113  -0.123585  -0.009341
-0.000770  0.004290  0.009398
0.016642  0.012871  0.014688
-0.011872  -0.020164  0.006595
0.005723  0.006845  -0.000123
-0.002367  0.000956  -0.009995
0.014640  0.000885  0.014831
-0.003076  -0.037632  0.027775
-0.015554  0.011129  -0.015583
0.028685  -0.023087  0.015247
-0.013645  -0.014790  0.009432
0.005412  0.007521  -0.001812
0.018867  -0.001412  0.009768
-0.014530  -0.002406  0.003650
-0.005503  -0.008677  -0.015908
0.016725  -0.001053  0.013694
-0.005035  0.005566  -0.030063
-0.004559  0.008388  0.001350
-0.001663  0.003971  -0.008801
0.000886  0.007587  0.001299
-0.011162  -0.008703  0.001121
0.019461  0.003846  0.010985
0.002008  -0.001129  -0.005137
0.001241  0.000792  -0.012208
0.009207  -0.003376  -0.011244
-0.007685  -0.005691  -0.005045
-0.008350  -0.015410  0.004082
0.012576  -0.007928  -0.001934
0.013682  -0.014266  -0.009501
-0.011741  0.001302  -0.004894
0.011305  -0.001208  -0.003482
-0.011019  0.020704  0.006143
-0.014372  0.000158  0.005581
0.009687  0.011819  0.013381
0.013251  0.006211  -0.002142
0.005029  -0.007926  -0.004878
0.004944  -0.003149  -0.001077
-0.006542  -0.002441  0.003585
-0.001834  -0.001248  0.000540
0.003762  0.001985  -0.002090
-0.004178  0.008230  0.005907
0.007873  -0.005960  0.004080
-0.013369  -0.006662  0.002232
0.002640  0.001922  0.011134
-0.001208  -0.014581  0.000227
-0.006143  0.001963  0.008016
-0.005630  0.012068  -0.002560
0.002777  0.004745  0.006558
-0.013208  0.004457  0.013367
0.001912  -0.003477  0.011674
-0.000637  -0.002550  -0.000086
-0.016065  0.007753  0.004080
0.016833  0.001300  0.003082
-0.014110  0.000174  -0.014366
-0.004827  0.002601  0.004633
-0.001192  -0.016276  0.000013
-0.006939  0.008662  -0.050365
0.003108  -0.003744  0.006913
-0.013349  -0.002776  -0.012584
0.008038  0.000697  -0.006808
-0.000940  -0.072851  0.000525
0.007659  0.005312  0.002183
-0.012178  -0.003690  0.012909
0.017052  0.007768  -0.003055
-0.000192  0.230097  0.001223
0.003536  0.007463  -0.006660
-0.012892  0.006702  0.002518
0.006386  0.009068  0.052554
-0.001691  -0.024246  0.001928
0.002820  0.016775  0.014082
0.003970  0.012812  0.002225
0.006269  0.004438  -0.000374
0.085452  -0.085719  0.098945
0.002686  0.004076  0.015107
-0.001643  -0.016983  0.001271
-0.073050  -0.045948  0.114122
0.000468  -0.030364  -0.014810
-0.006076  -0.003587  0.016127
0.031128  -0.028888  0.017855
-0.030215  0.008584  0.033350
-0.001944  -0.000954  0.001031
-0.001705  0.029958  0.023711
0.011923  -0.009692  -0.014540
-0.009242  -0.013513  -0.002527
-0.004687  -0.010485  0.008427
-0.009361  0.015685  -0.002144
-0.001772  0.013880  0.001010
0.009293  -0.000788  0.005920
-0.005668  -0.013780  -0.003626
-0.001806  0.013388  -0.003869
0.001905  0.001383  -0.011107
-0.005465  0.011930  0.009051
-0.011290  0.002910  0.002001
-0.000885  0.023962  -0.000416
-0.001804  -0.028033  0.023475
-0.007644  -0.005958  -0.051054
-0.005382  -0.009032  0.006747
0.002649  0.000721  0.011950
0.005890  0.000555  0.003251
0.032346  0.030457  0.017285
-0.011105  -0.001750  0.000896
-0.000775  -0.229480  -0.001410
-0.072930  0.045535  0.116523
-0.013924  -0.008573  0.003877
-0.010472  -0.005780  -0.002627
-0.001965  -0.015494  -0.004234
0.004924  0.000320  0.003844
0.087320  0.084633  0.097712
-0.008500  -0.014654  -0.001164
-0.000939  0.074825  0.000512
0.002740  -0.016213  0.017344
-0.007642  -0.000418  0.007005
-0.000710  0.004664  -0.005312
0.013574  0.009563  -0.014373
0.003827  -0.001234  -0.011656
0.006533  -0.007939  0.048510
-0.034121  -0.008787  0.035848
-0.001005  0.017195  0.000105
0.005711  -0.000163  -0.004788
-0.016497  0.000369  -0.002044
-0.000923  0.032039  -0.014193
-0.009359  0.014204  -0.002589
0.015510  -0.008495  -0.004384
0.002104  -0.005645  0.015061
-0.001137  0.004584  0.000216
-0.001672  0.002903  -0.012367
-0.001470  -0.004952  -0.008302
0.003438  -0.015028  0.003257
-0.006515  0.003044  0.016493
0.009310  0.000089  -0.008926
-0.001346  0.013266  0.000247
-0.001830  -0.002643  -0.012242
-0.009935  0.004319  -0.003413
-0.004144  0.008380  -0.000038
-0.004921  -0.018347  -0.001008
-0.009509  -0.001016  0.004813
0.000196  0.007384  -0.001956
0.000546  -0.007256  0.000028
0.011468  0.000376  -0.001995
0.002786  0.018498  0.001081
0.005686  -0.007713  -0.000225
-0.001281  -0.001232  -0.000049
-0.006847  0.004185  0.000686
0.011676  -0.002326  -0.004253
0.013174  -0.019630  -0.006616
-0.009204  -0.000023  0.005046
0.012297  0.000640  0.003060
-0.013223  0.013047  0.007431
-0.010937  0.009523  0.001677
0.006853  0.016599  -0.004916
0.006227  0.006051  0.005573
-0.007276  -0.010556  -0.013440
0.007566  -0.004195  -0.017377
-0.004772  -0.000518  0.005217
-0.018810  -0.003621  -0.010335
0.011875  0.008467  0.001039
-0.000764  -0.006845  -0.002080
-0.000071  -0.002815  0.010178
0.005661  -0.009714  -0.000579
0.001987  -0.029879  0.013816
-0.001246  0.004410  -0.014000
0.005364  -0.006816  0.032489
0.000211  -0.000953  0.011743
0.010663  -0.015678  0.000289
0.012005  0.001215  -0.006034
-0.019475  0.001640  -0.010305
-0.003362  -0.008835  0.001977
0.013163  0.015119  -0.009411
-0.027812  0.022433  -0.015748
0.016057  -0.010842  0.016436
-0.012914  -0.007667  0.014375
0.029125  0.007282  -0.032550
0.004128  0.038312  -0.027446
0.006417  0.008602  0.017236
-0.000911  0.000715  0.010032
-0.004076  -0.007305  -0.000196
0.014793  0.018879  -0.005218
-0.014005  -0.011341  -0.014715
-0.001996  -0.003451  -0.009573
-0.084505  -0.086148  -0.100365
-0.000915  0.020088  -0.015632
0.075497  0.123470  0.008831
-0.000403  0.014261  0.003876
0.009546  0.014108  0.003368
0.003047  0.033081  0.067164
0.004204  0.000076  0.010034
-0.005802  0.001379  -0.004779
-0.007639  0.006599  -0.006568
-0.004189  0.018462  0.000455
-0.076048  0.123555  -0.009938
0.029043  0.023089  0.014500
-0.029941  -0.030652  -0.019983
0.075472  -0.046610  -0.116307
0.009482  -0.115008  -0.213121
-0.001839  -0.001282  -0.011243
0.010807  0.002486  -0.001825
-0.009074  -0.004393  -0.007091
0.004210  -0.008405  0.014746
-0.005521  -0.000446  -0.005398
-0.006651  -0.005987  -0.031596
-0.007670  0.017159  0.005940
-0.010119  -0.113959  0.214269
0.005437  -0.012554  -0.009884
0.003476  0.029891  -0.025208
-0.005277  -0.049701  0.013479
0.000441  -0.013673  0.002546
0.009783  -0.001425  -0.002748
0.001881  0.000148  -0.010138
-0.001058  0.003164  0.011077
-0.000768  -0.003217  0.010373
-0.002906  0.037436  0.028437
0.005455  -0.049218  -0.013958
0.005709  0.011948  -0.010170
-0.007702  0.002039  -0.008443
0.001471  -0.016985  -0.006858
-0.013908  0.009629  0.013345
0.009175  -0.015140  0.002444
-0.008354  0.003775  -0.008635
-0.008049  0.010627  -0.014618
0.011101  0.013221  0.001723
-0.005349  0.031990  -0.067332
-0.001341  -0.014766  0.009269
-0.031323  0.028904  -0.018559
0.003169  -0.028029  -0.024679
0.001526  0.015221  -0.006298
0.001117  0.032612  0.014620
0.031533  -0.007797  -0.034081
0.003393  -0.033145  0.067992
-0.001351  -0.001493  0.001125
0.008285  0.002751  -0.016617
0.006772  -0.007839  0.007585
-0.000634  0.015674  0.008324
-0.087703  0.086154  -0.099242
0.073888  0.047832  -0.117438
-0.003260  0.048297  0.012203
-0.000694  -0.005986  -0.014468
0.005636  -0.037650  -0.027951
0.008135  -0.010378  0.015183
-0.006169  -0.002496  0.000641
-0.001120  0.000853  0.011257
0.004983  0.050670  -0.011558
-0.000842  -0.020228  -0.014398
0.012421  0.114742  -0.213867
0.007432  -0.016054  -0.005828
0.003071  0.005607  0.032508
0.002967  -0.002871  -0.010893
0.014219  -0.006791  -0.001485
0.006883  0.004262  0.007476
-0.013195  0.113645  0.216473
-0.026825  -0.024158  -0.015253
0.074932  -0.124364  0.007260
0.002392  -0.016580  -0.000430
0.005949  -0.005581  0.005693
-0.006938  0.007154  -0.016757
0.010984  0.006258  -0.012351
-0.004987  -0.032295  -0.067443
-0.076113  -0.123585  -0.009341
-0.000770  0.004290  0.009398
0.016642  0.012871  0.014688
-0.011872  -0.020164  0.006595
0.005723  0.006845  -0.000123
-0.002367  0.000956  -0.009995
0.014640  0.000885  0.014831
-0.003076  -0.037632  0.027775
-0.015554  0.011129  -0.015583
0.028685  -0.023087  0.015247
-0.013645  -0.014790  0.009432
0.005412  0.007521  -0.001812
0.018867  -0.001412  0.009768
-0.014530  -0.002406  0.003650
-0.005503  -0.008677  -0.015908
0.016725  -0.001053  0.013694
-0.005035  0.005566  -0.030063
-0.004559  0.008388  0.001350
-0.001663  0.003971  -0.008801
0.000886  0.007587  0.001299
-0.011162  -0.008703  0.001121
0.019461  0.003846  0.010985
0.002008  -0.001129  -0.005137
0.001241  0.000792  -0.012208
0.009207  -0.003376  -0.011244
-0.007685  -0.005691  -0.005045
-0.008350  -0.015410  0.004082
0.012576  -0.007928  -0.001934
0.013682  -0.014266  -0.009501
-0.011741  0.001302  -0.004894
0.011305  -0.001208  -0.003482
-0.011019  0.020704  0.006143
-0.014372  0.000158  0.005581
0.009687  0.011819  0.013381
0.013251  0.006211  -0.002142
0.005029  -0.007926  -0.004878
0.004944  -0.003149  -0.001077
-0.006542  -0.002441  0.003585
-0.001834  -0.001248  0.000540
0.003762  0.001985  -0.002090
-0.004178  0.008230  0.005907
0.007873  -0.005960  0.004080
-0.013369  -0.006662  0.002232
0.002640  0.001922  0.011134
-0.001208  -0.014581  0.000227
-0.006143  0.001963  0.008016
-0.005630  0.012068  -0.002560
0.002777  0.004745  0.006558
-0.013208  0.004457  0.013367
0.001912  -0.003477  0.011674
-0.000637  -0.002550  -0.000086
-0.016065  0.007753  0.004080
0.016833  0.001300  0.003082
-0.014110  0.000174  -0.014366
-0.004827  0.002601  0.004633
-0.001192  -0.016276  0.000013
-0.006939  0.008662  -0.050365
0.003108  -0.003744  0.006913
-0.013349  -0.002776  -0.012584
0.008038  0.000697  -0.006808
-0.000940  -0.072851  0.000525
0.007659  0.005312  0.002183
-0.012178  -0.003690  0.012909
0.017052  0.007768  -0.003055
-0.000192  0.230097  0.001223
0.003536  0.007463  -0.006660
-0.012892  0.006702  0.002518
0.006386  0.009068  0.052554
-0.001691  -0.024246  0.001928
0.002820  0.016775  0.014082
0.003970  0.012812  0.002225
0.006269  0.004438  -0.000374
0.085452  -0.085719  0.098945
0.002686  0.004076  0.015107
-0.001643  -0.016983  0.001271
-0.073050  -0.045948  0.114122
0.000468  -0.030364  -0.014810
-0.006076  -0.003587  0.016127
0.031128  -0.028888  0.017855
-0.030215  0.008584  0.033350
-0.001944  -0.000954  0.001031
-0.001705  0.029958  0.023711
0.011923  -0.009692  -0.014540
-0.009242  -0.013513  -0.002527
-0.004687  -0.010485  0.008427
-0.009361  0.015685  -0.002144
-0.001772  0.013880  0.001010
0.009293  -0.000788  0.005920
-0.005668  -0.013780  -0.003626
-0.001806  0.013388  -0.003869
0.001905  0.001383  -0.011107
-0.005465  0.011930  0.009051
-0.011290  0.002910  0.002001
-0.000885  0.023962  -0.000416
-0.001804  -0.028033  0.023475
-0.007644  -0.005958  -0.051054
-0.005382  -0.009032  0.006747
0.002649  0.000721  0.011950
0.005890  0.000555  0.003251
0.032346  0.030457  0.017285
-0.011105  -0.001750  0.000896
-0.000775  -0.229480  -0.001410
-0.072930  0.045535  0.116523
-0.013924  -0.008573  0.003877
-0.010472  -0.005780  -0.002627
-0.001965  -0.015494  -0.004234
0.004924  0.000320  0.003844
0.087320  0.084633  0.097712
-0.008500  -0.014654  -0.001164
-0.000939  0.074825  0.000512
0.002740  -0.016213  0.017344
-0.007642  -0.000418  0.007005
-0.000710  0.004664  -0.005312
0.013574  0.009563  -0.014373
0.003827  -0.001234  -0.011656
0.006533  -0.007939  0.048510
-0.034121  -0.008787  0.035848
-0.001005  0.017195  0.000105
0.005711  -0.000163  -0.004788
-0.016497  0.000369  -0.002044
-0.000923  0.032039  -0.014193
-0.009359  0.014204  -0.002589
0.015510  -0.008495  -0.004384
0.002104  -0.005645  0.015061
-0.001137  0.004584  0.000216
-0.001672  0.002903  -0.012367
-0.001470  -0.004952  -0.008302
0.003438  -0.015028  0.003257
-0.006515  0.003044  0.016493
0.009310  0.000089  -0.008926
-0.001346  0.013266  0.000247
-0.001830  -0.002643  -0.012242
-0.009935  0.004319  -0.003413
-0.004144  0.008380  -0.000038
-0.004921  -0.018347  -0.001008
-0.009509  -0.001016  0.004813
0.000196  0.007384  -0.001956
0.000546  -0.007256  0.000028
0.011468  0.000376  -0.001995
0.002786  0.018498  0.001081
0.005686  -0.007713  -0.000225
-0.001281  -0.001232  -0.000049
-0.006847  0.004185  0.000686
0.011676  -0.002326  -0.004253
0.013174  -0.019630  -0.006616
-0.009204  -0.000023  0.005046
0.012297  0.000640  0.003060
-0.013223  0.013047  0.007431
-0.010937  0.009523  0.001677
0.006853  0.016599  -0.004916
0.006227  0.006051  0.005573
-0.007276  -0.010556  -0.013440
0.007566  -0.004195  -0.017377
-0.004772  -0.000518  0.005217
-0.018810  -0.003621  -0.010335
0.011875  0.008467  0.001039
-0.000764  -0.006845  -0.002080
-0.000071  -0.002815  0.010178
0.005661  -0.009714  -0.000579
0.001987  -0.029879  0.013816
-0.001246  0.004410  -0.014000
0.005364  -0.006816  0.032489
0.000211  -0.000953  0.011743
0.010663  -0.015678  0.000289
0.012005  0.001215  -0.006034
-0.019475  0.001640  -0.010305
-0.003362  -0.008835  0.001977
0.013163  0.015119  -0.009411
-0.027812  0.022433  -0.015748
0.016057  -0.010842  0.016436
-0.012914  -0.007667  0.014375
0.029125  0.007282  -0.032550
0.004128  0.038312  -0.027446
0.006417  0.008602  0.017236
-0.000911  0.000715  0.010032
-0.004076  -0.007305  -0.000196
0.014793  0.018879  -0.005218
-0.014005  -0.011341  -0.014715
-0.001996  -0.003451  -0.009573
-0.084505  -0.086148  -0.100365
-0.000915  0.020088  -0.015632
0.075497  0.123470  0.008831
-0.000403  0.014261  0.003876
0.009546  0.014108  0.003368
0.003047  0.033081  0.067164
0.004204  0.000076  0.010034
-0.005802  0.001379  -0.004779
-0.007639  0.006599  -0.006568
-0.004189  0.018462  0.000455
-0.076048  0.123555  -0.009938
0.029043  0.023089  0.014500
-0.029941  -0.030652  -0.019983
0.075472  -0.046610  -0.116307
0.009482  -0.115008  -0.213121
-0.001839  -0.001282  -0.011243
0.010807  0.002486  -0.001825
-0.009074  -0.004393  -0.007091
0.004210  -0.008405  0.014746
-0.005521  -0.000446  -0.005398
-0.006651  -0.005987  -0.031596
-0.007670  0.017159  0.005940
-0.010119  -0.113959  0.214269
0.005437  -0.012554  -0.009884
0.003476  0.029891  -0.025208
-0.005277  -0.049701  0.013479
0.000441  -0.013673  0.002546
0.009783  -0.001425  -0.002748
0.001881  0.000148  -0.010138
-0.001058  0.003164  0.011077
-0.000768  -0.003217  0.010373
-0.002906  0.037436  0.028437
0.005455  -0.049218  -0.013958
0.005709  0.011948  -0.010170
-0.007702  0.002039  -0.008443
0.001471  -0.016985  -0.006858
-0.013908  0.009629  0.013345
0.009175  -0.015140  0.002444
-0.008354  0.003775  -0.008635
-0.008049  0.010627  -0.014618
0.011101  0.013221  0.001723
-0.005349  0.031990  -0.067332
-0.001341  -0.014766  0.009269
-0.031323  0.028904  -0.018559
0.003169  -0.028029  -0.024679
0.001526  0.015221  -0.006298
0.001117  0.032612  0.014620
0.031533  -0.007797  -0.034081
0.003393  -0.033145  0.067992
-0.001351  -0.001493  0.001125
0.008285  0.002751  -0.016617
0.006772  -0.007839  0.007585
-0.000634  0.015674  0.008324
-0.087703  0.086154  -0.099242
0.073888  0.047832  -0.117438
-0.003260  0.048297  0.012203
-0.000694  -0.005986  -0.014468
0.005636  -0.037650  -0.027951
0.008135  -0.010378  0.015183
-0.006169  -0.002496  0.000641
-0.001120  0.000853  0.011257
0.004983  0.050670  -0.011558
-0.000842  -0.020228  -0.014398
0.012421  0.114742  -0.213867
0.007432  -0.016054  -0.005828
0.003071  0.005607  0.032508
0.002967  -0.002871  -0.010893
0.014219  -0.006791  -0.001485
0.006883  0.004262  0.007476
-0.013195  0.113645  0.216473
-0.026825  -0.024158  -0.015253
0.074932  -0.124364  0.007260
0.002392  -0.016580  -0.000430
0.005949  -0.005581  0.005693
-0.006938  0.007154  -0.016757
0.010984  0.006258  -0.012351
-0.004987  -0.032295  -0.067443
-0.076113  -0.123585  -0.009341
-0.000770  0.004290  0.009398
0.016642  0.012871  0.014688
-0.011872  -0.020164  0.006595
0.005723  0.006845  -0.000123
-0.002367  0.000956  -0.009995
0.014640  0.000885  0.014831
-0.003076  -0.037632  0.027775
-0.015554  0.011129  -0.015583
0.028685  -0.023087  0.015247
-0.013645  -0.014790  0.009432
0.005412  0.007521  -0.001812
0.018867  -0.001412  0.009768
-0.014530  -0.002406  0.003650
-0.005503  -0.008677  -0.015908
0.016725  -0.001053  0.013694
-0.005035  0.005566  -0.030063
-0.004559  0.008388  0.001350
-0.001663  0.003971  -0.008801
0.000886  0.007587  0.001299
-0.011162  -0.008703  0.001121
0.019461  0.003846  0.010985
0.002008  -0.001129  -0.005137
0.001241  0.000792  -0.012208
0.009207  -0.003376  -0.011244
-0.007685  -0.005691  -0.005045
-0.008350  -0.015410  0.004082
0.012576  -0.007928  -0.001934
0.013682  -0.014266  -0.009501
-0.011741  0.001302  -0.004894
0.011305  -0.001208  -0.003482
-0.011019  0.020704  0.006143
-0.014372  0.000158  0.005581
0.009687  0.011819  0.013381
0.013251  0.006211  -0.002142
0.005029  -0.007926  -0.004878
0.004944  -0.003149  -0.001077
-0.006542  -0.002441  0.003585
-0.001834  -0.001248  0.000540
0.003762  0.001985  -0.002090
-0.004178  0.008230  0.005907
0.007873  -0.005960  0.004080
-0.013369  -0.006662  0.002232
0.002640  0.001922  0.011134
-0.001208  -0.014581  0.000227
-0.006143  0.001963  0.008016
-0.005630  0.012068  -0.002560
0.002777  0.004745  0.006558
-0.013208  0.004457  0.013367
0.001912  -0.003477  0.011674
-0.000637  -0.002550  -0.000086
-0.016065  0.007753  0.004080
0.016833  0.001300  0.003082
-0.014110  0.000174  -0.014366
-0.004827  0.002601  0.004633
-0.001192  -0.016276  0.000013
-0.006939  0.008662  -0.050365
0.003108  -0.003744  0.006913
-0.013349  -0.002776  -0.012584
0.008038  0.000697  -0.006808
-0.000940  -0.072851  0.000525
0.007659  0.005312  0.002183
-0.012178  -0.003690  0.012909
0.017052  0.007768  -0.003055
-0.000192  0.230097  0.001223
0.003536  0.007463  -0.006660
-0.012892  0.006702  0.002518
0.006386  0.009068  0.052554
-0.001691  -0.024246  0.001928
0.002820  0.016775  0.014082
0.003970  0.012812  0.002225
0.006269  0.004438  -0.000374
0.085452  -0.085719  0.098945
0.002686  0.004076  0.015107
-0.001643  -0.016983  0.001271
-0.073050  -0.045948  0.114122
0.000468  -0.030364  -0.014810
-0.006076  -0.003587  0.016127
0.031128  -0.028888  0.017855
-0.030215  0.008584  0.033350
-0.001944  -0.000954  0.001031
-0.001705  0.029958  0.023711
0.011923  -0.009692  -0.014540
-0.009242  -0.013513  -0.002527
-0.004687  -0.010485  0.008427
-0.009361  0.015685  -0.002144
-0.001772  0.013880  0.001010
0.009293  -0.000788  0.005920
-0.005668  -0.013780  -0.003626
-0.001806  0.013388  -0.003869
0.001905  0.001383  -0.011107
-0.005465  0.011930  0.009051
-0.011290  0.002910  0.002001
-0.000885  0.023962  -0.000416
-0.001804  -0.028033  0.023475
-0.007644  -0.005958  -0.051054
-0.005382  -0.009032  0.006747
0.002649  0.000721  0.011950
0.005890  0.000555  0.003251
0.032346  0.030457  0.017285
-0.011105  -0.001750  0.000896
-0.000775  -0.229480  -0.001410
-0.072930  0.045535  0.116523
-0.013924  -0.008573  0.003877
-0.010472  -0.005780  -0.002627
-0.001965  -0.015494  -0.004234
0.004924  0.000320  0.003844
0.087320  0.084633  0.097712
-0.008500  -0.014654  -0.001164
-0.000939  0.074825  0.000512
0.002740  -0.016213  0.017344
-0.007642  -0.000418  0.007005
-0.000710  0.004664  -0.005312
0.013574  0.009563  -0.014373
0.003827  -0.001234  -0.011656
0.006533  -0.007939  0.048510
-0.034121  -0.008787  0.035848
-0.001005  0.017195  0.000105
0.005711  -0.000163  -0.004788
-0.016497  0.000369  -0.002044
-0.000923  0.032039  -0.014193
-0.009359  0.014204  -0.002589
0.015510  -0.008495  -0.004384
0.002104  -0.005645  0.015061
-0.001137  0.004584  0.000216
-0.001672  0.002903  -0.012367
-0.001470  -0.004952  -0.008302
0.003438  -0.015028  0.003257
-0.006515  0.003044  0.016493
0.009310  0.000089  -0.008926
-0.001346  0.013266  0.000247
-0.001830  -0.002643  -0.012242
-0.009935  0.004319  -0.003413
