0.003366  0.009353  -0.000707
-0.007380  0.010167  0.012163
-0.000648  0.001942  0.003112
-0.003798  0.003967  -0.000736
0.002476  0.002055  0.002618
0.000663  0.002585  0.001198
0.000930  0.000250  0.000441
-0.002170  -0.002198  -0.001466
-0.002022  -0.002488  -0.000149
0.002949  -0.002189  -0.004307
0.000976  -0.002647  0.000138
-0.002438  0.004524  0.009269
0.006463  -0.014490  -0.002264
-0.004919  -0.003898  -0.008105
0.000393  -0.010402  0.000445
-0.000297  -0.016374  0.030281
-0.000511  0.001654  -0.001650
-0.001361  -0.002259  -0.002667
-0.000620  0.002602  -0.002396
-0.000483  -0.000253  -0.005636
0.002118  -0.000379  -0.002399
-0.002395  0.003527  -0.000307
0.000975  0.004085  -0.002374
0.000720  0.000367  -0.003569
0.000619  0.008864  -0.003248
0.002603  0.003461  0.000585
-0.000524  -0.000242  -0.002883
-0.002307  -0.003880  0.036632
0.003691  -0.029693  0.021407
-0.017648  0.008597  -0.009048
-0.000789  -0.003043  -0.009205
0.019091  0.002562  -0.011565
-0.001320  -0.005216  0.002123
-0.003281  -0.000353  0.001228
-0.000407  0.000888  -0.004555
0.000011  0.001215  -0.001459
-0.000290  0.003471  -0.003948
0.000272  0.008965  -0.000453
0.003042  -0.001645  0.000391
0.000924  0.002128  0.005502
-0.008496  0.031297  -0.003648
-0.009184  -0.024331  -0.010274
-0.000767  0.005715  -0.004055
0.007832  0.021362  0.016078
0.005804  -0.011698  -0.028049
-0.000737  -0.024107  0.042304
-0.002196  -0.003472  -0.007507
0.000984  0.000965  -0.006684
0.002652  0.001142  0.004465
-0.003653  0.001741  0.000739
-0.002540  -0.001131  0.004956
0.004065  -0.001792  -0.000103
-0.002949  -0.004112  0.000817
-0.001950  0.024444  -0.003731
0.001587  0.013469  0.000721
-0.000493  0.004322  0.001608
-0.047830  0.020897  -0.069353
0.048165  0.048934  -0.050578
0.009326  0.059787  0.019659
0.000024  -0.008332  -0.011766
0.001734  -0.008919  -0.022905
-0.008359  -0.048682  -0.043671
0.002858  -0.003730  0.003011
0.002710  -0.003426  -0.002180
-0.000405  0.001375  -0.002744
0.000050  0.004928  -0.009078
-0.003687  0.004521  0.012616
0.004078  -0.004454  0.001141
-0.000022  -0.006457  -0.002692
-0.007848  -0.034587  -0.003196
0.001373  0.070068  -0.013332
0.015264  -0.022976  0.014561
0.000843  -0.023020  -0.066818
0.006591  0.019937  0.030371
-0.001424  0.044792  -0.076374
-0.004775  0.001304  0.004492
0.004327  -0.012294  0.002465
-0.017197  -0.001326  0.027038
0.001753  0.002129  -0.002563
0.000084  0.005658  0.004675
-0.002153  -0.002082  0.011611
-0.000804  -0.004628  -0.010997
0.002716  0.024603  -0.005158
0.016214  0.011485  0.004503
0.011070  -0.007426  0.003725
0.002367  -0.086604  -0.000547
-0.002176  0.044685  0.076336
-0.050048  0.045022  0.050746
-0.015590  -0.010380  -0.007306
-0.002296  -0.006153  -0.023940
0.048542  -0.070081  -0.015254
0.000977  0.010988  -0.000627
0.002148  -0.009249  0.007710
-0.009894  0.000687  0.008366
0.002889  0.001780  -0.010772
-0.002389  0.008862  -0.007141
-0.000641  0.011823  0.006328
0.013356  0.004856  -0.004023
0.049337  0.017299  0.064147
0.001801  -0.029909  -0.048549
0.002904  -0.032000  -0.019247
-0.002323  0.055978  0.001873
-0.051004  -0.065542  0.015846
0.000313  0.016603  -0.026658
-0.013413  0.002111  -0.006736
0.001013  -0.011060  -0.005983
-0.000989  0.032300  0.018133
-0.000361  0.009471  -0.015720
-0.010493  -0.006273  0.026029
-0.011935  0.011125  0.003628
0.014150  -0.008685  -0.008217
0.009951  -0.018075  0.018353
-0.002244  -0.004676  -0.034531
0.001577  -0.003714  -0.011645
-0.002074  -0.014483  0.063069
0.002643  -0.046766  0.043381
-0.011898  -0.010607  0.026503
-0.002477  0.013898  -0.002362
0.003046  0.030884  -0.012805
0.013742  -0.018347  0.020684
-0.012538  0.017196  -0.021585
-0.002263  -0.031937  0.013381
0.001270  -0.012785  0.002336
0.013316  0.009758  -0.027167
-0.002044  0.046363  -0.043460
0.002599  0.015430  -0.062059
-0.002070  0.004679  0.012384
0.004418  0.004319  0.033741
-0.011197  0.018180  -0.018873
-0.012816  0.009564  0.008118
0.013281  -0.011040  -0.003818
0.009466  0.006715  -0.025498
0.000586  -0.008601  0.017210
0.002501  -0.032892  -0.019098
-0.000586  0.011744  0.007315
0.012634  -0.000687  0.006202
0.001033  -0.014797  0.026700
0.050206  0.062587  -0.016875
0.001761  -0.055287  -0.000427
-0.001212  0.033748  0.019601
-0.002084  0.027732  0.046582
-0.050355  -0.016681  -0.063381
-0.014531  -0.004776  0.004805
0.001613  -0.011098  -0.006579
0.002471  -0.008385  0.005824
-0.001680  -0.002239  0.011107
0.011489  -0.001432  -0.008474
-0.002350  0.008692  -0.007545
-0.000847  -0.011834  0.002100
-0.050427  0.066340  0.014325
0.003307  0.007540  0.023857
0.015520  0.008962  0.007352
0.048178  -0.048710  -0.054093
0.003857  -0.043671  -0.074193
-0.002031  0.088948  0.000549
-0.009896  0.008042  -0.003789
-0.015559  -0.012417  -0.005293
-0.002542  -0.022971  0.006362
0.001012  0.004752  0.009255
0.002750  0.001529  -0.011280
-0.000134  -0.005627  -0.005238
-0.000515  -0.002578  0.003228
0.015951  0.000594  -0.025925
-0.005588  0.014016  -0.003114
0.004011  -0.001125  -0.003285
-0.001627  -0.045300  0.075247
-0.009520  -0.018099  -0.027916
-0.000416  0.023230  0.066058
-0.016104  0.023253  -0.013908
0.000791  -0.070730  0.013802
0.007507  0.035745  0.002138
-0.000212  0.006455  0.001349
-0.004338  0.005153  -0.000137
0.002626  -0.004510  -0.012872
-0.001302  -0.004934  0.007468
0.002319  -0.000918  0.004662
-0.001297  0.003715  0.001150
-0.001936  0.003406  -0.002985
0.009033  0.047365  0.041068
-0.001657  0.009152  0.022229
0.002391  0.007601  0.011624
-0.009446  -0.061762  -0.020467
-0.047818  -0.050193  0.052959
0.048688  -0.019098  0.068723
0.002026  -0.003366  -0.001816
0.000034  -0.014412  -0.001081
0.001746  -0.023124  0.003289
0.002512  0.003882  -0.001998
-0.002430  0.001611  0.001573
0.002901  -0.000019  -0.005313
0.003932  -0.001005  -0.002110
-0.002551  -0.002163  -0.003384
-0.001134  0.000179  0.006894
0.001418  0.003195  0.008186
-0.001009  0.023374  -0.041359
-0.007815  0.013736  0.030577
-0.009379  -0.022091  -0.016321
0.001118  -0.006596  0.004319
0.007468  0.024859  0.010949
0.005735  -0.030517  0.004242
-0.001076  -0.001009  -0.004369
-0.003811  0.000777  -0.001581
-0.001250  -0.008105  0.001435
-0.000895  -0.003032  0.002938
0.000614  -0.000933  0.002169
-0.000808  -0.000846  0.004132
0.002798  0.000688  -0.001415
0.000999  0.004675  -0.001813
-0.016888  -0.002693  0.012287
0.000375  0.001669  0.008200
0.018757  -0.009108  0.007616
-0.001817  0.030411  -0.021798
0.003213  0.002352  -0.037621
-0.000719  -0.000688  0.002435
-0.002145  -0.003088  -0.001273
-0.000886  -0.009576  0.003174
-0.000586  -0.000906  0.004495
-0.000672  -0.005384  0.001963
0.002567  -0.002366  0.000301
-0.002549  0.001513  0.001580
0.000078  -0.000350  0.005743
0.000207  -0.002893  0.001764
0.002092  0.002842  0.002393
0.000128  -0.002142  0.002003
-0.001247  0.017641  -0.028244
-0.002193  0.011028  -0.000934
0.003162  0.004008  0.008677
-0.006295  0.015306  0.002976
0.000366  -0.004590  -0.008747
-0.001211  0.002491  -0.000213
-0.003838  0.002413  0.004804
0.003662  0.002325  0.000196
0.002448  0.002881  0.001184
-0.000645  0.000049  -0.000737
-0.000691  -0.001854  -0.001079
-0.002132  -0.001816  -0.002607
0.004287  -0.004173  0.000797
-0.000305  -0.001644  -0.003062
0.007366  -0.009372  -0.011154
-0.005077  -0.009689  0.000514
0.022849  -0.002238  -0.001068
-0.001729  0.001362  0.000858
0.006748  0.004004  0.002586
-0.005717  0.002304  0.001699
0.008793  0.003621  0.002126
-0.001792  0.000393  0.000140
0.004026  0.000689  0.001057
0.001908  -0.004847  -0.002994
-0.002722  0.004346  0.003083
-0.004466  0.000049  -0.000711
0.002131  -0.001039  -0.000172
-0.008192  -0.003852  -0.001953
0.005892  -0.004369  -0.002573
-0.005235  -0.003064  -0.002169
0.003360  -0.001936  -0.001675
-0.023276  0.001591  0.000914
0.003366  0.009353  -0.000707
-0.007380  0.010167  0.012163
-0.000648  0.001942  0.003112
-0.003798  0.003967  -0.000736
0.002476  0.002055  0.002618
0.000663  0.002585  0.001198
0.000930  0.000250  0.000441
-0.002170  -0.002198  -0.001466
-0.002022  -0.002488  -0.000149
0.002949  -0.002189  -0.004307
0.000976  -0.002647  0.000138
-0.002438  0.004524  0.009269
0.006463  -0.014490  -0.002264
-0.004919  -0.003898  -0.008105
0.000393  -0.010402  0.000445
-0.000297  -0.016374  0.030281
-0.000511  0.001654  -0.001650
-0.001361  -0.002259  -0.002667
-0.000620  0.002602  -0.002396
-0.000483  -0.000253  -0.005636
0.002118  -0.000379  -0.002399
-0.002395  0.003527  -0.000307
0.000975  0.004085  -0.002374
0.000720  0.000367  -0.003569
0.000619  0.008864  -0.003248
0.002603  0.003461  0.000585
-0.000524  -0.000242  -0.002883
-0.002307  -0.003880  0.036632
0.003691  -0.029693  0.021407
-0.017648  0.008597  -0.009048
-0.000789  -0.003043  -0.009205
0.019091  0.002562  -0.011565
-0.001320  -0.005216  0.002123
-0.003281  -0.000353  0.001228
-0.000407  0.000888  -0.004555
0.000011  0.001215  -0.001459
-0.000290  0.003471  -0.003948
0.000272  0.008965  -0.000453
0.003042  -0.001645  0.000391
0.000924  0.002128  0.005502
-0.008496  0.031297  -0.003648
-0.009184  -0.024331  -0.010274
-0.000767  0.005715  -0.004055
0.007832  0.021362  0.016078
0.005804  -0.011698  -0.028049
-0.000737  -0.024107  0.042304
-0.002196  -0.003472  -0.007507
0.000984  0.000965  -0.006684
0.002652  0.001142  0.004465
-0.003653  0.001741  0.000739
-0.002540  -0.001131  0.004956
0.004065  -0.001792  -0.000103
-0.002949  -0.004112  0.000817
-0.001950  0.024444  -0.003731
0.001587  0.013469  0.000721
-0.000493  0.004322  0.001608
-0.047830  0.020897  -0.069353
0.048165  0.048934  -0.050578
0.009326  0.059787  0.019659
0.000024  -0.008332  -0.011766
0.001734  -0.008919  -0.022905
-0.008359  -0.048682  -0.043671
0.002858  -0.003730  0.003011
0.002710  -0.003426  -0.002180
-0.000405  0.001375  -0.002744
0.000050  0.004928  -0.009078
-0.003687  0.004521  0.012616
0.004078  -0.004454  0.001141
-0.000022  -0.006457  -0.002692
-0.007848  -0.034587  -0.003196
0.001373  0.070068  -0.013332
0.015264  -0.022976  0.014561
0.000843  -0.023020  -0.066818
0.006591  0.019937  0.030371
-0.001424  0.044792  -0.076374
-0.004775  0.001304  0.004492
0.004327  -0.012294  0.002465
-0.017197  -0.001326  0.027038
0.001753  0.002129  -0.002563
0.000084  0.005658  0.004675
-0.002153  -0.002082  0.011611
-0.000804  -0.004628  -0.010997
0.002716  0.024603  -0.005158
0.016214  0.011485  0.004503
0.011070  -0.007426  0.003725
0.002367  -0.086604  -0.000547
-0.002176  0.044685  0.076336
-0.050048  0.045022  0.050746
-0.015590  -0.010380  -0.007306
-0.002296  -0.006153  -0.023940
0.048542  -0.070081  -0.015254
0.000977  0.010988  -0.000627
0.002148  -0.009249  0.007710
-0.009894  0.000687  0.008366
0.002889  0.001780  -0.010772
-0.002389  0.008862  -0.007141
-0.000641  0.011823  0.006328
0.013356  0.004856  -0.004023
0.049337  0.017299  0.064147
0.001801  -0.029909  -0.048549
0.002904  -0.032000  -0.019247
-0.002323  0.055978  0.001873
-0.051004  -0.065542  0.015846
0.000313  0.016603  -0.026658
-0.013413  0.002111  -0.006736
0.001013  -0.011060  -0.005983
-0.000989  0.032300  0.018133
-0.000361  0.009471  -0.015720
-0.010493  -0.006273  0.026029
-0.011935  0.011125  0.003628
0.014150  -0.008685  -0.008217
0.009951  -0.018075  0.018353
-0.002244  -0.004676  -0.034531
0.001577  -0.003714  -0.011645
-0.002074  -0.014483  0.063069
0.002643  -0.046766  0.043381
-0.011898  -0.010607  0.026503
-0.002477  0.013898  -0.002362
0.003046  0.030884  -0.012805
0.013742  -0.018347  0.020684
-0.012538  0.017196  -0.021585
-0.002263  -0.031937  0.013381
0.001270  -0.012785  0.002336
0.013316  0.009758  -0.027167
-0.002044  0.046363  -0.043460
0.002599  0.015430  -0.062059
-0.002070  0.004679  0.012384
0.004418  0.004319  0.033741
-0.011197  0.018180  -0.018873
-0.012816  0.009564  0.008118
0.013281  -0.011040  -0.003818
0.009466  0.006715  -0.025498
0.000586  -0.008601  0.017210
0.002501  -0.032892  -0.019098
-0.000586  0.011744  0.007315
0.012634  -0.000687  0.006202
0.001033  -0.014797  0.026700
0.050206  0.062587  -0.016875
0.001761  -0.055287  -0.000427
-0.001212  0.033748  0.019601
-0.002084  0.027732  0.046582
-0.050355  -0.016681  -0.063381
-0.014531  -0.004776  0.004805
0.001613  -0.011098  -0.006579
0.002471  -0.008385  0.005824
-0.001680  -0.002239  0.011107
0.011489  -0.001432  -0.008474
-0.002350  0.008692  -0.007545
-0.000847  -0.011834  0.002100
-0.050427  0.066340  0.014325
0.003307  0.007540  0.023857
0.015520  0.008962  0.007352
0.048178  -0.048710  -0.054093
0.003857  -0.043671  -0.074193
-0.002031  0.088948  0.000549
-0.009896  0.008042  -0.003789
-0.015559  -0.012417  -0.005293
-0.002542  -0.022971  0.006362
0.001012  0.004752  0.009255
0.002750  0.001529  -0.011280
-0.000134  -0.005627  -0.005238
-0.000515  -0.002578  0.003228
0.015951  0.000594  -0.025925
-0.005588  0.014016  -0.003114
0.004011  -0.001125  -0.003285
-0.001627  -0.045300  0.075247
-0.009520  -0.018099  -0.027916
-0.000416  0.023230  0.066058
-0.016104  0.023253  -0.013908
0.000791  -0.070730  0.013802
0.007507  0.035745  0.002138
-0.000212  0.006455  0.001349
-0.004338  0.005153  -0.000137
0.002626  -0.004510  -0.012872
-0.001302  -0.004934  0.007468
0.002319  -0.000918  0.004662
-0.001297  0.003715  0.001150
-0.001936  0.003406  -0.002985
0.009033  0.047365  0.041068
-0.001657  0.009152  0.022229
0.002391  0.007601  0.011624
-0.009446  -0.061762  -0.020467
-0.047818  -0.050193  0.052959
0.048688  -0.019098  0.068723
0.002026  -0.003366  -0.001816
0.000034  -0.014412  -0.001081
0.001746  -0.023124  0.003289
0.002512  0.003882  -0.001998
-0.002430  0.001611  0.001573
0.002901  -0.000019  -0.005313
0.003932  -0.001005  -0.002110
-0.002551  -0.002163  -0.003384
-0.001134  0.000179  0.006894
0.001418  0.003195  0.008186
-0.001009  0.023374  -0.041359
-0.007815  0.013736  0.030577
-0.009379  -0.022091  -0.016321
0.001118  -0.006596  0.004319
0.007468  0.024859  0.010949
0.005735  -0.030517  0.004242
-0.001076  -0.001009  -0.004369
-0.003811  0.000777  -0.001581
-0.001250  -0.008105  0.001435
-0.000895  -0.003032  0.002938
0.000614  -0.000933  0.002169
-0.000808  -0.000846  0.004132
0.002798  0.000688  -0.001415
0.000999  0.004675  -0.001813
-0.016888  -0.002693  0.012287
0.000375  0.001669  0.008200
0.018757  -0.009108  0.007616
-0.001817  0.030411  -0.021798
0.003213  0.002352  -0.037621
-0.000719  -0.000688  0.002435
-0.002145  -0.003088  -0.001273
-0.000886  -0.009576  0.003174
-0.000586  -0.000906  0.004495
-0.000672  -0.005384  0.001963
0.002567  -0.002366  0.000301
-0.002549  0.001513  0.001580
0.000078  -0.000350  0.005743
0.000207  -0.002893  0.001764
0.002092  0.002842  0.002393
0.000128  -0.002142  0.002003
-0.001247  0.017641  -0.028244
-0.002193  0.011028  -0.000934
0.003162  0.004008  0.008677
-0.006295  0.015306  0.002976
0.000366  -0.004590  -0.008747
-0.001211  0.002491  -0.000213
-0.003838  0.002413  0.004804
0.003662  0.002325  0.000196
0.002448  0.002881  0.001184
-0.000645  0.000049  -0.000737
-0.000691  -0.001854  -0.001079
-0.002132  -0.001816  -0.002607
0.004287  -0.004173  0.000797
-0.000305  -0.001644  -0.003062
0.007366  -0.009372  -0.011154
-0.005077  -0.009689  0.000514
0.022849  -0.002238  -0.001068
-0.001729  0.001362  0.000858
0.006748  0.004004  0.002586
-0.005717  0.002304  0.001699
0.008793  0.003621  0.002126
-0.001792  0.000393  0.000140
0.004026  0.000689  0.001057
0.001908  -0.004847  -0.002994
-0.002722  0.004346  0.003083
-0.004466  0.000049  -0.000711
0.002131  -0.001039  -0.000172
-0.008192  -0.003852  -0.001953
0.005892  -0.004369  -0.002573
-0.005235  -0.003064  -0.002169
0.003360  -0.001936  -0.001675
-0.023276  0.001591  0.000914
0.003366  0.009353  -0.000707
-0.007380  0.010167  0.012163
-0.000648  0.001942  0.003112
-0.003798  0.003967  -0.000736
0.002476  0.002055  0.002618
0.000663  0.002585  0.001198
0.000930  0.000250  0.000441
-0.002170  -0.002198  -0.001466
-0.002022  -0.002488  -0.000149
0.002949  -0.002189  -0.004307
0.000976  -0.002647  0.000138
-0.002438  0.004524  0.009269
0.006463  -0.014490  -0.002264
-0.004919  -0.003898  -0.008105
0.000393  -0.010402  0.000445
-0.000297  -0.016374  0.030281
-0.000511  0.001654  -0.001650
-0.001361  -0.002259  -0.002667
-0.000620  0.002602  -0.002396
-0.000483  -0.000253  -0.005636
0.002118  -0.000379  -0.002399
-0.002395  0.003527  -0.000307
0.000975  0.004085  -0.002374
0.000720  0.000367  -0.003569
0.000619  0.008864  -0.003248
0.002603  0.003461  0.000585
-0.000524  -0.000242  -0.002883
-0.002307  -0.003880  0.036632
0.003691  -0.029693  0.021407
-0.017648  0.008597  -0.009048
-0.000789  -0.003043  -0.009205
0.019091  0.002562  -0.011565
-0.001320  -0.005216  0.002123
-0.003281  -0.000353  0.001228
-0.000407  0.000888  -0.004555
0.000011  0.001215  -0.001459
-0.000290  0.003471  -0.003948
0.000272  0.008965  -0.000453
0.003042  -0.001645  0.000391
0.000924  0.002128  0.005502
-0.008496  0.031297  -0.003648
-0.009184  -0.024331  -0.010274
-0.000767  0.005715  -0.004055
0.007832  0.021362  0.016078
0.005804  -0.011698  -0.028049
-0.000737  -0.024107  0.042304
-0.002196  -0.003472  -0.007507
0.000984  0.000965  -0.006684
0.002652  0.001142  0.004465
-0.003653  0.001741  0.000739
-0.002540  -0.001131  0.004956
0.004065  -0.001792  -0.000103
-0.002949  -0.004112  0.000817
-0.001950  0.024444  -0.003731
0.001587  0.013469  0.000721
-0.000493  0.004322  0.001608
-0.047830  0.020897  -0.069353
0.048165  0.048934  -0.050578
0.009326  0.059787  0.019659
0.000024  -0.008332  -0.011766
0.001734  -0.008919  -0.022905
-0.008359  -0.048682  -0.043671
0.002858  -0.003730  0.003011
0.002710  -0.003426  -0.002180
-0.000405  0.001375  -0.002744
0.000050  0.004928  -0.009078
-0.003687  0.004521  0.012616
0.004078  -0.004454  0.001141
-0.000022  -0.006457  -0.002692
-0.007848  -0.034587  -0.003196
0.001373  0.070068  -0.013332
0.015264  -0.022976  0.014561
0.000843  -0.023020  -0.066818
0.006591  0.019937  0.030371
-0.001424  0.044792  -0.076374
-0.004775  0.001304  0.004492
0.004327  -0.012294  0.002465
-0.017197  -0.001326  0.027038
0.001753  0.002129  -0.002563
0.000084  0.005658  0.004675
-0.002153  -0.002082  0.011611
-0.000804  -0.004628  -0.010997
0.002716  0.024603  -0.005158
0.016214  0.011485  0.004503
0.011070  -0.007426  0.003725
0.002367  -0.086604  -0.000547
-0.002176  0.044685  0.076336
-0.050048  0.045022  0.050746
-0.015590  -0.010380  -0.007306
-0.002296  -0.006153  -0.023940
0.048542  -0.070081  -0.015254
0.000977  0.010988  -0.000627
0.002148  -0.009249  0.007710
-0.009894  0.000687  0.008366
0.002889  0.001780  -0.010772
-0.002389  0.008862  -0.007141
-0.000641  0.011823  0.006328
0.013356  0.004856  -0.004023
0.049337  0.017299  0.064147
0.001801  -0.029909  -0.048549
0.002904  -0.032000  -0.019247
-0.002323  0.055978  0.001873
-0.051004  -0.065542  0.015846
0.000313  0.016603  -0.026658
-0.013413  0.002111  -0.006736
0.001013  -0.011060  -0.005983
-0.000989  0.032300  0.018133
-0.000361  0.009471  -0.015720
-0.010493  -0.006273  0.026029
-0.011935  0.011125  0.003628
0.014150  -0.008685  -0.008217
0.009951  -0.018075  0.018353
-0.002244  -0.004676  -0.034531
0.001577  -0.003714  -0.011645
-0.002074  -0.014483  0.063069
0.002643  -0.046766  0.043381
-0.011898  -0.010607  0.026503
-0.002477  0.013898  -0.002362
0.003046  0.030884  -0.012805
0.013742  -0.018347  0.020684
-0.012538  0.017196  -0.021585
-0.002263  -0.031937  0.013381
0.001270  -0.012785  0.002336
0.013316  0.009758  -0.027167
-0.002044  0.046363  -0.043460
0.002599  0.015430  -0.062059
-0.002070  0.004679  0.012384
0.004418  0.004319  0.033741
-0.011197  0.018180  -0.018873
-0.012816  0.009564  0.008118
0.013281  -0.011040  -0.003818
0.009466  0.006715  -0.025498
0.000586  -0.008601  0.017210
0.002501  -0.032892  -0.019098
-0.000586  0.011744  0.007315
0.012634  -0.000687  0.006202
0.001033  -0.014797  0.026700
0.050206  0.062587  -0.016875
0.001761  -0.055287  -0.000427
-0.001212  0.033748  0.019601
-0.002084  0.027732  0.046582
-0.050355  -0.016681  -0.063381
-0.014531  -0.004776  0.004805
0.001613  -0.011098  -0.006579
0.002471  -0.008385  0.005824
-0.001680  -0.002239  0.011107
0.011489  -0.001432  -0.008474
-0.002350  0.008692  -0.007545
-0.000847  -0.011834  0.002100
-0.050427  0.066340  0.014325
0.003307  0.007540  0.023857
0.015520  0.008962  0.007352
0.048178  -0.048710  -0.054093
0.003857  -0.043671  -0.074193
-0.002031  0.088948  0.000549
-0.009896  0.008042  -0.003789
-0.015559  -0.012417  -0.005293
-0.002542  -0.022971  0.006362
0.001012  0.004752  0.009255
0.002750  0.001529  -0.011280
-0.000134  -0.005627  -0.005238
-0.000515  -0.002578  0.003228
0.015951  0.000594  -0.025925
-0.005588  0.014016  -0.003114
0.004011  -0.001125  -0.003285
-0.001627  -0.045300  0.075247
-0.009520  -0.018099  -0.027916
-0.000416  0.023230  0.066058
-0.016104  0.023253  -0.013908
0.000791  -0.070730  0.013802
0.007507  0.035745  0.002138
-0.000212  0.006455  0.001349
-0.004338  0.005153  -0.000137
0.002626  -0.004510  -0.012872
-0.001302  -0.004934  0.007468
0.002319  -0.000918  0.004662
-0.001297  0.003715  0.001150
-0.001936  0.003406  -0.002985
0.009033  0.047365  0.041068
-0.001657  0.009152  0.022229
0.002391  0.007601  0.011624
-0.009446  -0.061762  -0.020467
-0.047818  -0.050193  0.052959
0.048688  -0.019098  0.068723
0.002026  -0.003366  -0.001816
0.000034  -0.014412  -0.001081
0.001746  -0.023124  0.003289
0.002512  0.003882  -0.001998
-0.002430  0.001611  0.001573
0.002901  -0.000019  -0.005313
0.003932  -0.001005  -0.002110
-0.002551  -0.002163  -0.003384
-0.001134  0.000179  0.006894
0.001418  0.003195  0.008186
-0.001009  0.023374  -0.041359
-0.007815  0.013736  0.030577
-0.009379  -0.022091  -0.016321
0.001118  -0.006596  0.004319
0.007468  0.024859  0.010949
0.005735  -0.030517  0.004242
-0.001076  -0.001009  -0.004369
-0.003811  0.000777  -0.001581
-0.001250  -0.008105  0.001435
-0.000895  -0.003032  0.002938
0.000614  -0.000933  0.002169
-0.000808  -0.000846  0.004132
0.002798  0.000688  -0.001415
0.000999  0.004675  -0.001813
-0.016888  -0.002693  0.012287
0.000375  0.001669  0.008200
0.018757  -0.009108  0.007616
-0.001817  0.030411  -0.021798
0.003213  0.002352  -0.037621
-0.000719  -0.000688  0.002435
-0.002145  -0.003088  -0.001273
-0.000886  -0.009576  0.003174
-0.000586  -0.000906  0.004495
-0.000672  -0.005384  0.001963
0.002567  -0.002366  0.000301
-0.002549  0.001513  0.001580
0.000078  -0.000350  0.005743
0.000207  -0.002893  0.001764
0.002092  0.002842  0.002393
0.000128  -0.002142  0.002003
-0.001247  0.017641  -0.028244
-0.002193  0.011028  -0.000934
0.003162  0.004008  0.008677
-0.006295  0.015306  0.002976
0.000366  -0.004590  -0.008747
-0.001211  0.002491  -0.000213
-0.003838  0.002413  0.004804
0.003662  0.002325  0.000196
0.002448  0.002881  0.001184
-0.000645  0.000049  -0.000737
-0.000691  -0.001854  -0.001079
-0.002132  -0.001816  -0.002607
0.004287  -0.004173  0.000797
-0.000305  -0.001644  -0.003062
0.007366  -0.009372  -0.011154
-0.005077  -0.009689  0.000514
0.022849  -0.002238  -0.001068
-0.001729  0.001362  0.000858
0.006748  0.004004  0.002586
-0.005717  0.002304  0.001699
0.008793  0.003621  0.002126
-0.001792  0.000393  0.000140
0.004026  0.000689  0.001057
0.001908  -0.004847  -0.002994
-0.002722  0.004346  0.003083
-0.004466  0.000049  -0.000711
0.002131  -0.001039  -0.000172
-0.008192  -0.003852  -0.001953
0.005892  -0.004369  -0.002573
-0.005235  -0.003064  -0.002169
0.003360  -0.001936  -0.001675
-0.023276  0.001591  0.000914
0.003366  0.009353  -0.000707
-0.007380  0.010167  0.012163
-0.000648  0.001942  0.003112
-0.003798  0.003967  -0.000736
0.002476  0.002055  0.002618
0.000663  0.002585  0.001198
0.000930  0.000250  0.000441
-0.002170  -0.002198  -0.001466
-0.002022  -0.002488  -0.000149
0.002949  -0.002189  -0.004307
0.000976  -0.002647  0.000138
-0.002438  0.004524  0.009269
0.006463  -0.014490  -0.002264
-0.004919  -0.003898  -0.008105
0.000393  -0.010402  0.000445
-0.000297  -0.016374  0.030281
-0.000511  0.001654  -0.001650
-0.001361  -0.002259  -0.002667
-0.000620  0.002602  -0.002396
-0.000483  -0.000253  -0.005636
0.002118  -0.000379  -0.002399
-0.002395  0.003527  -0.000307
0.000975  0.004085  -0.002374
0.000720  0.000367  -0.003569
0.000619  0.008864  -0.003248
0.002603  0.003461  0.000585
-0.000524  -0.000242  -0.002883
-0.002307  -0.003880  0.036632
0.003691  -0.029693  0.021407
-0.017648  0.008597  -0.009048
-0.000789  -0.003043  -0.009205
0.019091  0.002562  -0.011565
-0.001320  -0.005216  0.002123
-0.003281  -0.000353  0.001228
-0.000407  0.000888  -0.004555
0.000011  0.001215  -0.001459
-0.000290  0.003471  -0.003948
0.000272  0.008965  -0.000453
0.003042  -0.001645  0.000391
0.000924  0.002128  0.005502
-0.008496  0.031297  -0.003648
-0.009184  -0.024331  -0.010274
-0.000767  0.005715  -0.004055
0.007832  0.021362  0.016078
0.005804  -0.011698  -0.028049
-0.000737  -0.024107  0.042304
-0.002196  -0.003472  -0.007507
0.000984  0.000965  -0.006684
0.002652  0.001142  0.004465
-0.003653  0.001741  0.000739
-0.002540  -0.001131  0.004956
0.004065  -0.001792  -0.000103
-0.002949  -0.004112  0.000817
-0.001950  0.024444  -0.003731
0.001587  0.013469  0.000721
-0.000493  0.004322  0.001608
-0.047830  0.020897  -0.069353
0.048165  0.048934  -0.050578
0.009326  0.059787  0.019659
0.000024  -0.008332  -0.011766
0.001734  -0.008919  -0.022905
-0.008359  -0.048682  -0.043671
0.002858  -0.003730  0.003011
0.002710  -0.003426  -0.002180
-0.000405  0.001375  -0.002744
0.000050  0.004928  -0.009078
-0.003687  0.004521  0.012616
0.004078  -0.004454  0.001141
-0.000022  -0.006457  -0.002692
-0.007848  -0.034587  -0.003196
0.001373  0.070068  -0.013332
0.015264  -0.022976  0.014561
0.000843  -0.023020  -0.066818
0.006591  0.019937  0.030371
-0.001424  0.044792  -0.076374
-0.004775  0.001304  0.004492
0.004327  -0.012294  0.002465
-0.017197  -0.001326  0.027038
0.001753  0.002129  -0.002563
0.000084  0.005658  0.004675
-0.002153  -0.002082  0.011611
-0.000804  -0.004628  -0.010997
0.002716  0.024603  -0.005158
0.016214  0.011485  0.004503
0.011070  -0.007426  0.003725
0.002367  -0.086604  -0.000547
-0.002176  0.044685  0.076336
-0.050048  0.045022  0.050746
-0.015590  -0.010380  -0.007306
-0.002296  -0.006153  -0.023940
0.048542  -0.070081  -0.015254
0.000977  0.010988  -0.000627
0.002148  -0.009249  0.007710
-0.009894  0.000687  0.008366
0.002889  0.001780  -0.010772
-0.002389  0.008862  -0.007141
-0.000641  0.011823  0.006328
0.013356  0.004856  -0.004023
0.049337  0.017299  0.064147
0.001801  -0.029909  -0.048549
0.002904  -0.032000  -0.019247
-0.002323  0.055978  0.001873
-0.051004  -0.065542  0.015846
0.000313  0.016603  -0.026658
-0.013413  0.002111  -0.006736
0.001013  -0.011060  -0.005983
-0.000989  0.032300  0.018133
-0.000361  0.009471  -0.015720
-0.010493  -0.006273  0.026029
-0.011935  0.011125  0.003628
0.014150  -0.008685  -0.008217
0.009951  -0.018075  0.018353
-0.002244  -0.004676  -0.034531
0.001577  -0.003714  -0.011645
-0.002074  -0.014483  0.063069
0.002643  -0.046766  0.043381
-0.011898  -0.010607  0.026503
-0.002477  0.013898  -0.002362
0.003046  0.030884  -0.012805
0.013742  -0.018347  0.020684
-0.012538  0.017196  -0.021585
-0.002263  -0.031937  0.013381
0.001270  -0.012785  0.002336
0.013316  0.009758  -0.027167
-0.002044  0.046363  -0.043460
0.002599  0.015430  -0.062059
-0.002070  0.004679  0.012384
0.004418  0.004319  0.033741
-0.011197  0.018180  -0.018873
-0.012816  0.009564  0.008118
0.013281  -0.011040  -0.003818
0.009466  0.006715  -0.025498
0.000586  -0.008601  0.017210
0.002501  -0.032892  -0.019098
-0.000586  0.011744  0.007315
0.012634  -0.000687  0.006202
0.001033  -0.014797  0.026700
0.050206  0.062587  -0.016875
0.001761  -0.055287  -0.000427
-0.001212  0.033748  0.019601
-0.002084  0.027732  0.046582
-0.050355  -0.016681  -0.063381
-0.014531  -0.004776  0.004805
0.001613  -0.011098  -0.006579
0.002471  -0.008385  0.005824
-0.001680  -0.002239  0.011107
0.011489  -0.001432  -0.008474
-0.002350  0.008692  -0.007545
-0.000847  -0.011834  0.002100
-0.050427  0.066340  0.014325
0.003307  0.007540  0.023857
0.015520  0.008962  0.007352
0.048178  -0.048710  -0.054093
0.003857  -0.043671  -0.074193
-0.002031  0.088948  0.000549
-0.009896  0.008042  -0.003789
-0.015559  -0.012417  -0.005293
-0.002542  -0.022971  0.006362
0.001012  0.004752  0.009255
0.002750  0.001529  -0.011280
-0.000134  -0.005627  -0.005238
-0.000515  -0.002578  0.003228
0.015951  0.000594  -0.025925
-0.005588  0.014016  -0.003114
0.004011  -0.001125  -0.003285
-0.001627  -0.045300  0.075247
-0.009520  -0.018099  -0.027916
-0.000416  0.023230  0.066058
-0.016104  0.023253  -0.013908
0.000791  -0.070730  0.013802
0.007507  0.035745  0.002138
-0.000212  0.006455  0.001349
-0.004338  0.005153  -0.000137
0.002626  -0.004510  -0.012872
-0.001302  -0.004934  0.007468
0.002319  -0.000918  0.004662
-0.001297  0.003715  0.001150
-0.001936  0.003406  -0.002985
0.009033  0.047365  0.041068
-0.001657  0.009152  0.022229
0.002391  0.007601  0.011624
-0.009446  -0.061762  -0.020467
-0.047818  -0.050193  0.052959
0.048688  -0.019098  0.068723
0.002026  -0.003366  -0.001816
0.000034  -0.014412  -0.001081
0.001746  -0.023124  0.003289
0.002512  0.003882  -0.001998
-0.002430  0.001611  0.001573
0.002901  -0.000019  -0.005313
0.003932  -0.001005  -0.002110
-0.002551  -0.002163  -0.003384
-0.001134  0.000179  0.006894
0.001418  0.003195  0.008186
-0.001009  0.023374  -0.041359
-0.007815  0.013736  0.030577
-0.009379  -0.022091  -0.016321
0.001118  -0.006596  0.004319
0.007468  0.024859  0.010949
0.005735  -0.030517  0.004242
-0.001076  -0.001009  -0.004369
-0.003811  0.000777  -0.001581
-0.001250  -0.008105  0.001435
-0.000895  -0.003032  0.002938
0.000614  -0.000933  0.002169
-0.000808  -0.000846  0.004132
0.002798  0.000688  -0.001415
0.000999  0.004675  -0.001813
-0.016888  -0.002693  0.012287
0.000375  0.001669  0.008200
0.018757  -0.009108  0.007616
-0.001817  0.030411  -0.021798
0.003213  0.002352  -0.037621
-0.000719  -0.000688  0.002435
-0.002145  -0.003088  -0.001273
-0.000886  -0.009576  0.003174
-0.000586  -0.000906  0.004495
-0.000672  -0.005384  0.001963
0.002567  -0.002366  0.000301
-0.002549  0.001513  0.001580
0.000078  -0.000350  0.005743
0.000207  -0.002893  0.001764
0.002092  0.002842  0.002393
0.000128  -0.002142  0.002003
-0.001247  0.017641  -0.028244
-0.002193  0.011028  -0.000934
0.003162  0.004008  0.008677
-0.006295  0.015306  0.002976
0.000366  -0.004590  -0.008747
-0.001211  0.002491  -0.000213
-0.003838  0.002413  0.004804
0.003662  0.002325  0.000196
0.002448  0.002881  0.001184
-0.000645  0.000049  -0.000737
-0.000691  -0.001854  -0.001079
-0.002132  -0.001816  -0.002607
0.004287  -0.004173  0.000797
-0.000305  -0.001644  -0.003062
0.007366  -0.009372  -0.011154
-0.005077  -0.009689  0.000514
0.022849  -0.002238  -0.001068
-0.001729  0.001362  0.000858
0.006748  0.004004  0.002586
-0.005717  0.002304  0.001699
0.008793  0.003621  0.002126
-0.001792  0.000393  0.000140
0.004026  0.000689  0.001057
0.001908  -0.004847  -0.002994
-0.002722  0.004346  0.003083
-0.004466  0.000049  -0.000711
0.002131  -0.001039  -0.000172
-0.008192  -0.003852  -0.001953
0.005892  -0.004369  -0.002573
-0.005235  -0.003064  -0.002169
0.003360  -0.001936  -0.001675
-0.023276  0.001591  0.000914
0.003366  0.009353  -0.000707
-0.007380  0.010167  0.012163
-0.000648  0.001942  0.003112
-0.003798  0.003967  -0.000736
0.002476  0.002055  0.002618
0.000663  0.002585  0.001198
0.000930  0.000250  0.000441
-0.002170  -0.002198  -0.001466
-0.002022  -0.002488  -0.000149
0.002949  -0.002189  -0.004307
0.000976  -0.002647  0.000138
-0.002438  0.004524  0.009269
0.006463  -0.014490  -0.002264
-0.004919  -0.003898  -0.008105
0.000393  -0.010402  0.000445
-0.000297  -0.016374  0.030281
-0.000511  0.001654  -0.001650
-0.001361  -0.002259  -0.002667
-0.000620  0.002602  -0.002396
-0.000483  -0.000253  -0.005636
0.002118  -0.000379  -0.002399
-0.002395  0.003527  -0.000307
0.000975  0.004085  -0.002374
0.000720  0.000367  -0.003569
0.000619  0.008864  -0.003248
0.002603  0.003461  0.000585
-0.000524  -0.000242  -0.002883
-0.002307  -0.003880  0.036632
0.003691  -0.029693  0.021407
-0.017648  0.008597  -0.009048
-0.000789  -0.003043  -0.009205
0.019091  0.002562  -0.011565
-0.001320  -0.005216  0.002123
-0.003281  -0.000353  0.001228
-0.000407  0.000888  -0.004555
0.000011  0.001215  -0.001459
-0.000290  0.003471  -0.003948
0.000272  0.008965  -0.000453
0.003042  -0.001645  0.000391
0.000924  0.002128  0.005502
-0.008496  0.031297  -0.003648
-0.009184  -0.024331  -0.010274
-0.000767  0.005715  -0.004055
0.007832  0.021362  0.016078
0.005804  -0.011698  -0.028049
-0.000737  -0.024107  0.042304
-0.002196  -0.003472  -0.007507
0.000984  0.000965  -0.006684
0.002652  0.001142  0.004465
-0.003653  0.001741  0.000739
-0.002540  -0.001131  0.004956
0.004065  -0.001792  -0.000103
-0.002949  -0.004112  0.000817
-0.001950  0.024444  -0.003731
0.001587  0.013469  0.000721
-0.000493  0.004322  0.001608
-0.047830  0.020897  -0.069353
0.048165  0.048934  -0.050578
0.009326  0.059787  0.019659
0.000024  -0.008332  -0.011766
0.001734  -0.008919  -0.022905
-0.008359  -0.048682  -0.043671
0.002858  -0.003730  0.003011
0.002710  -0.003426  -0.002180
-0.000405  0.001375  -0.002744
0.000050  0.004928  -0.009078
-0.003687  0.004521  0.012616
0.004078  -0.004454  0.001141
-0.000022  -0.006457  -0.002692
-0.007848  -0.034587  -0.003196
0.001373  0.070068  -0.013332
0.015264  -0.022976  0.014561
0.000843  -0.023020  -0.066818
0.006591  0.019937  0.030371
-0.001424  0.044792  -0.076374
-0.004775  0.001304  0.004492
0.004327  -0.012294  0.002465
-0.017197  -0.001326  0.027038
0.001753  0.002129  -0.002563
0.000084  0.005658  0.004675
-0.002153  -0.002082  0.011611
-0.000804  -0.004628  -0.010997
0.002716  0.024603  -0.005158
0.016214  0.011485  0.004503
0.011070  -0.007426  0.003725
0.002367  -0.086604  -0.000547
-0.002176  0.044685  0.076336
-0.050048  0.045022  0.050746
-0.015590  -0.010380  -0.007306
-0.002296  -0.006153  -0.023940
0.048542  -0.070081  -0.015254
0.000977  0.010988  -0.000627
0.002148  -0.009249  0.007710
-0.009894  0.000687  0.008366
0.002889  0.001780  -0.010772
-0.002389  0.008862  -0.007141
-0.000641  0.011823  0.006328
0.013356  0.004856  -0.004023
0.049337  0.017299  0.064147
0.001801  -0.029909  -0.048549
0.002904  -0.032000  -0.019247
-0.002323  0.055978  0.001873
-0.051004  -0.065542  0.015846
0.000313  0.016603  -0.026658
-0.013413  0.002111  -0.006736
0.001013  -0.011060  -0.005983
-0.000989  0.032300  0.018133
-0.000361  0.009471  -0.015720
-0.010493  -0.006273  0.026029
-0.011935  0.011125  0.003628
0.014150  -0.008685  -0.008217
0.009951  -0.018075  0.018353
-0.002244  -0.004676  -0.034531
0.001577  -0.003714  -0.011645
-0.002074  -0.014483  0.063069
0.002643  -0.046766  0.043381
-0.011898  -0.010607  0.026503
-0.002477  0.013898  -0.002362
0.003046  0.030884  -0.012805
0.013742  -0.018347  0.020684
-0.012538  0.017196  -0.021585
-0.002263  -0.031937  0.013381
0.001270  -0.012785  0.002336
0.013316  0.009758  -0.027167
-0.002044  0.046363  -0.043460
0.002599  0.015430  -0.062059
-0.002070  0.004679  0.012384
0.004418  0.004319  0.033741
-0.011197  0.018180  -0.018873
-0.012816  0.009564  0.008118
0.013281  -0.011040  -0.003818
0.009466  0.006715  -0.025498
0.000586  -0.008601  0.017210
0.002501  -0.032892  -0.019098
-0.000586  0.011744  0.007315
0.012634  -0.000687  0.006202
0.001033  -0.014797  0.026700
0.050206  0.062587  -0.016875
0.001761  -0.055287  -0.000427
-0.001212  0.033748  0.019601
-0.002084  0.027732  0.046582
-0.050355  -0.016681  -0.063381
-0.014531  -0.004776  0.004805
0.001613  -0.011098  -0.006579
0.002471  -0.008385  0.005824
-0.001680  -0.002239  0.011107
0.011489  -0.001432  -0.008474
-0.002350  0.008692  -0.007545
-0.000847  -0.011834  0.002100
-0.050427  0.066340  0.014325
0.003307  0.007540  0.023857
0.015520  0.008962  0.007352
0.048178  -0.048710  -0.054093
0.003857  -0.043671  -0.074193
-0.002031  0.088948  0.000549
-0.009896  0.008042  -0.003789
-0.015559  -0.012417  -0.005293
-0.002542  -0.022971  0.006362
0.001012  0.004752  0.009255
0.002750  0.001529  -0.011280
-0.000134  -0.005627  -0.005238
-0.000515  -0.002578  0.003228
0.015951  0.000594  -0.025925
-0.005588  0.014016  -0.003114
0.004011  -0.001125  -0.003285
-0.001627  -0.045300  0.075247
-0.009520  -0.018099  -0.027916
-0.000416  0.023230  0.066058
-0.016104  0.023253  -0.013908
0.000791  -0.070730  0.013802
0.007507  0.035745  0.002138
-0.000212  0.006455  0.001349
-0.004338  0.005153  -0.000137
0.002626  -0.004510  -0.012872
-0.001302  -0.004934  0.007468
0.002319  -0.000918  0.004662
-0.001297  0.003715  0.001150
-0.001936  0.003406  -0.002985
0.009033  0.047365  0.041068
-0.001657  0.009152  0.022229
0.002391  0.007601  0.011624
-0.009446  -0.061762  -0.020467
-0.047818  -0.050193  0.052959
0.048688  -0.019098  0.068723
0.002026  -0.003366  -0.001816
0.000034  -0.014412  -0.001081
0.001746  -0.023124  0.003289
0.002512  0.003882  -0.001998
-0.002430  0.001611  0.001573
0.002901  -0.000019  -0.005313
0.003932  -0.001005  -0.002110
-0.002551  -0.002163  -0.003384
-0.001134  0.000179  0.006894
0.001418  0.003195  0.008186
-0.001009  0.023374  -0.041359
-0.007815  0.013736  0.030577
-0.009379  -0.022091  -0.016321
0.001118  -0.006596  0.004319
0.007468  0.024859  0.010949
0.005735  -0.030517  0.004242
-0.001076  -0.001009  -0.004369
-0.003811  0.000777  -0.001581
-0.001250  -0.008105  0.001435
-0.000895  -0.003032  0.002938
0.000614  -0.000933  0.002169
-0.000808  -0.000846  0.004132
0.002798  0.000688  -0.001415
0.000999  0.004675  -0.001813
-0.016888  -0.002693  0.012287
0.000375  0.001669  0.008200
0.018757  -0.009108  0.007616
-0.001817  0.030411  -0.021798
0.003213  0.002352  -0.037621
-0.000719  -0.000688  0.002435
-0.002145  -0.003088  -0.001273
-0.000886  -0.009576  0.003174
-0.000586  -0.000906  0.004495
-0.000672  -0.005384  0.001963
0.002567  -0.002366  0.000301
-0.002549  0.001513  0.001580
0.000078  -0.000350  0.005743
0.000207  -0.002893  0.001764
0.002092  0.002842  0.002393
0.000128  -0.002142  0.002003
-0.001247  0.017641  -0.028244
-0.002193  0.011028  -0.000934
0.003162  0.004008  0.008677
-0.006295  0.015306  0.002976
0.000366  -0.004590  -0.008747
-0.001211  0.002491  -0.000213
-0.003838  0.002413  0.004804
0.003662  0.002325  0.000196
0.002448  0.002881  0.001184
-0.000645  0.000049  -0.000737
-0.000691  -0.001854  -0.001079
-0.002132  -0.001816  -0.002607
0.004287  -0.004173  0.000797
-0.000305  -0.001644  -0.003062
0.007366  -0.009372  -0.011154
-0.005077  -0.009689  0.000514
0.022849  -0.002238  -0.001068
-0.001729  0.001362  0.000858
0.006748  0.004004  0.002586
-0.005717  0.002304  0.001699
0.008793  0.003621  0.002126
-0.001792  0.000393  0.000140
0.004026  0.000689  0.001057
0.001908  -0.004847  -0.002994
-0.002722  0.004346  0.003083
-0.004466  0.000049  -0.000711
0.002131  -0.001039  -0.000172
-0.008192  -0.003852  -0.001953
0.005892  -0.004369  -0.002573
-0.005235  -0.003064  -0.002169
0.003360  -0.001936  -0.001675
-0.023276  0.001591  0.000914
