0.016058  0.011309  0.011309
0.016058  0.011309  -0.011309
0.016058  -0.011309  0.011309
0.016058  -0.011309  -0.011309
0.011700  0.011700  -0.000000
0.011309  0.016058  0.011309
0.011309  0.016058  -0.011309
0.011700  0.000000  0.011700
0.011309  0.011309  0.016058
-0.026187  0.000000  -0.000000
-0.003153  -0.003153  -0.003153
0.011700  0.000000  -0.011700
-0.003153  -0.003153  0.003153
0.011309  0.011309  -0.016058
0.011309  -0.011309  0.016058
0.011700  -0.011700  -0.000000
-0.003153  0.003153  -0.003153
-0.003153  0.003153  0.003153
0.011309  -0.011309  -0.016058
0.011309  -0.016058  0.011309
0.011309  -0.016058  -0.011309
0.000000  0.011700  0.011700
0.000000  -0.026187  -0.000000
-0.011309  0.016058  0.011309
0.000000  0.011700  -0.011700
-0.011309  0.016058  -0.011309
0.000000  0.000000  -0.026187
-0.011309  0.011309  0.016058
0.000000  -0.000000  -0.000000
0.003153  -0.003153  -0.003153
0.000000  0.000000  0.026187
0.003153  -0.003153  0.003153
-0.011309  0.011309  -0.016058
0.000000  -0.011700  0.011700
-0.011309  -0.011309  0.016058
0.000000  0.026187  -0.000000
0.003153  0.003153  -0.003153
0.000000  -0.011700  -0.011700
0.003153  0.003153  0.003153
-0.011309  -0.011309  -0.016058
-0.011309  -0.016058  0.011309
-0.011309  -0.016058  -0.011309
-0.011700  0.011700  -0.000000
-0.011700  0.000000  0.011700
0.026187  -0.000000  -0.000000
-0.016058  0.011309  0.011309
-0.011700  0.000000  -0.011700
-0.016058  0.011309  -0.011309
-0.011700  -0.011700  -0.000000
-0.016058  -0.011309  0.011309
-0.016058  -0.011309  -0.011309
