0.017163  0.007478  -0.006851
-0.005568  0.001466  0.005860
0.004489  0.002038  0.001830
-0.009648  0.005443  0.004260
-0.002559  0.000878  0.005801
-0.001265  -0.002391  -0.003376
0.004147  -0.003390  0.000223
-0.001848  0.002163  -0.002709
-0.003216  0.000246  0.001673
-0.000973  0.000913  -0.002615
-0.001668  0.005824  0.000490
0.000276  -0.008477  0.006807
0.006504  -0.003678  -0.005451
0.003741  -0.003133  -0.002941
0.006176  -0.005584  -0.007027
-0.011926  -0.009155  0.012213
0.001524  0.008295  0.000136
-0.008706  0.013985  -0.007094
0.000480  -0.000372  -0.003034
-0.000765  0.000091  -0.004733
0.001897  0.004179  0.003384
0.001039  0.001511  -0.002539
0.002990  0.002971  0.000328
-0.004591  0.000678  -0.004123
-0.001481  -0.010042  -0.002521
0.003836  -0.000277  -0.002506
-0.002963  0.006460  -0.000566
-0.006788  -0.006226  0.007749
0.013958  -0.004029  -0.010516
0.002022  0.001640  -0.014947
-0.011406  0.000509  -0.003487
0.009640  0.003991  0.012791
-0.000642  0.002117  0.003067
-0.000207  -0.003467  -0.000906
-0.001213  0.003617  -0.005380
0.000505  -0.003620  0.001288
-0.000673  -0.003734  -0.001372
-0.001793  -0.003523  0.001257
0.003927  0.006589  -0.000621
-0.002402  0.003053  -0.000364
0.004554  -0.011445  0.005747
-0.014279  0.014363  -0.006241
0.005641  0.007135  -0.002828
0.017525  0.018537  -0.040661
0.002977  -0.046999  0.068168
-0.030727  0.020467  -0.040374
0.005756  -0.002071  -0.019935
0.000778  0.007362  0.004794
-0.004060  0.000435  0.002319
0.000316  -0.001577  0.003286
0.004451  -0.001601  -0.004318
-0.002880  0.001434  -0.006572
0.003594  0.006197  -0.001531
0.006578  0.013588  -0.006449
-0.004818  0.005826  0.001556
-0.000094  0.001509  0.000686
0.054752  0.009312  0.054451
-0.062862  0.005616  -0.026018
0.004760  -0.009224  -0.007521
-0.005802  0.001128  -0.004854
0.064412  0.025037  -0.025899
-0.057289  -0.046446  0.021157
-0.000155  0.000270  -0.004418
-0.000983  -0.005696  -0.012861
-0.001682  0.002412  0.005167
0.000386  -0.001501  0.006266
-0.005597  -0.008307  0.000229
-0.006788  -0.004989  0.005616
0.003317  -0.004941  0.001638
-0.000772  0.032611  -0.007091
-0.008512  -0.002661  0.003269
0.008456  0.018426  0.020055
-0.080852  -0.050241  -0.063694
-0.006397  0.180901  -0.307635
0.074435  0.076113  0.009613
-0.004597  -0.017894  -0.010943
0.006736  -0.002860  -0.000745
-0.000955  -0.013715  -0.023880
0.011002  0.001248  0.006803
-0.000650  -0.003769  0.009220
-0.003012  0.001691  -0.010148
0.006637  0.006381  -0.010634
-0.010371  -0.009006  0.003797
-0.008176  -0.001462  -0.001025
0.000883  -0.002563  0.005449
0.004605  -0.003287  -0.011043
-0.075699  0.080957  -0.003378
0.066561  0.005325  0.040406
-0.064127  -0.034711  0.006965
0.079858  -0.029232  -0.077364
0.000118  0.005044  0.008893
0.001142  0.006524  0.004386
0.008837  -0.013453  0.005905
-0.000460  0.000305  0.007607
-0.003276  0.008598  -0.003766
-0.000853  0.000725  0.005848
-0.001266  -0.008471  0.000155
-0.003615  0.002960  -0.015640
-0.064533  0.011116  -0.050847
0.022781  0.024423  0.034191
0.006748  0.007278  0.012617
0.003681  -0.357604  0.001467
-0.004687  -0.009160  -0.007267
0.000097  0.183758  0.321801
0.011166  -0.003561  -0.000111
-0.020260  -0.043582  -0.002700
0.059362  0.040326  -0.027079
-0.002219  0.017953  -0.002007
0.009386  -0.006658  0.006359
-0.015904  -0.010815  0.001628
0.001542  -0.001939  -0.012121
-0.002582  0.007816  -0.005728
0.001270  -0.004206  0.012343
-0.005808  -0.008919  -0.019766
0.074979  -0.040904  0.065659
0.066328  -0.049946  -0.017435
-0.000519  -0.043053  -0.076247
-0.004490  0.086062  -0.007399
-0.052621  0.040406  0.035952
-0.076122  -0.028051  0.070155
0.000607  0.004879  0.010788
0.006532  0.003365  0.006234
-0.007723  0.007881  0.008324
-0.008737  0.009320  -0.022734
-0.000035  -0.004843  0.043070
-0.011065  0.005559  0.006825
0.021114  -0.019320  -0.007870
-0.000145  -0.026648  0.027881
-0.025336  0.015326  0.038737
0.000882  0.014492  0.003275
0.062259  -0.026449  -0.007865
-0.001041  -0.024359  0.023216
-0.067645  0.034088  0.025785
-0.007133  -0.002750  -0.009656
0.009188  0.009660  0.000005
0.028130  -0.043663  -0.002270
-0.035735  0.026224  -0.024780
-0.007142  -0.010578  0.009700
0.012673  -0.024143  0.000438
0.027818  0.016372  -0.032773
0.014831  0.050052  -0.048645
-0.002743  0.009155  -0.063389
-0.001633  0.010552  0.019429
-0.014034  -0.016446  -0.003806
0.011150  0.005321  0.001551
0.010317  0.007054  -0.006065
-0.011296  -0.005982  -0.007895
-0.005958  0.009452  -0.008686
-0.003165  -0.002959  -0.011549
-0.001313  0.000586  -0.015786
-0.016200  0.012086  0.002981
0.009936  0.015273  -0.002343
-0.004929  0.010050  -0.022682
0.058479  0.106930  0.010557
0.004326  -0.080099  0.003445
0.015536  0.004420  -0.015984
-0.001138  0.040905  0.073825
-0.065057  -0.066041  -0.091071
-0.004680  0.007505  0.013531
0.004949  -0.012166  -0.016677
0.016211  -0.011841  0.008870
-0.007646  -0.012982  0.009372
-0.000392  0.010071  -0.015149
0.001076  0.011740  -0.003607
-0.002984  -0.014186  -0.005805
-0.070157  0.102759  -0.012773
0.022293  0.026450  0.028782
0.016749  0.000346  -0.003860
0.064576  -0.047869  -0.104947
-0.000038  -0.099792  -0.169016
0.004237  0.218865  -0.009846
0.002224  0.005089  -0.006478
-0.019372  0.001762  -0.021724
-0.027601  -0.033700  -0.001475
-0.005044  0.009319  0.024667
0.006205  -0.000255  -0.002570
-0.007134  -0.001747  -0.005127
0.002144  0.002569  -0.007599
0.016248  0.003606  -0.031507
-0.000887  0.011094  0.007727
-0.000944  -0.003028  -0.000494
-0.007499  -0.115326  0.186294
-0.000651  0.012867  0.021653
-0.001481  0.014742  0.064547
-0.000004  0.038812  -0.008453
-0.012487  -0.067306  0.018277
0.005162  -0.024525  -0.006625
0.005450  0.003586  -0.005082
-0.001071  0.007576  0.000700
0.003157  -0.013523  -0.004879
-0.007132  -0.006718  0.005294
0.004411  -0.001891  0.007224
0.002624  0.010636  0.002124
-0.005675  -0.002433  -0.006245
0.003954  0.049245  0.045093
-0.000387  0.012924  0.022175
-0.008212  0.011977  0.005586
0.002993  -0.060455  -0.021377
-0.058573  -0.046393  0.101578
0.070008  -0.064867  0.081949
0.004957  -0.009968  -0.002695
-0.000246  -0.010634  -0.008505
0.006775  -0.022699  -0.004754
0.000098  0.002524  -0.003940
0.000436  0.000210  0.001805
0.008175  0.005606  -0.004328
-0.002505  0.000382  -0.005327
-0.002240  -0.001962  -0.003633
0.009838  0.000260  0.013650
-0.000874  0.003347  0.008176
-0.005316  0.041905  -0.070407
-0.025713  0.013760  0.037045
-0.016666  -0.031817  -0.014272
0.003560  -0.010301  0.004457
-0.001592  0.041189  0.017064
0.037784  -0.034270  0.008526
-0.004126  -0.001858  -0.001445
-0.004901  0.003942  -0.003380
-0.007061  -0.009799  0.000998
0.002188  0.002098  0.000832
0.003027  -0.004383  0.007043
-0.005581  -0.003783  0.005289
0.006651  0.002373  -0.004489
0.003199  0.000584  -0.005889
-0.014905  -0.002962  0.000453
-0.000174  0.000082  0.014100
0.012108  0.003665  0.007538
0.007908  0.013988  -0.002191
0.003238  -0.015658  -0.005204
0.000402  0.002059  0.003235
0.005671  -0.006294  0.005375
0.001770  -0.011968  0.015490
-0.000960  -0.002904  0.000040
0.000047  -0.002505  0.000735
0.002714  -0.005949  -0.000798
-0.000356  0.000864  0.001047
-0.003266  0.003545  0.002159
-0.000870  -0.001905  -0.001123
-0.001222  -0.002734  0.010823
-0.006831  -0.004929  -0.001429
-0.012696  0.013524  -0.022795
0.017751  -0.003147  0.010660
0.000610  0.003090  0.002066
-0.008180  0.008304  -0.001309
-0.002363  0.007393  0.007142
-0.000146  -0.006763  0.000399
-0.003961  -0.003314  0.005628
0.000458  0.007177  0.002334
0.000540  0.001262  0.003901
0.001099  -0.002821  0.004583
-0.002167  -0.000905  0.003326
0.007162  -0.004977  -0.004259
-0.003327  -0.005193  -0.000037
0.002761  -0.001015  0.003947
0.000415  -0.018544  0.002044
0.000639  -0.000525  -0.002970
0.017163  0.007478  -0.006851
-0.005568  0.001466  0.005860
0.004489  0.002038  0.001830
-0.009648  0.005443  0.004260
-0.002559  0.000878  0.005801
-0.001265  -0.002391  -0.003376
0.004147  -0.003390  0.000223
-0.001848  0.002163  -0.002709
-0.003216  0.000246  0.001673
-0.000973  0.000913  -0.002615
-0.001668  0.005824  0.000490
0.000276  -0.008477  0.006807
0.006504  -0.003678  -0.005451
0.003741  -0.003133  -0.002941
0.006176  -0.005584  -0.007027
-0.011926  -0.009155  0.012213
0.001524  0.008295  0.000136
-0.008706  0.013985  -0.007094
0.000480  -0.000372  -0.003034
-0.000765  0.000091  -0.004733
0.001897  0.004179  0.003384
0.001039  0.001511  -0.002539
0.002990  0.002971  0.000328
-0.004591  0.000678  -0.004123
-0.001481  -0.010042  -0.002521
0.003836  -0.000277  -0.002506
-0.002963  0.006460  -0.000566
-0.006788  -0.006226  0.007749
0.013958  -0.004029  -0.010516
0.002022  0.001640  -0.014947
-0.011406  0.000509  -0.003487
0.009640  0.003991  0.012791
-0.000642  0.002117  0.003067
-0.000207  -0.003467  -0.000906
-0.001213  0.003617  -0.005380
0.000505  -0.003620  0.001288
-0.000673  -0.003734  -0.001372
-0.001793  -0.003523  0.001257
0.003927  0.006589  -0.000621
-0.002402  0.003053  -0.000364
0.004554  -0.011445  0.005747
-0.014279  0.014363  -0.006241
0.005641  0.007135  -0.002828
0.017525  0.018537  -0.040661
0.002977  -0.046999  0.068168
-0.030727  0.020467  -0.040374
0.005756  -0.002071  -0.019935
0.000778  0.007362  0.004794
-0.004060  0.000435  0.002319
0.000316  -0.001577  0.003286
0.004451  -0.001601  -0.004318
-0.002880  0.001434  -0.006572
0.003594  0.006197  -0.001531
0.006578  0.013588  -0.006449
-0.004818  0.005826  0.001556
-0.000094  0.001509  0.000686
0.054752  0.009312  0.054451
-0.062862  0.005616  -0.026018
0.004760  -0.009224  -0.007521
-0.005802  0.001128  -0.004854
0.064412  0.025037  -0.025899
-0.057289  -0.046446  0.021157
-0.000155  0.000270  -0.004418
-0.000983  -0.005696  -0.012861
-0.001682  0.002412  0.005167
0.000386  -0.001501  0.006266
-0.005597  -0.008307  0.000229
-0.006788  -0.004989  0.005616
0.003317  -0.004941  0.001638
-0.000772  0.032611  -0.007091
-0.008512  -0.002661  0.003269
0.008456  0.018426  0.020055
-0.080852  -0.050241  -0.063694
-0.006397  0.180901  -0.307635
0.074435  0.076113  0.009613
-0.004597  -0.017894  -0.010943
0.006736  -0.002860  -0.000745
-0.000955  -0.013715  -0.023880
0.011002  0.001248  0.006803
-0.000650  -0.003769  0.009220
-0.003012  0.001691  -0.010148
0.006637  0.006381  -0.010634
-0.010371  -0.009006  0.003797
-0.008176  -0.001462  -0.001025
0.000883  -0.002563  0.005449
0.004605  -0.003287  -0.011043
-0.075699  0.080957  -0.003378
0.066561  0.005325  0.040406
-0.064127  -0.034711  0.006965
0.079858  -0.029232  -0.077364
0.000118  0.005044  0.008893
0.001142  0.006524  0.004386
0.008837  -0.013453  0.005905
-0.000460  0.000305  0.007607
-0.003276  0.008598  -0.003766
-0.000853  0.000725  0.005848
-0.001266  -0.008471  0.000155
-0.003615  0.002960  -0.015640
-0.064533  0.011116  -0.050847
0.022781  0.024423  0.034191
0.006748  0.007278  0.012617
0.003681  -0.357604  0.001467
-0.004687  -0.009160  -0.007267
0.000097  0.183758  0.321801
0.011166  -0.003561  -0.000111
-0.020260  -0.043582  -0.002700
0.059362  0.040326  -0.027079
-0.002219  0.017953  -0.002007
0.009386  -0.006658  0.006359
-0.015904  -0.010815  0.001628
0.001542  -0.001939  -0.012121
-0.002582  0.007816  -0.005728
0.001270  -0.004206  0.012343
-0.005808  -0.008919  -0.019766
0.074979  -0.040904  0.065659
0.066328  -0.049946  -0.017435
-0.000519  -0.043053  -0.076247
-0.004490  0.086062  -0.007399
-0.052621  0.040406  0.035952
-0.076122  -0.028051  0.070155
0.000607  0.004879  0.010788
0.006532  0.003365  0.006234
-0.007723  0.007881  0.008324
-0.008737  0.009320  -0.022734
-0.000035  -0.004843  0.043070
-0.011065  0.005559  0.006825
0.021114  -0.019320  -0.007870
-0.000145  -0.026648  0.027881
-0.025336  0.015326  0.038737
0.000882  0.014492  0.003275
0.062259  -0.026449  -0.007865
-0.001041  -0.024359  0.023216
-0.067645  0.034088  0.025785
-0.007133  -0.002750  -0.009656
0.009188  0.009660  0.000005
0.028130  -0.043663  -0.002270
-0.035735  0.026224  -0.024780
-0.007142  -0.010578  0.009700
0.012673  -0.024143  0.000438
0.027818  0.016372  -0.032773
0.014831  0.050052  -0.048645
-0.002743  0.009155  -0.063389
-0.001633  0.010552  0.019429
-0.014034  -0.016446  -0.003806
0.011150  0.005321  0.001551
0.010317  0.007054  -0.006065
-0.011296  -0.005982  -0.007895
-0.005958  0.009452  -0.008686
-0.003165  -0.002959  -0.011549
-0.001313  0.000586  -0.015786
-0.016200  0.012086  0.002981
0.009936  0.015273  -0.002343
-0.004929  0.010050  -0.022682
0.058479  0.106930  0.010557
0.004326  -0.080099  0.003445
0.015536  0.004420  -0.015984
-0.001138  0.040905  0.073825
-0.065057  -0.066041  -0.091071
-0.004680  0.007505  0.013531
0.004949  -0.012166  -0.016677
0.016211  -0.011841  0.008870
-0.007646  -0.012982  0.009372
-0.000392  0.010071  -0.015149
0.001076  0.011740  -0.003607
-0.002984  -0.014186  -0.005805
-0.070157  0.102759  -0.012773
0.022293  0.026450  0.028782
0.016749  0.000346  -0.003860
0.064576  -0.047869  -0.104947
-0.000038  -0.099792  -0.169016
0.004237  0.218865  -0.009846
0.002224  0.005089  -0.006478
-0.019372  0.001762  -0.021724
-0.027601  -0.033700  -0.001475
-0.005044  0.009319  0.024667
0.006205  -0.000255  -0.002570
-0.007134  -0.001747  -0.005127
0.002144  0.002569  -0.007599
0.016248  0.003606  -0.031507
-0.000887  0.011094  0.007727
-0.000944  -0.003028  -0.000494
-0.007499  -0.115326  0.186294
-0.000651  0.012867  0.021653
-0.001481  0.014742  0.064547
-0.000004  0.038812  -0.008453
-0.012487  -0.067306  0.018277
0.005162  -0.024525  -0.006625
0.005450  0.003586  -0.005082
-0.001071  0.007576  0.000700
0.003157  -0.013523  -0.004879
-0.007132  -0.006718  0.005294
0.004411  -0.001891  0.007224
0.002624  0.010636  0.002124
-0.005675  -0.002433  -0.006245
0.003954  0.049245  0.045093
-0.000387  0.012924  0.022175
-0.008212  0.011977  0.005586
0.002993  -0.060455  -0.021377
-0.058573  -0.046393  0.101578
0.070008  -0.064867  0.081949
0.004957  -0.009968  -0.002695
-0.000246  -0.010634  -0.008505
0.006775  -0.022699  -0.004754
0.000098  0.002524  -0.003940
0.000436  0.000210  0.001805
0.008175  0.005606  -0.004328
-0.002505  0.000382  -0.005327
-0.002240  -0.001962  -0.003633
0.009838  0.000260  0.013650
-0.000874  0.003347  0.008176
-0.005316  0.041905  -0.070407
-0.025713  0.013760  0.037045
-0.016666  -0.031817  -0.014272
0.003560  -0.010301  0.004457
-0.001592  0.041189  0.017064
0.037784  -0.034270  0.008526
-0.004126  -0.001858  -0.001445
-0.004901  0.003942  -0.003380
-0.007061  -0.009799  0.000998
0.002188  0.002098  0.000832
0.003027  -0.004383  0.007043
-0.005581  -0.003783  0.005289
0.006651  0.002373  -0.004489
0.003199  0.000584  -0.005889
-0.014905  -0.002962  0.000453
-0.000174  0.000082  0.014100
0.012108  0.003665  0.007538
0.007908  0.013988  -0.002191
0.003238  -0.015658  -0.005204
0.000402  0.002059  0.003235
0.005671  -0.006294  0.005375
0.001770  -0.011968  0.015490
-0.000960  -0.002904  0.000040
0.000047  -0.002505  0.000735
0.002714  -0.005949  -0.000798
-0.000356  0.000864  0.001047
-0.003266  0.003545  0.002159
-0.000870  -0.001905  -0.001123
-0.001222  -0.002734  0.010823
-0.006831  -0.004929  -0.001429
-0.012696  0.013524  -0.022795
0.017751  -0.003147  0.010660
0.000610  0.003090  0.002066
-0.008180  0.008304  -0.001309
-0.002363  0.007393  0.007142
-0.000146  -0.006763  0.000399
-0.003961  -0.003314  0.005628
0.000458  0.007177  0.002334
0.000540  0.001262  0.003901
0.001099  -0.002821  0.004583
-0.002167  -0.000905  0.003326
0.007162  -0.004977  -0.004259
-0.003327  -0.005193  -0.000037
0.002761  -0.001015  0.003947
0.000415  -0.018544  0.002044
0.000639  -0.000525  -0.002970
0.017163  0.007478  -0.006851
-0.005568  0.001466  0.005860
0.004489  0.002038  0.001830
-0.009648  0.005443  0.004260
-0.002559  0.000878  0.005801
-0.001265  -0.002391  -0.003376
0.004147  -0.003390  0.000223
-0.001848  0.002163  -0.002709
-0.003216  0.000246  0.001673
-0.000973  0.000913  -0.002615
-0.001668  0.005824  0.000490
0.000276  -0.008477  0.006807
0.006504  -0.003678  -0.005451
0.003741  -0.003133  -0.002941
0.006176  -0.005584  -0.007027
-0.011926  -0.009155  0.012213
0.001524  0.008295  0.000136
-0.008706  0.013985  -0.007094
0.000480  -0.000372  -0.003034
-0.000765  0.000091  -0.004733
0.001897  0.004179  0.003384
0.001039  0.001511  -0.002539
0.002990  0.002971  0.000328
-0.004591  0.000678  -0.004123
-0.001481  -0.010042  -0.002521
0.003836  -0.000277  -0.002506
-0.002963  0.006460  -0.000566
-0.006788  -0.006226  0.007749
0.013958  -0.004029  -0.010516
0.002022  0.001640  -0.014947
-0.011406  0.000509  -0.003487
0.009640  0.003991  0.012791
-0.000642  0.002117  0.003067
-0.000207  -0.003467  -0.000906
-0.001213  0.003617  -0.005380
0.000505  -0.003620  0.001288
-0.000673  -0.003734  -0.001372
-0.001793  -0.003523  0.001257
0.003927  0.006589  -0.000621
-0.002402  0.003053  -0.000364
0.004554  -0.011445  0.005747
-0.014279  0.014363  -0.006241
0.005641  0.007135  -0.002828
0.017525  0.018537  -0.040661
0.002977  -0.046999  0.068168
-0.030727  0.020467  -0.040374
0.005756  -0.002071  -0.019935
0.000778  0.007362  0.004794
-0.004060  0.000435  0.002319
0.000316  -0.001577  0.003286
0.004451  -0.001601  -0.004318
-0.002880  0.001434  -0.006572
0.003594  0.006197  -0.001531
0.006578  0.013588  -0.006449
-0.004818  0.005826  0.001556
-0.000094  0.001509  0.000686
0.054752  0.009312  0.054451
-0.062862  0.005616  -0.026018
0.004760  -0.009224  -0.007521
-0.005802  0.001128  -0.004854
0.064412  0.025037  -0.025899
-0.057289  -0.046446  0.021157
-0.000155  0.000270  -0.004418
-0.000983  -0.005696  -0.012861
-0.001682  0.002412  0.005167
0.000386  -0.001501  0.006266
-0.005597  -0.008307  0.000229
-0.006788  -0.004989  0.005616
0.003317  -0.004941  0.001638
-0.000772  0.032611  -0.007091
-0.008512  -0.002661  0.003269
0.008456  0.018426  0.020055
-0.080852  -0.050241  -0.063694
-0.006397  0.180901  -0.307635
0.074435  0.076113  0.009613
-0.004597  -0.017894  -0.010943
0.006736  -0.002860  -0.000745
-0.000955  -0.013715  -0.023880
0.011002  0.001248  0.006803
-0.000650  -0.003769  0.009220
-0.003012  0.001691  -0.010148
0.006637  0.006381  -0.010634
-0.010371  -0.009006  0.003797
-0.008176  -0.001462  -0.001025
0.000883  -0.002563  0.005449
0.004605  -0.003287  -0.011043
-0.075699  0.080957  -0.003378
0.066561  0.005325  0.040406
-0.064127  -0.034711  0.006965
0.079858  -0.029232  -0.077364
0.000118  0.005044  0.008893
0.001142  0.006524  0.004386
0.008837  -0.013453  0.005905
-0.000460  0.000305  0.007607
-0.003276  0.008598  -0.003766
-0.000853  0.000725  0.005848
-0.001266  -0.008471  0.000155
-0.003615  0.002960  -0.015640
-0.064533  0.011116  -0.050847
0.022781  0.024423  0.034191
0.006748  0.007278  0.012617
0.003681  -0.357604  0.001467
-0.004687  -0.009160  -0.007267
0.000097  0.183758  0.321801
0.011166  -0.003561  -0.000111
-0.020260  -0.043582  -0.002700
0.059362  0.040326  -0.027079
-0.002219  0.017953  -0.002007
0.009386  -0.006658  0.006359
-0.015904  -0.010815  0.001628
0.001542  -0.001939  -0.012121
-0.002582  0.007816  -0.005728
0.001270  -0.004206  0.012343
-0.005808  -0.008919  -0.019766
0.074979  -0.040904  0.065659
0.066328  -0.049946  -0.017435
-0.000519  -0.043053  -0.076247
-0.004490  0.086062  -0.007399
-0.052621  0.040406  0.035952
-0.076122  -0.028051  0.070155
0.000607  0.004879  0.010788
0.006532  0.003365  0.006234
-0.007723  0.007881  0.008324
-0.008737  0.009320  -0.022734
-0.000035  -0.004843  0.043070
-0.011065  0.005559  0.006825
0.021114  -0.019320  -0.007870
-0.000145  -0.026648  0.027881
-0.025336  0.015326  0.038737
0.000882  0.014492  0.003275
0.062259  -0.026449  -0.007865
-0.001041  -0.024359  0.023216
-0.067645  0.034088  0.025785
-0.007133  -0.002750  -0.009656
0.009188  0.009660  0.000005
0.028130  -0.043663  -0.002270
-0.035735  0.026224  -0.024780
-0.007142  -0.010578  0.009700
0.012673  -0.024143  0.000438
0.027818  0.016372  -0.032773
0.014831  0.050052  -0.048645
-0.002743  0.009155  -0.063389
-0.001633  0.010552  0.019429
-0.014034  -0.016446  -0.003806
0.011150  0.005321  0.001551
0.010317  0.007054  -0.006065
-0.011296  -0.005982  -0.007895
-0.005958  0.009452  -0.008686
-0.003165  -0.002959  -0.011549
-0.001313  0.000586  -0.015786
-0.016200  0.012086  0.002981
0.009936  0.015273  -0.002343
-0.004929  0.010050  -0.022682
0.058479  0.106930  0.010557
0.004326  -0.080099  0.003445
0.015536  0.004420  -0.015984
-0.001138  0.040905  0.073825
-0.065057  -0.066041  -0.091071
-0.004680  0.007505  0.013531
0.004949  -0.012166  -0.016677
0.016211  -0.011841  0.008870
-0.007646  -0.012982  0.009372
-0.000392  0.010071  -0.015149
0.001076  0.011740  -0.003607
-0.002984  -0.014186  -0.005805
-0.070157  0.102759  -0.012773
0.022293  0.026450  0.028782
0.016749  0.000346  -0.003860
0.064576  -0.047869  -0.104947
-0.000038  -0.099792  -0.169016
0.004237  0.218865  -0.009846
0.002224  0.005089  -0.006478
-0.019372  0.001762  -0.021724
-0.027601  -0.033700  -0.001475
-0.005044  0.009319  0.024667
0.006205  -0.000255  -0.002570
-0.007134  -0.001747  -0.005127
0.002144  0.002569  -0.007599
0.016248  0.003606  -0.031507
-0.000887  0.011094  0.007727
-0.000944  -0.003028  -0.000494
-0.007499  -0.115326  0.186294
-0.000651  0.012867  0.021653
-0.001481  0.014742  0.064547
-0.000004  0.038812  -0.008453
-0.012487  -0.067306  0.018277
0.005162  -0.024525  -0.006625
0.005450  0.003586  -0.005082
-0.001071  0.007576  0.000700
0.003157  -0.013523  -0.004879
-0.007132  -0.006718  0.005294
0.004411  -0.001891  0.007224
0.002624  0.010636  0.002124
-0.005675  -0.002433  -0.006245
0.003954  0.049245  0.045093
-0.000387  0.012924  0.022175
-0.008212  0.011977  0.005586
0.002993  -0.060455  -0.021377
-0.058573  -0.046393  0.101578
0.070008  -0.064867  0.081949
0.004957  -0.009968  -0.002695
-0.000246  -0.010634  -0.008505
0.006775  -0.022699  -0.004754
0.000098  0.002524  -0.003940
0.000436  0.000210  0.001805
0.008175  0.005606  -0.004328
-0.002505  0.000382  -0.005327
-0.002240  -0.001962  -0.003633
0.009838  0.000260  0.013650
-0.000874  0.003347  0.008176
-0.005316  0.041905  -0.070407
-0.025713  0.013760  0.037045
-0.016666  -0.031817  -0.014272
0.003560  -0.010301  0.004457
-0.001592  0.041189  0.017064
0.037784  -0.034270  0.008526
-0.004126  -0.001858  -0.001445
-0.004901  0.003942  -0.003380
-0.007061  -0.009799  0.000998
0.002188  0.002098  0.000832
0.003027  -0.004383  0.007043
-0.005581  -0.003783  0.005289
0.006651  0.002373  -0.004489
0.003199  0.000584  -0.005889
-0.014905  -0.002962  0.000453
-0.000174  0.000082  0.014100
0.012108  0.003665  0.007538
0.007908  0.013988  -0.002191
0.003238  -0.015658  -0.005204
0.000402  0.002059  0.003235
0.005671  -0.006294  0.005375
0.001770  -0.011968  0.015490
-0.000960  -0.002904  0.000040
0.000047  -0.002505  0.000735
0.002714  -0.005949  -0.000798
-0.000356  0.000864  0.001047
-0.003266  0.003545  0.002159
-0.000870  -0.001905  -0.001123
-0.001222  -0.002734  0.010823
-0.006831  -0.004929  -0.001429
-0.012696  0.013524  -0.022795
0.017751  -0.003147  0.010660
0.000610  0.003090  0.002066
-0.008180  0.008304  -0.001309
-0.002363  0.007393  0.007142
-0.000146  -0.006763  0.000399
-0.003961  -0.003314  0.005628
0.000458  0.007177  0.002334
0.000540  0.001262  0.003901
0.001099  -0.002821  0.004583
-0.002167  -0.000905  0.003326
0.007162  -0.004977  -0.004259
-0.003327  -0.005193  -0.000037
0.002761  -0.001015  0.003947
0.000415  -0.018544  0.002044
0.000639  -0.000525  -0.002970
0.017163  0.007478  -0.006851
-0.005568  0.001466  0.005860
0.004489  0.002038  0.001830
-0.009648  0.005443  0.004260
-0.002559  0.000878  0.005801
-0.001265  -0.002391  -0.003376
0.004147  -0.003390  0.000223
-0.001848  0.002163  -0.002709
-0.003216  0.000246  0.001673
-0.000973  0.000913  -0.002615
-0.001668  0.005824  0.000490
0.000276  -0.008477  0.006807
0.006504  -0.003678  -0.005451
0.003741  -0.003133  -0.002941
0.006176  -0.005584  -0.007027
-0.011926  -0.009155  0.012213
0.001524  0.008295  0.000136
-0.008706  0.013985  -0.007094
0.000480  -0.000372  -0.003034
-0.000765  0.000091  -0.004733
0.001897  0.004179  0.003384
0.001039  0.001511  -0.002539
0.002990  0.002971  0.000328
-0.004591  0.000678  -0.004123
-0.001481  -0.010042  -0.002521
0.003836  -0.000277  -0.002506
-0.002963  0.006460  -0.000566
-0.006788  -0.006226  0.007749
0.013958  -0.004029  -0.010516
0.002022  0.001640  -0.014947
-0.011406  0.000509  -0.003487
0.009640  0.003991  0.012791
-0.000642  0.002117  0.003067
-0.000207  -0.003467  -0.000906
-0.001213  0.003617  -0.005380
0.000505  -0.003620  0.001288
-0.000673  -0.003734  -0.001372
-0.001793  -0.003523  0.001257
0.003927  0.006589  -0.000621
-0.002402  0.003053  -0.000364
0.004554  -0.011445  0.005747
-0.014279  0.014363  -0.006241
0.005641  0.007135  -0.002828
0.017525  0.018537  -0.040661
0.002977  -0.046999  0.068168
-0.030727  0.020467  -0.040374
0.005756  -0.002071  -0.019935
0.000778  0.007362  0.004794
-0.004060  0.000435  0.002319
0.000316  -0.001577  0.003286
0.004451  -0.001601  -0.004318
-0.002880  0.001434  -0.006572
0.003594  0.006197  -0.001531
0.006578  0.013588  -0.006449
-0.004818  0.005826  0.001556
-0.000094  0.001509  0.000686
0.054752  0.009312  0.054451
-0.062862  0.005616  -0.026018
0.004760  -0.009224  -0.007521
-0.005802  0.001128  -0.004854
0.064412  0.025037  -0.025899
-0.057289  -0.046446  0.021157
-0.000155  0.000270  -0.004418
-0.000983  -0.005696  -0.012861
-0.001682  0.002412  0.005167
0.000386  -0.001501  0.006266
-0.005597  -0.008307  0.000229
-0.006788  -0.004989  0.005616
0.003317  -0.004941  0.001638
-0.000772  0.032611  -0.007091
-0.008512  -0.002661  0.003269
0.008456  0.018426  0.020055
-0.080852  -0.050241  -0.063694
-0.006397  0.180901  -0.307635
0.074435  0.076113  0.009613
-0.004597  -0.017894  -0.010943
0.006736  -0.002860  -0.000745
-0.000955  -0.013715  -0.023880
0.011002  0.001248  0.006803
-0.000650  -0.003769  0.009220
-0.003012  0.001691  -0.010148
0.006637  0.006381  -0.010634
-0.010371  -0.009006  0.003797
-0.008176  -0.001462  -0.001025
0.000883  -0.002563  0.005449
0.004605  -0.003287  -0.011043
-0.075699  0.080957  -0.003378
0.066561  0.005325  0.040406
-0.064127  -0.034711  0.006965
0.079858  -0.029232  -0.077364
0.000118  0.005044  0.008893
0.001142  0.006524  0.004386
0.008837  -0.013453  0.005905
-0.000460  0.000305  0.007607
-0.003276  0.008598  -0.003766
-0.000853  0.000725  0.005848
-0.001266  -0.008471  0.000155
-0.003615  0.002960  -0.015640
-0.064533  0.011116  -0.050847
0.022781  0.024423  0.034191
0.006748  0.007278  0.012617
0.003681  -0.357604  0.001467
-0.004687  -0.009160  -0.007267
0.000097  0.183758  0.321801
0.011166  -0.003561  -0.000111
-0.020260  -0.043582  -0.002700
0.059362  0.040326  -0.027079
-0.002219  0.017953  -0.002007
0.009386  -0.006658  0.006359
-0.015904  -0.010815  0.001628
0.001542  -0.001939  -0.012121
-0.002582  0.007816  -0.005728
0.001270  -0.004206  0.012343
-0.005808  -0.008919  -0.019766
0.074979  -0.040904  0.065659
0.066328  -0.049946  -0.017435
-0.000519  -0.043053  -0.076247
-0.004490  0.086062  -0.007399
-0.052621  0.040406  0.035952
-0.076122  -0.028051  0.070155
0.000607  0.004879  0.010788
0.006532  0.003365  0.006234
-0.007723  0.007881  0.008324
-0.008737  0.009320  -0.022734
-0.000035  -0.004843  0.043070
-0.011065  0.005559  0.006825
0.021114  -0.019320  -0.007870
-0.000145  -0.026648  0.027881
-0.025336  0.015326  0.038737
0.000882  0.014492  0.003275
0.062259  -0.026449  -0.007865
-0.001041  -0.024359  0.023216
-0.067645  0.034088  0.025785
-0.007133  -0.002750  -0.009656
0.009188  0.009660  0.000005
0.028130  -0.043663  -0.002270
-0.035735  0.026224  -0.024780
-0.007142  -0.010578  0.009700
0.012673  -0.024143  0.000438
0.027818  0.016372  -0.032773
0.014831  0.050052  -0.048645
-0.002743  0.009155  -0.063389
-0.001633  0.010552  0.019429
-0.014034  -0.016446  -0.003806
0.011150  0.005321  0.001551
0.010317  0.007054  -0.006065
-0.011296  -0.005982  -0.007895
-0.005958  0.009452  -0.008686
-0.003165  -0.002959  -0.011549
-0.001313  0.000586  -0.015786
-0.016200  0.012086  0.002981
0.009936  0.015273  -0.002343
-0.004929  0.010050  -0.022682
0.058479  0.106930  0.010557
0.004326  -0.080099  0.003445
0.015536  0.004420  -0.015984
-0.001138  0.040905  0.073825
-0.065057  -0.066041  -0.091071
-0.004680  0.007505  0.013531
0.004949  -0.012166  -0.016677
0.016211  -0.011841  0.008870
-0.007646  -0.012982  0.009372
-0.000392  0.010071  -0.015149
0.001076  0.011740  -0.003607
-0.002984  -0.014186  -0.005805
-0.070157  0.102759  -0.012773
0.022293  0.026450  0.028782
0.016749  0.000346  -0.003860
0.064576  -0.047869  -0.104947
-0.000038  -0.099792  -0.169016
0.004237  0.218865  -0.009846
0.002224  0.005089  -0.006478
-0.019372  0.001762  -0.021724
-0.027601  -0.033700  -0.001475
-0.005044  0.009319  0.024667
0.006205  -0.000255  -0.002570
-0.007134  -0.001747  -0.005127
0.002144  0.002569  -0.007599
0.016248  0.003606  -0.031507
-0.000887  0.011094  0.007727
-0.000944  -0.003028  -0.000494
-0.007499  -0.115326  0.186294
-0.000651  0.012867  0.021653
-0.001481  0.014742  0.064547
-0.000004  0.038812  -0.008453
-0.012487  -0.067306  0.018277
0.005162  -0.024525  -0.006625
0.005450  0.003586  -0.005082
-0.001071  0.007576  0.000700
0.003157  -0.013523  -0.004879
-0.007132  -0.006718  0.005294
0.004411  -0.001891  0.007224
0.002624  0.010636  0.002124
-0.005675  -0.002433  -0.006245
0.003954  0.049245  0.045093
-0.000387  0.012924  0.022175
-0.008212  0.011977  0.005586
0.002993  -0.060455  -0.021377
-0.058573  -0.046393  0.101578
0.070008  -0.064867  0.081949
0.004957  -0.009968  -0.002695
-0.000246  -0.010634  -0.008505
0.006775  -0.022699  -0.004754
0.000098  0.002524  -0.003940
0.000436  0.000210  0.001805
0.008175  0.005606  -0.004328
-0.002505  0.000382  -0.005327
-0.002240  -0.001962  -0.003633
0.009838  0.000260  0.013650
-0.000874  0.003347  0.008176
-0.005316  0.041905  -0.070407
-0.025713  0.013760  0.037045
-0.016666  -0.031817  -0.014272
0.003560  -0.010301  0.004457
-0.001592  0.041189  0.017064
0.037784  -0.034270  0.008526
-0.004126  -0.001858  -0.001445
-0.004901  0.003942  -0.003380
-0.007061  -0.009799  0.000998
0.002188  0.002098  0.000832
0.003027  -0.004383  0.007043
-0.005581  -0.003783  0.005289
0.006651  0.002373  -0.004489
0.003199  0.000584  -0.005889
-0.014905  -0.002962  0.000453
-0.000174  0.000082  0.014100
0.012108  0.003665  0.007538
0.007908  0.013988  -0.002191
0.003238  -0.015658  -0.005204
0.000402  0.002059  0.003235
0.005671  -0.006294  0.005375
0.001770  -0.011968  0.015490
-0.000960  -0.002904  0.000040
0.000047  -0.002505  0.000735
0.002714  -0.005949  -0.000798
-0.000356  0.000864  0.001047
-0.003266  0.003545  0.002159
-0.000870  -0.001905  -0.001123
-0.001222  -0.002734  0.010823
-0.006831  -0.004929  -0.001429
-0.012696  0.013524  -0.022795
0.017751  -0.003147  0.010660
0.000610  0.003090  0.002066
-0.008180  0.008304  -0.001309
-0.002363  0.007393  0.007142
-0.000146  -0.006763  0.000399
-0.003961  -0.003314  0.005628
0.000458  0.007177  0.002334
0.000540  0.001262  0.003901
0.001099  -0.002821  0.004583
-0.002167  -0.000905  0.003326
0.007162  -0.004977  -0.004259
-0.003327  -0.005193  -0.000037
0.002761  -0.001015  0.003947
0.000415  -0.018544  0.002044
0.000639  -0.000525  -0.002970
0.017163  0.007478  -0.006851
-0.005568  0.001466  0.005860
0.004489  0.002038  0.001830
-0.009648  0.005443  0.004260
-0.002559  0.000878  0.005801
-0.001265  -0.002391  -0.003376
0.004147  -0.003390  0.000223
-0.001848  0.002163  -0.002709
-0.003216  0.000246  0.001673
-0.000973  0.000913  -0.002615
-0.001668  0.005824  0.000490
0.000276  -0.008477  0.006807
0.006504  -0.003678  -0.005451
0.003741  -0.003133  -0.002941
0.006176  -0.005584  -0.007027
-0.011926  -0.009155  0.012213
0.001524  0.008295  0.000136
-0.008706  0.013985  -0.007094
0.000480  -0.000372  -0.003034
-0.000765  0.000091  -0.004733
0.001897  0.004179  0.003384
0.001039  0.001511  -0.002539
0.002990  0.002971  0.000328
-0.004591  0.000678  -0.004123
-0.001481  -0.010042  -0.002521
0.003836  -0.000277  -0.002506
-0.002963  0.006460  -0.000566
-0.006788  -0.006226  0.007749
0.013958  -0.004029  -0.010516
0.002022  0.001640  -0.014947
-0.011406  0.000509  -0.003487
0.009640  0.003991  0.012791
-0.000642  0.002117  0.003067
-0.000207  -0.003467  -0.000906
-0.001213  0.003617  -0.005380
0.000505  -0.003620  0.001288
-0.000673  -0.003734  -0.001372
-0.001793  -0.003523  0.001257
0.003927  0.006589  -0.000621
-0.002402  0.003053  -0.000364
0.004554  -0.011445  0.005747
-0.014279  0.014363  -0.006241
0.005641  0.007135  -0.002828
0.017525  0.018537  -0.040661
0.002977  -0.046999  0.068168
-0.030727  0.020467  -0.040374
0.005756  -0.002071  -0.019935
0.000778  0.007362  0.004794
-0.004060  0.000435  0.002319
0.000316  -0.001577  0.003286
0.004451  -0.001601  -0.004318
-0.002880  0.001434  -0.006572
0.003594  0.006197  -0.001531
0.006578  0.013588  -0.006449
-0.004818  0.005826  0.001556
-0.000094  0.001509  0.000686
0.054752  0.009312  0.054451
-0.062862  0.005616  -0.026018
0.004760  -0.009224  -0.007521
-0.005802  0.001128  -0.004854
0.064412  0.025037  -0.025899
-0.057289  -0.046446  0.021157
-0.000155  0.000270  -0.004418
-0.000983  -0.005696  -0.012861
-0.001682  0.002412  0.005167
0.000386  -0.001501  0.006266
-0.005597  -0.008307  0.000229
-0.006788  -0.004989  0.005616
0.003317  -0.004941  0.001638
-0.000772  0.032611  -0.007091
-0.008512  -0.002661  0.003269
0.008456  0.018426  0.020055
-0.080852  -0.050241  -0.063694
-0.006397  0.180901  -0.307635
0.074435  0.076113  0.009613
-0.004597  -0.017894  -0.010943
0.006736  -0.002860  -0.000745
-0.000955  -0.013715  -0.023880
0.011002  0.001248  0.006803
-0.000650  -0.003769  0.009220
-0.003012  0.001691  -0.010148
0.006637  0.006381  -0.010634
-0.010371  -0.009006  0.003797
-0.008176  -0.001462  -0.001025
0.000883  -0.002563  0.005449
0.004605  -0.003287  -0.011043
-0.075699  0.080957  -0.003378
0.066561  0.005325  0.040406
-0.064127  -0.034711  0.006965
0.079858  -0.029232  -0.077364
0.000118  0.005044  0.008893
0.001142  0.006524  0.004386
0.008837  -0.013453  0.005905
-0.000460  0.000305  0.007607
-0.003276  0.008598  -0.003766
-0.000853  0.000725  0.005848
-0.001266  -0.008471  0.000155
-0.003615  0.002960  -0.015640
-0.064533  0.011116  -0.050847
0.022781  0.024423  0.034191
0.006748  0.007278  0.012617
0.003681  -0.357604  0.001467
-0.004687  -0.009160  -0.007267
0.000097  0.183758  0.321801
0.011166  -0.003561  -0.000111
-0.020260  -0.043582  -0.002700
0.059362  0.040326  -0.027079
-0.002219  0.017953  -0.002007
0.009386  -0.006658  0.006359
-0.015904  -0.010815  0.001628
0.001542  -0.001939  -0.012121
-0.002582  0.007816  -0.005728
0.001270  -0.004206  0.012343
-0.005808  -0.008919  -0.019766
0.074979  -0.040904  0.065659
0.066328  -0.049946  -0.017435
-0.000519  -0.043053  -0.076247
-0.004490  0.086062  -0.007399
-0.052621  0.040406  0.035952
-0.076122  -0.028051  0.070155
0.000607  0.004879  0.010788
0.006532  0.003365  0.006234
-0.007723  0.007881  0.008324
-0.008737  0.009320  -0.022734
-0.000035  -0.004843  0.043070
-0.011065  0.005559  0.006825
0.021114  -0.019320  -0.007870
-0.000145  -0.026648  0.027881
-0.025336  0.015326  0.038737
0.000882  0.014492  0.003275
0.062259  -0.026449  -0.007865
-0.001041  -0.024359  0.023216
-0.067645  0.034088  0.025785
-0.007133  -0.002750  -0.009656
0.009188  0.009660  0.000005
0.028130  -0.043663  -0.002270
-0.035735  0.026224  -0.024780
-0.007142  -0.010578  0.009700
0.012673  -0.024143  0.000438
0.027818  0.016372  -0.032773
0.014831  0.050052  -0.048645
-0.002743  0.009155  -0.063389
-0.001633  0.010552  0.019429
-0.014034  -0.016446  -0.003806
0.011150  0.005321  0.001551
0.010317  0.007054  -0.006065
-0.011296  -0.005982  -0.007895
-0.005958  0.009452  -0.008686
-0.003165  -0.002959  -0.011549
-0.001313  0.000586  -0.015786
-0.016200  0.012086  0.002981
0.009936  0.015273  -0.002343
-0.004929  0.010050  -0.022682
0.058479  0.106930  0.010557
0.004326  -0.080099  0.003445
0.015536  0.004420  -0.015984
-0.001138  0.040905  0.073825
-0.065057  -0.066041  -0.091071
-0.004680  0.007505  0.013531
0.004949  -0.012166  -0.016677
0.016211  -0.011841  0.008870
-0.007646  -0.012982  0.009372
-0.000392  0.010071  -0.015149
0.001076  0.011740  -0.003607
-0.002984  -0.014186  -0.005805
-0.070157  0.102759  -0.012773
0.022293  0.026450  0.028782
0.016749  0.000346  -0.003860
0.064576  -0.047869  -0.104947
-0.000038  -0.099792  -0.169016
0.004237  0.218865  -0.009846
0.002224  0.005089  -0.006478
-0.019372  0.001762  -0.021724
-0.027601  -0.033700  -0.001475
-0.005044  0.009319  0.024667
0.006205  -0.000255  -0.002570
-0.007134  -0.001747  -0.005127
0.002144  0.002569  -0.007599
0.016248  0.003606  -0.031507
-0.000887  0.011094  0.007727
-0.000944  -0.003028  -0.000494
-0.007499  -0.115326  0.186294
-0.000651  0.012867  0.021653
-0.001481  0.014742  0.064547
-0.000004  0.038812  -0.008453
-0.012487  -0.067306  0.018277
0.005162  -0.024525  -0.006625
0.005450  0.003586  -0.005082
-0.001071  0.007576  0.000700
0.003157  -0.013523  -0.004879
-0.007132  -0.006718  0.005294
0.004411  -0.001891  0.007224
0.002624  0.010636  0.002124
-0.005675  -0.002433  -0.006245
0.003954  0.049245  0.045093
-0.000387  0.012924  0.022175
-0.008212  0.011977  0.005586
0.002993  -0.060455  -0.021377
-0.058573  -0.046393  0.101578
0.070008  -0.064867  0.081949
0.004957  -0.009968  -0.002695
-0.000246  -0.010634  -0.008505
0.006775  -0.022699  -0.004754
0.000098  0.002524  -0.003940
0.000436  0.000210  0.001805
0.008175  0.005606  -0.004328
-0.002505  0.000382  -0.005327
-0.002240  -0.001962  -0.003633
0.009838  0.000260  0.013650
-0.000874  0.003347  0.008176
-0.005316  0.041905  -0.070407
-0.025713  0.013760  0.037045
-0.016666  -0.031817  -0.014272
0.003560  -0.010301  0.004457
-0.001592  0.041189  0.017064
0.037784  -0.034270  0.008526
-0.004126  -0.001858  -0.001445
-0.004901  0.003942  -0.003380
-0.007061  -0.009799  0.000998
0.002188  0.002098  0.000832
0.003027  -0.004383  0.007043
-0.005581  -0.003783  0.005289
0.006651  0.002373  -0.004489
0.003199  0.000584  -0.005889
-0.014905  -0.002962  0.000453
-0.000174  0.000082  0.014100
0.012108  0.003665  0.007538
0.007908  0.013988  -0.002191
0.003238  -0.015658  -0.005204
0.000402  0.002059  0.003235
0.005671  -0.006294  0.005375
0.001770  -0.011968  0.015490
-0.000960  -0.002904  0.000040
0.000047  -0.002505  0.000735
0.002714  -0.005949  -0.000798
-0.000356  0.000864  0.001047
-0.003266  0.003545  0.002159
-0.000870  -0.001905  -0.001123
-0.001222  -0.002734  0.010823
-0.006831  -0.004929  -0.001429
-0.012696  0.013524  -0.022795
0.017751  -0.003147  0.010660
0.000610  0.003090  0.002066
-0.008180  0.008304  -0.001309
-0.002363  0.007393  0.007142
-0.000146  -0.006763  0.000399
-0.003961  -0.003314  0.005628
0.000458  0.007177  0.002334
0.000540  0.001262  0.003901
0.001099  -0.002821  0.004583
-0.002167  -0.000905  0.003326
0.007162  -0.004977  -0.004259
-0.003327  -0.005193  -0.000037
0.002761  -0.001015  0.003947
0.000415  -0.018544  0.002044
0.000639  -0.000525  -0.002970
