BEIDOU 3                
1 36287U 10001A   19099.93165611 -.00000288  00000-0  00000-0 0  9997
2 36287   1.4367 352.3318 0001950 174.5009 146.5184  1.00272196 33840
BEIDOU 4                
1 36590U 10024A   19099.94233980 -.00000143  00000-0  00000-0 0  9995
2 36590   1.5798  36.8835 0002152  44.5048 175.7727  1.00271704 32455
BEIDOU 5                
1 36828U 10036A   19099.44248475 -.00000132  00000-0  10000-3 0  9994
2 36828  54.1481 187.0954 0078801 232.8827  55.6239  1.00285246 31880
BEIDOU 6                
1 37210U 10057A   19100.22548991 -.00000115  00000-0  00000+0 0  9994
2 37210   1.0200  56.0444 0002677 176.2830 207.0964  1.00273010 30960
BEIDOU 7                
1 37256U 10068A   19099.50867350 -.00000198  00000-0  10000-3 0  9993
2 37256  52.1849 303.4748 0064584 203.5445 351.6417  1.00292573 30473
BEIDOU 8                
1 37384U 11013A   19099.86492058 -.00000167  00000-0  10000-3 0  9990
2 37384  58.6876  66.0530 0040364 209.7338 353.4129  1.00275710 29355
BEIDOU 9                
1 37763U 11038A   19100.23253866 -.00000076  00000-0  10000-3 0  9993
2 37763  54.4393 189.5005 0060034 222.1619 325.0390  1.00261715 28320
BEIDOU 10               
1 37948U 11073A   19099.92976764 -.00000139  00000-0  10000-3 0  9999
2 37948  52.2626 303.0192 0056287 207.3581 117.8975  1.00269301 27074
BEIDOU 11               
1 38091U 12008A   19100.47963973  .00000053  00000-0  00000+0 0  9998
2 38091   1.9923  68.8314 0005054 300.7954  60.1273  1.00272511 26162
BEIDOU 12               
1 38250U 12018A   19100.30623771 -.00000060  00000-0  10000-3 0  9991
2 38250  56.6029  32.0549 0021882 241.9500 300.4690  1.86233067 47406
BEIDOU 13               
1 38251U 12018B   19099.79097104 -.00000060  00000-0  10000-3 0  9997
2 38251  56.5363  31.4665 0026776 236.4660  28.2781  1.86233663 47398
BEIDOU 15               
1 38775U 12050B   19100.11496764  .00000040  00000-0  00000+0 0  9990
2 38775  54.9378 150.9490 0023222 246.6594  73.1308  1.86232256 44772
BEIDOU 16               
1 38953U 12059A   19099.91034999 -.00000179  00000-0  00000-0 0  9995
2 38953   1.7241  83.0673 0005660 230.0894 296.4837  1.00271587 23729
BEIDOU 17               
1 40549U 15019A   19100.09077050 -.00000164  00000-0  00000+0 0  9998
2 40549  53.6539 326.1935 0037411 187.8277 172.8957  1.00267826 14769
BEIDOU 18               
1 40748U 15037A   19099.92995419 -.00000062  00000-0  00000+0 0  9993
2 40748  55.8072  31.0265 0009039 287.8721 337.4484  1.86231261 25229
BEIDOU 19               
1 40749U 15037B   19099.63310819 -.00000062  00000-0  00000+0 0  9997
2 40749  55.8104  31.0269 0007665 308.9924 233.2509  1.86234494 25214
BEIDOU 20               
1 40938U 15053A   19100.48705478 -.00000122  00000-0  00000+0 0  9997
2 40938  53.2572 289.1629 0048012 179.8257   1.1679  1.00280278 13041
BEIDOU 21               
1 41315U 16006A   19100.34769419  .00000039  00000-0  00000+0 0  9992
2 41315  55.1186 151.2795 0003877 253.8559  61.7375  1.86232055 21705
BEIDOU IGSO-6           
1 41434U 16021A   19100.38481976 -.00000126  00000-0  00000+0 0  9992
2 41434  56.4403  65.1735 0033193 202.2277 165.0112  1.00263516 11178
BEIDOU-2 G7             
1 41586U 16037A   19100.48993358 -.00000359  00000-0  00000+0 0  9998
2 41586   0.8129  32.7259 0009180   8.3932  84.2292  1.00271615 10468
BEIDOU-3 M1             
1 43001U 17069A   19100.57941795  .00000038  00000-0  00000+0 0  9999
2 43001  55.0926 150.7796 0011140 281.9270 121.3529  1.86231831  9722
BEIDOU-3 M2             
1 43002U 17069B   19100.42144819  .00000039  00000-0  00000+0 0  9997
2 43002  55.0912 150.8224 0010508 300.2937  41.4941  1.86231626  9707
BEIDOU-3 M3             
1 43107U 18003A   19099.97046666 -.00000061  00000-0  00000+0 0  9996
2 43107  55.2278  32.4780 0004883   6.9246 198.2466  1.86232764  8463
BEIDOU-3 M4             
1 43108U 18003B   19099.99699084 -.00000062  00000-0  00000+0 0  9998
2 43108  55.2232  32.4714 0004014 257.5985  10.4223  1.86232752  8464
BEIDOU-3 M5             
1 43207U 18018A   19100.04521749  .00000040  00000-0  00000+0 0  9990
2 43207  55.0506 150.9509 0007815 315.9851  44.0363  1.86231742  7855
BEIDOU-3 M6             
1 43208U 18018B   19099.57502318  .00000043  00000-0  00000-0 0  9991
2 43208  55.0512 150.9707 0009767 291.6175  68.3631  1.86231866  7843
BEIDOU-3 M7             
1 43245U 18029A   19100.55392376 -.00000065  00000-0  00000+0 0  9990
2 43245  55.1944  30.2830 0002225 306.8979 199.2875  1.86232808  7014
BEIDOU-3 M8             
1 43246U 18029B   19100.49874558 -.00000065  00000-0  10000-3 0  9996
2 43246  55.1895  30.3168 0005845 324.6526 190.0680  1.86233050  7004
BEIDOU IGSO-7           
1 43539U 18057A   19100.45869096 -.00000126  00000-0  00000+0 0  9992
2 43539  55.0345 186.2425 0023684 194.0816  92.9549  1.00299155  2831
BEIDOU-3 M9             
1 43581U 18062A   19100.49427238  .00000030  00000-0  00000+0 0  9990
2 43581  54.8209 272.0506 0001240 258.7048 102.4729  1.86231620  4754
BEIDOU-3 M10            
1 43582U 18062B   19099.80140546  .00000027  00000-0  00000+0 0  9993
2 43582  54.8216 272.0634 0004337  11.8761 335.2209  1.86231945  4732
BEIDOU-3 M11            
1 43602U 18067A   19100.35913947  .00000030  00000-0  00000+0 0  9991
2 43602  54.8870 270.5650 0005627 354.1850  50.5130  1.86231573  4240
BEIDOU-3 M12            
1 43603U 18067B   19100.11390797  .00000030  00000-0  00000+0 0  9998
2 43603  54.8788 270.5430 0003020 348.5047 162.4430  1.86231502  4254
BEIDOU-3 M13            
1 43622U 18072A   19099.47162630  .00000043  00000-0  00000-0 0  9999
2 43622  55.0123 150.5688 0007496 279.2664 191.2536  1.86231628  3759
BEIDOU-3 M14            
1 43623U 18072B   19100.18169778  .00000040  00000-0  00000+0 0  9997
2 43623  55.0141 150.5357 0006470 299.9395  16.7757  1.86231751  3768
BEIDOU-3 M15            
1 43647U 18078A   19100.26680645 -.00000064  00000-0  10000-3 0  9991
2 43647  55.0837  30.5531 0008400 329.8136 299.1840  1.86232904  3286
BEIDOU-3 M16            
1 43648U 18078B   19099.86457785 -.00000064  00000-0  10000-3 0  9992
2 43648  55.0794  30.5753 0005957 337.6667 291.4435  1.86232707  3281
BEIDOU-3 G1             
1 43683U 18085A   19099.92238855 -.00000250  00000-0  00000-0 0  9994
2 43683   2.7358 270.8751 0001010  89.5459 314.0658  1.00273415  1745
BEIDOU-3 M17            
1 43706U 18093A   19099.61996987  .00000026  00000-0  00000-0 0  9992
2 43706  54.8974 271.8833 0007488 257.0813 103.0517  1.86231615  2635
BEIDOU-3 M18            
1 43707U 18093B   19100.25810000  .00000030  00000-0  00000+0 0  9991
2 43707  54.8998 271.8500 0006581 285.9077 232.2151  1.86231807  2641
