BEIJING 1               
1 28890U 05043A   19100.51451102  .00000038  00000-0  16956-4 0  9991
2 28890  97.9681 238.5482 0014340 222.2398 137.7699 14.61252962717141
HJ-1A                   
1 33320U 08041A   19100.43554243  .00000106  00000-0  22135-4 0  9999
2 33320  97.8462 160.7715 0026726  46.2489 314.0929 14.77003907570538
HJ-1B                   
1 33321U 08041B   19100.46932704  .00000123  00000-0  24449-4 0  9994
2 33321  97.8532 162.6053 0036093  63.9836 296.5091 14.77114518570538
YAOGAN 4                
1 33446U 08061A   19100.49349541  .00000122  00000-0  24125-4 0  9998
2 33446  97.6676  71.0391 0015039 312.7647  47.2298 14.76940752557770
DEIMOS-1                
1 35681U 09041A   19100.47743770  .00000131  00000-0  28666-4 0  9994
2 35681  97.8724 344.6298 0002399  45.0161 315.1256 14.71779263520555
UK-DMC 2                
1 35683U 09041C   19100.50467703  .00000035  00000-0  13252-4 0  9997
2 35683  97.7472 320.5225 0002055  76.1275 284.0185 14.71071853520374
RISAT 1                 
1 38248U 12017A   19100.44480016  .00000610  00000-0  41719-4 0  9997
2 38248  97.5726 109.9431 0002783 307.0733  53.0241 15.09769344383145
DMC3-FM1                
1 40715U 15032A   19100.51733222  .00000018  00000-0  10417-4 0  9990
2 40715  97.9778 357.5655 0015489 169.7613 190.3901 14.73690722201740
DMC3-FM2                
1 40716U 15032B   19100.47181194  .00000018  00000-0  10430-4 0  9996
2 40716  97.9796 357.7512 0012647 178.7366 181.3877 14.73700955201745
DMC3-FM3                
1 40717U 15032C   19100.49485367  .00000012  00000-0  95225-5 0  9998
2 40717  97.9795 358.4641 0016405 172.1349 188.0120 14.73690218201746
