STARLETTE               
1 07646U 75010A   19100.16352943 -.00000142  00000-0  24163-5 0  9999
2 07646  49.8253  25.5852 0205703  31.5214 329.7816 13.82305736231411
LAGEOS 1                
1 08820U 76039A   19099.78131642  .00000003  00000-0  00000-0 0  9996
2 08820 109.8609   0.0421 0044407 144.6416 118.2589  6.38665008745782
AJISAI (EGS)            
1 16908U 86061A   19100.12134894 -.00000091  00000-0  42031-4 0  9993
2 16908  50.0089 299.1969 0011297 339.7378 138.8508 12.44489546153866
LAGEOS 2                
1 22195U 92070B   19099.86415118 -.00000009  00000-0  00000-0 0  9999
2 22195  52.6436 125.8304 0138811 119.2808  63.3551  6.47294208625672
STELLA                  
1 22824U 93061B   19100.50724875 -.00000031  00000-0  61869-5 0  9996
2 22824  98.9169  76.6092 0005383 287.5095 187.4457 14.27376571330495
LARES                   
1 38077U 12006A   19100.37613007 -.00000012  00000-0  16646-3 0  9992
2 38077  69.4892  95.6503 0009058 343.1002  16.9719 12.54931518327855
