GOES 1 (SMS-C) [-]      
1 08366U 75100A   19100.55996155 -.00000065  00000-0  00000+0 0  9993
2 08366  10.8610 310.4320 0004482 345.5109 351.4899  1.00315491158882
GOES 2 [-]              
1 10061U 77048A   19100.49342300 -.00000313  00000-0  00000+0 0  9997
2 10061  12.2314 320.0368 0017620 349.8239 194.2546  0.99399381 97423
GOES 3 [-]              
1 10953U 78062A   19100.49612733 -.00000324  00000-0  00000+0 0  9996
2 10953  12.4446 323.8453 0004965   8.8914 186.0689  0.99364371102512
GOES 4 [-]              
1 11964U 80074A   19100.25118958  .00000043  00000-0  00000+0 0  9996
2 11964  13.2895 327.5852 0036511  32.3720 327.8910  0.99229306101581
GOES 5 [-]              
1 12472U 81049A   19100.24164052 -.00000012  00000-0  00000+0 0  9996
2 12472  13.7012 338.0497 0004400 333.6619 211.2932  1.00332485 96646
GOES 6 [-]              
1 14050U 83041A   19100.45423722 -.00000037  00000-0  00000+0 0  9996
2 14050  14.0410 343.0272 0003112   9.0280 251.8007  1.00321908189734
GOES 7 [-]              
1 17561U 87022A   19099.89560712 -.00000021  00000-0  00000+0 0  9998
2 17561  15.0116 359.0764 0008469 347.6141 183.5749  0.99905824100759
GOES 8 [-]              
1 23051U 94022A   19100.18938215 -.00000246  00000-0  00000+0 0  9998
2 23051  12.1282  33.0311 0008681 305.0626 261.6216  0.98907294 98150
GOES 9 [-]              
1 23581U 95025A   19100.17259233 -.00000221  00000-0  00000+0 0  9998
2 23581  11.6188  32.7943 0004415   3.9485 182.7313  0.98801501 86817
GOES 10 [-]             
1 24786U 97019A   19100.34007697  .00000046  00000-0  00000+0 0  9999
2 24786  10.1034  38.0875 0025498 183.5053 173.1076  0.99120271 80040
GOES 11 [-]             
1 26352U 00022A   19100.45154977 -.00000073  00000-0  00000+0 0  9995
2 26352   6.2867  68.2682 0003784 240.8660 330.2295  0.99040999 69007
GOES 12 [-]             
1 26871U 01031A   19100.28448880 -.00000287  00000-0  00000+0 0  9999
2 26871   7.4894  55.4833 0009881 267.7190 131.8122  0.99141326 64715
GOES 13 [B]             
1 29155U 06018A   19100.45591157 -.00000289  00000-0  00000+0 0  9994
2 29155   0.3609 283.5666 0012345 138.9153 240.0408  1.00265463 47199
GOES 14 [S]             
1 35491U 09033A   19100.56573747 -.00000098  00000-0  00000+0 0  9999
2 35491   0.1323 103.6746 0007426 135.7687  58.3508  1.00271773 35832
GOES 15 [+]             
1 36411U 10008A   19100.46734007  .00000046  00000-0  00000+0 0  9995
2 36411   0.0666  95.2854 0000985 176.9216 326.6091  1.00281289 33343
GOES 16 [+]             
1 41866U 16071A   19100.45285831 -.00000253  00000-0  00000+0 0  9997
2 41866   0.0329  11.2392 0000569  42.1292 232.8464  1.00271084  8784
GOES-S [+]              
1 43226U 18022A   19100.44038358  .00000092  00000-0  00000+0 0  9996
2 43226   0.0416  43.9506 0002879 342.4469 193.3102  1.00271700  4118
