GORIZONT 1 [-]          
1 11158U 78118A   19098.90229455  .00000025  00000-0  00000-0 0  9991
2 11158  13.3769 249.3974 3572882 219.9732 107.3756  1.00258393 96604
GORIZONT 2 [-]          
1 11440U 79062A   19099.93958562 -.00000223  00000-0  00000-0 0  9997
2 11440  11.7603 315.7549 0004174 334.0914 333.9739  1.00291773111699
GORIZONT 3 [-]          
1 11648U 79105A   19099.93479840 -.00000172  00000-0  00000-0 0  9995
2 11648  11.8861 316.9857 0009180 184.4119 117.2322  1.00199512 96159
GORIZONT 4 [-]          
1 11841U 80049A   19099.81040546 -.00000135  00000-0  00000-0 0  9992
2 11841  12.9442 321.7853 0005372 346.4393 196.5342  0.98630612207629
GORIZONT 5 [-]          
1 13092U 82020A   19099.92221407 -.00000237  00000-0  00000-0 0  9995
2 13092  13.7817 326.6735 0029679 181.4855 165.0625  0.98533748 95726
GORIZONT 6 [-]          
1 13624U 82103A   19099.79013892  .00000113  00000-0  00000-0 0  9992
2 13624  12.6604 326.5734 0002512 349.2242   7.4158  1.00327511 94618
GORIZONT 7 [-]          
1 14160U 83066A   19099.32406383 -.00000115  00000-0  00000-0 0  9990
2 14160  14.0459 334.7838 0013430 302.0934 238.5066  0.98348577128928
GORIZONT 8 [-]          
1 14532U 83118A   19099.69226022 -.00000004  00000-0  00000+0 0  9997
2 14532  14.1488 336.4358 0025038 111.2360  69.4840  0.98268088 94730
GORIZONT 9 [-]          
1 14940U 84041A   19099.81988795  .00000051  00000-0  00000-0 0  9994
2 14940  13.3697 334.8727 0002610 259.9807 314.0977  1.00298003 95617
GORIZONT 10 [-]         
1 15144U 84078A   19100.36259212  .00000086  00000-0  00000+0 0  9996
2 15144  13.4230 335.8599 0004913 335.8398 209.3356  1.00246547128286
GORIZONT 11 [-]         
1 15484U 85007A   19099.57705484  .00000090  00000-0  00000-0 0  9999
2 15484  13.5236 337.6891 0003326   7.7474 251.0711  1.00319835126291
GORIZONT 12 [-]         
1 16769U 86044A   19099.93287534 -.00000242  00000-0  00000-0 0  9999
2 16769  13.9204 342.6840 0004597 317.6660 321.4672  1.00342154120931
GORIZONT 13 [-]         
1 17083U 86090A   19100.22938289 -.00000075  00000-0  00000+0 0  9998
2 17083  15.5260 349.0361 0019327 313.9224 222.0921  0.96725339 93275
GORIZONT 14 [-]         
1 17969U 87040A   19100.49621455 -.00000177  00000-0  00000+0 0  9993
2 17969  14.8573 341.1062 0025842 140.3951  37.3084  0.97659832 94213
GORIZONT 15 [-]         
1 19017U 88028A   19100.22938289 -.00000051  00000-0  00000+0 0  9994
2 19017  15.6423 352.1928 0031574 121.7218  50.1000  0.97827561 93804
GORIZONT 16 [-]         
1 19397U 88071A   19100.49909333 -.00000218  00000-0  00000+0 0  9995
2 19397  14.5277 351.0130 0017454  10.6475 173.0218  0.99989893111991
GORIZONT 17 [-]         
1 19765U 89004A   19099.62971206 -.00000212  00000-0  00000+0 0  9995
2 19765  14.9203 354.0817 0018774  88.6299  98.2896  0.99066043109555
GORIZONT 18 [-]         
1 20107U 89052A   19099.93530709 -.00000080  00000-0  00000-0 0  9997
2 20107  14.8914 355.3889 0038827 290.0067 339.7235  0.99397151108311
GORIZONT 19 [-]         
1 20263U 89081A   19099.76431708 -.00000064  00000-0  00000-0 0  9994
2 20263  14.6461 354.7546 0004997 296.4120 253.7953  1.00189723 21013
GORIZONT 20 [-]         
1 20659U 90054A   19099.76100212  .00000061  00000-0  00000-0 0  9994
2 20659  14.9339 357.6532 0001686 164.2985   4.4745  1.00252866105370
GORIZONT 21 [-]         
1 20923U 90094A   19099.96338941 -.00000108  00000-0  00000+0 0  9998
2 20923  14.9025 358.4366 0003709 262.6516 273.6391  1.00252453104111
GORIZONT 22 [-]         
1 20953U 90102A   19099.80140546 -.00000332  00000-0  00000-0 0  9996
2 20953  14.8447 358.7317 0007497 320.9659 301.3987  1.00236032104041
GORIZONT 23 [-]         
1 21533U 91046A   19100.16421767 -.00000075  00000-0  00000+0 0  9991
2 21533  15.3971   2.5958 0009056 301.1328 230.6806  0.98906886 94764
GORIZONT 24 [-]         
1 21759U 91074A   19099.30108280 -.00000041  00000-0  00000+0 0  9990
2 21759  15.4524   4.3174 0016247 210.8704   2.2471  0.98441988 99182
GORIZONT 25 [-]         
1 21922U 92017A   19099.93530709 -.00000165  00000-0  00000-0 0  9992
2 21922  15.0158   3.9145 0027997  37.0120 224.6476  0.99842846 98724
GORIZONT 26 [-]         
1 22041U 92043A   19099.60047403 -.00000307  00000-0  00000-0 0  9990
2 22041  15.0834   5.6872 0029257 212.6591 327.4814  0.99245138 97412
GORIZONT 27 [-]         
1 22245U 92082A   19099.62927588 -.00000366  00000-0  00000-0 0  9997
2 22245  15.0085   5.6393 0017291 326.9187 205.8041  1.00167178100819
GORIZONT 28 [-]         
1 22880U 93069A   19099.69910569 -.00000210  00000-0  00000-0 0  9994
2 22880  14.9403   9.1938 0029271  94.9214  86.4214  0.99649170 92969
GORIZONT 29 [-]         
1 22907U 93072A   19100.34464209  .00000071  00000-0  00000+0 0  9991
2 22907  14.8763   8.8180 0015630 310.4583 227.8487  1.00124653 92916
GORIZONT 30 [-]         
1 23108U 94030A   19099.91133588 -.00000290  00000-0  00000-0 0  9998
2 23108  14.8375   9.7819 0004483 302.0434 168.5880  1.00336567 91156
GORIZONT 31 [-]         
1 23775U 96005A   19099.63459727 -.00000327  00000-0  00000+0 0  9997
2 23775  14.4053  15.5566 0016267 183.3301   8.9120  0.99899324 84816
GORIZONT 32 [-]         
1 23880U 96034A   19100.29757407 -.00000204  00000-0  00000+0 0  9991
2 23880  14.3223  16.1519 0013485 309.4421 253.1972  1.00147146 83740
GORIZONT 33 [-]         
1 26372U 00029A   19099.14771580 -.00000220  00000-0  00000-0 0  9997
2 26372  12.4369  26.2697 0004522 327.6676 229.2714  1.00237325 69093
