COSMOS 2361 [-]         
1 25590U 98076A   19100.19636600  .00000025  00000-0  11255-4 0  9998
2 25590  82.9365 346.7027 0030963 202.4671 272.1007 13.72961888 16771
COSMOS 2378 [-]         
1 26818U 01023A   19099.79964521  .00000011  00000-0 -49149-5 0  9997
2 26818  82.9332   7.1619 0033167 154.5331 205.7467 13.73932591894386
COSMOS 2389 [-]         
1 27436U 02026A   19100.10996212  .00000026  00000-0  11091-4 0  9997
2 27436  82.9485 311.4685 0046978  25.7541  88.5160 13.74934706846422
COSMOS 2398 [-]         
1 27818U 03023A   19099.85029251  .00000035  00000-0  21403-4 0  9996
2 27818  82.9440 269.4810 0032542  47.0152 313.3716 13.72166145793672
COSMOS 2407 [+]         
1 28380U 04028A   19099.82304970 -.00000008  00000-0 -23583-4 0  9991
2 28380  82.9623 218.5496 0040220  35.3009 325.0798 13.76062639738999
COSMOS 2414 [+]         
1 28521U 05002A   19100.52164512  .00000008  00000-0 -59480-5 0  9992
2 28521  82.9498 228.1162 0038974 251.3989 108.2933 13.87608920720133
COSMOS 2429 [-]         
1 32052U 07038A   19100.16972179  .00000028  00000-0  13778-4 0  9993
2 32052  82.9821 340.0867 0038679   6.6637 353.5025 13.74913178581004
COSMOS 2454 [-]         
1 35635U 09039A   19100.39638740  .00000007  00000-0 -73490-5 0  9990
2 35635  82.9584 216.7330 0018296 205.0664 154.9612 13.89637560493025
COSMOS 2463 [+]         
1 36519U 10017A   19099.89059513  .00000031  00000-0  17768-4 0  9998
2 36519  82.9646  18.1561 0035225 211.8321 148.0701 13.71434781448161
