CALSPHERE 1             
1 00900U 64063C   19100.20953851  .00000249  00000-0  25800-3 0  9995
2 00900  90.1523  21.5198 0025110 285.2938 221.3796 13.73212454710856
CALSPHERE 2             
1 00902U 64063E   19099.85810644  .00000009  00000-0 -54699-7 0  9994
2 00902  90.1618  23.9820 0016476 290.8062 141.0761 13.52670531501338
LCS 1                   
1 01361U 65034C   19099.62743829  .00000016  00000-0  99241-3 0  9993
2 01361  32.1416 290.9669 0011028 320.7376  39.2321  9.89295753949864
TEMPSAT 1               
1 01512U 65065E   19099.88018434  .00000024  00000-0  28952-4 0  9991
2 01512  89.8550 231.8155 0071318  61.1831  55.3449 13.33419680610174
CALSPHERE 4(A)          
1 01520U 65065H   19099.96800510  .00000039  00000-0  58827-4 0  9993
2 01520  90.0503 127.2309 0068290 308.4874  98.3928 13.35783856612197
OPS 5712 (P/L 160)      
1 02826U 67053A   19100.17267768  .00000518  00000-0  15370-3 0  9997
2 02826  69.9269 134.9557 0007901 209.0810 150.9884 14.48670068684537
OPS 5712 (P/L 153)      
1 02874U 67053H   19099.95493172 -.00000007  00000-0  33256-4 0  9991
2 02874  69.9753 339.2157 0007614 342.5741  17.5102 13.96327717640301
SURCAL 150B             
1 02909U 67053J   19100.21770090  .00000741  00000-0  16392-3 0  9994
2 02909  69.9482 178.0832 0006888 253.9598 106.0784 14.61200608693934
RIGIDSPHERE 2 (LCS 4)   
1 05398U 71067E   19100.51635869  .00000153  00000-0  47918-4 0  9992
2 05398  87.6249 343.8895 0061121 263.3474  96.0764 14.33782471497690
