SARSAT 7 (NOAA 15)      
1 25338U 98030A   19100.43883186  .00000019  00000-0  26732-4 0  9997
2 25338  98.7531 121.8091 0011590  85.6472 274.6031 14.25901406 87387
METEOSAT-8 (MSG-1)      
1 27509U 02040B   19100.54793528  .00000136  00000-0  00000+0 0  9992
2 27509   5.9750  55.8360 0002725  14.1914   7.1585  1.00274476 60939
GPS BIIR-08             
1 27663U 03005A   19099.84503252 -.00000022  00000-0  00000+0 0  9993
2 27663  56.3643 319.0425 0106848  31.1778 153.7127  2.00577898118643
GPS BIIR-11             
1 28190U 04009A   19099.18011199 -.00000065  00000-0  00000+0 0  9992
2 28190  56.2563  19.8522 0092853  78.3295 141.2908  2.00569091110310
GPS BIIR-12             
1 28361U 04023A   19100.50157071  .00000015  00000-0  00000+0 0  9991
2 28361  54.0483 193.0278 0132324 230.2226 136.4040  2.00570892108424
GPS BIIR-13             
1 28474U 04045A   19100.48033763 -.00000001  00000-0  00000+0 0  9994
2 28474  54.6733  70.5381 0191511 259.7318  94.5749  2.00562090105785
SARSAT 10 (NOAA 18)     
1 28654U 05018A   19100.49683805  .00000069  00000-0  62484-4 0  9996
2 28654  99.1049 146.4000 0014349  16.7571 343.4071 14.12414928715755
GPS BIIR-14M            
1 28874U 05038A   19098.63833124 -.00000066  00000-0  00000+0 0  9994
2 28874  56.3825  17.2179 0131219 262.0014 308.4251  2.00558373 99159
METEOSAT-9 (MSG-2)      
1 28912U 05049B   19100.32499344  .00000017  00000-0  00000+0 0  9996
2 28912   3.5237  71.3441 0001247 347.5441 259.8332  1.00277255 48751
GOES 13                 
1 29155U 06018A   19100.45591157 -.00000289  00000-0  00000+0 0  9994
2 29155   0.3609 283.5666 0012345 138.9153 240.0408  1.00265463 47199
SARSAT 11 (METOP-A)     
1 29499U 06044A   19100.21390692 -.00000004  00000-0  17815-4 0  9991
2 29499  98.5828 155.3488 0002048  84.4841 349.5871 14.21546117647198
GPS BIIR-16M            
1 29601U 06052A   19099.89881096 -.00000021  00000-0  00000+0 0  9991
2 29601  56.3437 317.9568 0074184  59.9131 300.8590  2.00564619 90804
GPS BIIR-17M            
1 32260U 07047A   19098.71414443  .00000025  00000-0  00000+0 0  9992
2 32260  53.1714 188.8529 0110984  43.2718 317.6443  2.00564052 84155
GPS BIIR-18M            
1 32384U 07062A   19100.40302993 -.00000067  00000-0  00000+0 0  9999
2 32384  56.4652  17.7828 0006789  91.5287 185.7482  2.00552613 82925
SARSAT 12 (NOAA 19)     
1 33591U 09005A   19100.47552843  .00000065  00000-0  60607-4 0  9998
2 33591  99.1772  89.9365 0013431 209.0740 150.9684 14.12343581524132
GOES 14                 
1 35491U 09033A   19100.56573747 -.00000098  00000-0  00000+0 0  9999
2 35491   0.1323 103.6746 0007426 135.7687  58.3508  1.00271773 35832
GOES 15                 
1 36411U 10008A   19100.46734007  .00000046  00000-0  00000+0 0  9995
2 36411   0.0666  95.2854 0000985 176.9216 326.6091  1.00281289 33343
GLONASS-K 1             
1 37372U 11009A   19099.79112296 -.00000024  00000-0  00000+0 0  9994
2 37372  65.7110  42.3303 0008833 242.9410   3.5782  2.13107525 63148
GPS BIIF-2              
1 37753U 11036A   19100.32237095  .00000008  00000-0  00000+0 0  9995
2 37753  55.8704  74.4266 0084931  38.1890 325.3055  2.00565825 56624
GSAT0101 (GALILEO-PFM)  
1 37846U 11060A   19099.88036405 -.00000034  00000-0  00000+0 0  9995
2 37846  56.3325  53.2747 0005196 333.0215  26.9282  1.70475655 46492
GSAT0102 (GALILEO-FM2)  
1 37847U 11060B   19099.80767333 -.00000034  00000-0  00000-0 0  9990
2 37847  56.3331  53.2758 0006461 316.6557  44.7093  1.70475638 46370
LUCH 5A                 
1 37951U 11074B   19099.78307281 -.00000057  00000-0  00000-0 0  9995
2 37951   2.3503 131.7309 0003903 245.8519 267.8745  1.00273596 26867
METEOSAT-10 (MSG-3)     
1 38552U 12035B   19100.32595303  .00000057  00000-0  00000+0 0  9996
2 38552   1.0002  15.4001 0000395 303.8663   5.8123  1.00264486 24898
SARSAT 13 (METOP-B)     
1 38771U 12049A   19100.55763509 -.00000013  00000-0  14211-4 0  9991
2 38771  98.7110 160.8254 0001912 126.8983   6.2407 14.21484852340375
GPS BIIF-3              
1 38833U 12053A   19100.30338659  .00000028  00000-0  00000+0 0  9993
2 38833  53.8038 251.2319 0081431  33.4142 327.0671  2.00557515 47682
GSAT0103 (GALILEO-FM3)  
1 38857U 12055A   19099.33591104  .00000033  00000-0  00000+0 0  9993
2 38857  54.9239 173.7674 0004166 258.0575 101.9729  1.70473721 40396
GSAT0104 (GALILEO-FM4)  
1 38858U 12055B   19099.85674615  .00000031  00000-0  00000-0 0  9999
2 38858  54.9246 173.7523 0003047 262.9604  97.0804  1.70473665 40400
GPS BIIF-4              
1 39166U 13023A   19100.16451539 -.00000069  00000-0  00000+0 0  9994
2 39166  56.0673  13.9562 0068742  24.6850 335.6673  2.00568019 43227
INSAT-3D                
1 39216U 13038B   19100.48426324 -.00000161  00000-0  00000+0 0  9998
2 39216   0.0291 140.3499 0001246 246.3407  68.1442  1.00272732 20982
GPS BIIF-5              
1 39533U 14008A   19099.66101876  .00000027  00000-0  00000-0 0  9998
2 39533  53.9377 256.6455 0038941 191.1091 168.7745  2.00571159 37041
LUCH 5V                 
1 39727U 14023A   19099.88363020 -.00000273  00000-0  00000-0 0  9999
2 39727   1.3608 302.6152 0003898 102.6489 205.3282  1.00268088536194
GPS BIIF-6              
1 39741U 14026A   19099.94748363  .00000006  00000-0  00000+0 0  9994
2 39741  55.8505  73.9668 0018270 292.4429  67.3525  2.00576989 35869
GPS BIIF-7              
1 40105U 14045A   19099.03923056  .00000025  00000-0  00000+0 0  9996
2 40105  54.5749 193.3531 0011046 102.4815 257.6844  2.00559951 34294
GSAT0201 (GALILEO 5)    
1 40128U 14050A   19098.88383163 -.00000078  00000-0  00000-0 0  9998
2 40128  50.5575  18.7643 1662933  85.2552 293.4213  1.85518547 29627
GSAT0202 (GALILEO 6)    
1 40129U 14050B   19098.61018644 -.00000079  00000-0  00000+0 0  9999
2 40129  50.6021  17.7962 1662293  86.1143 292.6108  1.85519168 31721
GPS BIIF-8              
1 40294U 14068A   19099.40210790  .00000046  00000-0  00000+0 0  9998
2 40294  55.1565 134.1881 0018528  26.6039 333.5621  2.00578423 32520
GLONASS-K 2             
1 40315U 14075A   19100.27605936  .00000045  00000-0  00000+0 0  9997
2 40315  64.0761 282.0814 0014613 203.6648 160.6913  2.13098551 33925
GPS BIIF-9              
1 40534U 15013A   19100.04691500 -.00000017  00000-0  00000+0 0  9990
2 40534  54.5548 312.7123 0037013   5.4467 354.6240  2.00573961 29602
GSAT0203 (GALILEO 7)    
1 40544U 15017A   19099.07312418 -.00000035  00000-0  00000+0 0  9993
2 40544  56.1232  53.4921 0004520 279.3414  80.5821  1.70474810 25095
GSAT0204 (GALILEO 8)    
1 40545U 15017B   19098.85523071 -.00000035  00000-0  00000-0 0  9999
2 40545  56.1296  53.5120 0002010 279.3007  80.6505  1.70475166 25093
GPS BIIF-10             
1 40730U 15033A   19097.70979760 -.00000069  00000-0  00000+0 0  9992
2 40730  55.5929  13.4252 0044630 341.1501  18.7096  2.00558473 27318
METEOSAT-11 (MSG-4)     
1 40732U 15034A   19100.32420833 -.00000009  00000-0  00000+0 0  9994
2 40732   0.8882 220.1703 0000785 142.3487 312.0910  1.00273310 13713
GSAT0205 (GALILEO 9)    
1 40889U 15045A   19098.51237509  .00000005  00000-0  00000+0 0  9997
2 40889  56.5022 294.0783 0004395  35.0110 325.0202  1.70474906 22236
GSAT0206 (GALILEO 10)   
1 40890U 15045B   19099.31865256  .00000006  00000-0  00000+0 0  9995
2 40890  56.5006 294.0528 0002761  43.0251 316.9977  1.70475017 22273
GPS BIIF-11             
1 41019U 15062A   19100.25302820  .00000045  00000-0  00000+0 0  9990
2 41019  55.1588 133.9678 0045735 207.5616 152.2615  2.00564658 25181
ELEKTRO-L 2             
1 41105U 15074A   19099.90869251 -.00000100  00000-0  00000-0 0  9998
2 41105   0.1960 118.7008 0002205 287.3125 194.9077  1.00271344 12193
GSAT0209 (GALILEO 12)   
1 41174U 15079A   19099.48986813  .00000033  00000-0  00000+0 0  9999
2 41174  54.9378 173.4573 0005278 298.4257  61.5982  1.70473936 20591
GSAT0208 (GALILEO 11)   
1 41175U 15079B   19099.70969929  .00000032  00000-0  00000+0 0  9993
2 41175  54.9359 173.4513 0004435 297.4607  62.5706  1.70473998 20602
GPS BIIF-12             
1 41328U 16007A   19100.35056422  .00000017  00000-0  00000+0 0  9997
2 41328  54.8198 193.6723 0029711 216.9196 142.9172  2.00551839 23240
GSAT0211 (GALILEO 14)   
1 41549U 16030A   19099.24542118  .00000006  00000-0  00000-0 0  9994
2 41549  56.6418 293.8666 0002003 352.7415   7.2565  1.70474668 17902
GSAT0210 (GALILEO 13)   
1 41550U 16030B   19100.12511603  .00000007  00000-0  00000+0 0  9991
2 41550  56.6407 293.8443 0000470 292.3441  67.6517  1.70474786 17895
INSAT-3DR               
1 41752U 16054A   19100.41089785 -.00000082  00000-0  00000+0 0  9998
2 41752   0.1251  94.8320 0011893 187.2786 138.1518  1.00271508  9489
GSAT0207 (GALILEO 15)   
1 41859U 16069A   19099.78308130  .00000031  00000-0  00000+0 0  9990
2 41859  54.5959 173.9208 0005142 286.5631  73.4559  1.70473873 14872
GSAT0212 (GALILEO 16)   
1 41860U 16069B   19098.46335689  .00000033  00000-0  00000+0 0  9997
2 41860  54.5931 173.9572 0003973 303.8123  56.2281  1.70473837 14878
GSAT0213 (GALILEO 17)   
1 41861U 16069C   19098.24290652  .00000033  00000-0  00000+0 0  9994
2 41861  54.5956 173.9665 0004320 266.2912  93.7376  1.70473935 14874
GSAT0214 (GALILEO 18)   
1 41862U 16069D   19098.97636649  .00000033  00000-0  00000+0 0  9995
2 41862  54.5943 173.9421 0003562 270.6336  89.4032  1.70473934 14877
GOES 16                 
1 41866U 16071A   19100.45285831 -.00000253  00000-0  00000+0 0  9997
2 41866   0.0329  11.2392 0000569  42.1292 232.8464  1.00271084  8784
GSAT-17                 
1 42815U 17040B   19099.94459522 -.00000262  00000-0  00000-0 0  9991
2 42815   0.0593 104.2748 0004226 201.1055 326.0686  1.00272941  6499
GSAT0215 (GALILEO 19)   
1 43055U 17079A   19099.46414807  .00000007  00000-0  00000+0 0  9999
2 43055  56.6161 293.7114 0000246 122.5853 237.4176  1.70473912  8225
GSAT0216 (GALILEO 20)   
1 43056U 17079B   19099.75720692  .00000007  00000-0  00000+0 0  9994
2 43056  56.6165 293.7029 0001763 265.5978  94.3825  1.70473981  8212
GSAT0217 (GALILEO 21)   
1 43057U 17079C   19100.56378859  .00000008  00000-0  00000+0 0  9992
2 43057  56.6139 293.6821 0001479 300.2436  59.7428  1.70473943  8248
GSAT0218 (GALILEO 22)   
1 43058U 17079D   19100.19714666  .00000007  00000-0  00000+0 0  9991
2 43058  56.6144 293.6895 0002235 257.9503 102.0252  1.70473969  8234
GOES 17                 
1 43226U 18022A   19100.44038358  .00000092  00000-0  00000+0 0  9996
2 43226   0.0416  43.9506 0002879 342.4469 193.3102  1.00271700  4118
GSAT0221 (GALILEO 25)   
1 43564U 18060A   19098.92667866 -.00000035  00000-0  00000-0 0  9993
2 43564  56.5151  53.0084 0005757 289.2359  70.6761  1.70475754  4392
GSAT0222 (GALILEO 26)   
1 43565U 18060B   19099.73318231 -.00000034  00000-0  00000-0 0  9992
2 43565  56.5176  52.9850 0005744 296.2664  63.6510  1.70475757  4456
GSAT0219 (GALILEO 23)   
1 43566U 18060C   19098.77991557 -.00000035  00000-0  00000-0 0  9995
2 43566  56.5177  53.0128 0005310 293.6648  66.2534  1.70475621  4411
GSAT0220 (GALILEO 24)   
1 43567U 18060D   19098.41319236 -.00000035  00000-0  00000+0 0  9994
2 43567  56.5167  53.0240 0005445 294.7953  65.1209  1.70475697  4382
