AOR-E (EGNOS/PRN 120)   
1 24307U 96053A   19100.45207319 -.00000206  00000-0  00000+0 0  9999
2 24307   3.9861  74.3291 0007608 305.8274 261.9296  0.99984546 82707
CRE (WAAS/PRN 138)      
1 28868U 05036A   19100.10587457 -.00000079  00000-0  00000+0 0  9990
2 28868   0.0076 106.6939 0002850 277.6283 104.5370  1.00272863 49834
CRW (WAAS/PRN 135)      
1 28884U 05041A   19100.44134317  .00000074  00000-0  00000+0 0  9998
2 28884   0.0475  99.4075 0001781 284.1387 200.7018  1.00270784 49305
IOR-W (EGNOS/PRN 126)   
1 28899U 05044A   19100.48059933  .00000007  00000-0  00000+0 0  9997
2 28899   2.8120  24.5420 0003448  15.9797  34.7848  1.00271926 49189
MTSAT-2 (MSAS/PRN 137)  
1 28937U 06004A   19099.92247579 -.00000247  00000-0  00000-0 0  9996
2 28937   0.0423  83.9157 0003707 300.1182 290.8914  1.00269633 48156
QZS-1 (QZSS/PRN 183)    
1 37158U 10045A   19099.47141624 -.00000126  00000-0  00000+0 0  9990
2 37158  41.2711 149.7855 0752376 270.1531  83.0583  1.00295233 31387
GSAT-8 (GAGAN/PRN 127)  
1 37605U 11022A   19099.88868641  .00000081  00000-0  00000-0 0  9993
2 37605   0.0361 102.8098 0004885 194.9679 275.0152  1.00271739 26898
LUCH 5A (SDCM/PRN 140)  
1 37951U 11074B   19099.78307281 -.00000057  00000-0  00000-0 0  9995
2 37951   2.3503 131.7309 0003903 245.8519 267.8745  1.00273596 26867
SES-5 (EGNOS/PRN 136)   
1 38652U 12036A   19100.21922819  .00000029  00000-0  00000+0 0  9991
2 38652   0.0293 126.7694 0002041 249.4784 265.8182  1.00272383 24745
GSAT-10 (GAGAN/PRN 128) 
1 38779U 12051B   19100.48443771 -.00000170  00000-0  00000+0 0  9990
2 38779   0.0685  92.7604 0002147 319.5426  43.5076  1.00271502 23971
LUCH 5B (SDCM/PRN 125)  
1 38977U 12061A   19100.22340911 -.00000134  00000-0  00000+0 0  9995
2 38977   4.8674  70.3079 0006886 310.2002 241.8477  1.00272319 23853
ASTRA 5B (EGNOS/PRN 123)
1 39617U 14011B   19099.89988168  .00000151  00000-0  00000-0 0  9995
2 39617   0.0673  71.3097 0003879 298.4716 183.5098  1.00269782 18340
LUCH 5V (SDCM/PRN 141)  
1 39727U 14023A   19099.88363020 -.00000273  00000-0  00000-0 0  9999
2 39727   1.3608 302.6152 0003898 102.6489 205.3282  1.00268088536194
GSAT-15 (GAGAN/PRN 139) 
1 41028U 15065A   19099.94459522 -.00000262  00000-0  00000-0 0  9991
2 41028   0.0385 123.9421 0002329 262.2248 245.2658  1.00270265 12522
E 117 W B (WAAS/PRN 131)
1 41589U 16038B   19100.44457089 -.00000017  00000-0  00000+0 0  9995
2 41589   0.0198 353.0158 0000388 110.2938 138.1214  1.00272408 10381
QZS-2 (QZSS/PRN 184)    
1 42738U 17028A   19100.36577207 -.00000172  00000-0  00000+0 0  9990
2 42738  43.7140 280.4552 0740090 270.9217 277.2601  1.00257630  6813
