DMSP 5D-2 F14 (USA 131) 
1 24753U 97012A   19100.55344508  .00000047  00000-0  47297-4 0  9999
2 24753  99.0333 106.5136 0008696   2.5158 357.6057 14.15829720137061
NOAA 15                 
1 25338U 98030A   19100.43883186  .00000019  00000-0  26732-4 0  9997
2 25338  98.7531 121.8091 0011590  85.6472 274.6031 14.25901406 87387
DMSP 5D-3 F15 (USA 147) 
1 25991U 99067A   19100.53755507 -.00000086  00000-0 -20626-4 0  9991
2 25991  98.9105  65.0740 0008828 254.9301 216.0961 14.16532521999015
METEOSAT-8 (MSG-1)      
1 27509U 02040B   19100.54793528  .00000136  00000-0  00000+0 0  9992
2 27509   5.9750  55.8360 0002725  14.1914   7.1585  1.00274476 60939
DMSP 5D-3 F16 (USA 172) 
1 28054U 03048A   19100.52225885 -.00000093  00000-0 -25657-4 0  9995
2 28054  98.8599  77.3737 0008008  21.4628  89.0052 14.13694333798580
NOAA 18                 
1 28654U 05018A   19100.49683805  .00000069  00000-0  62484-4 0  9996
2 28654  99.1049 146.4000 0014349  16.7571 343.4071 14.12414928715755
METEOSAT-9 (MSG-2)      
1 28912U 05049B   19100.32499344  .00000017  00000-0  00000+0 0  9996
2 28912   3.5237  71.3441 0001247 347.5441 259.8332  1.00277255 48751
HIMAWARI-7 (MTSAT-2)    
1 28937U 06004A   19099.92247579 -.00000247  00000-0  00000-0 0  9996
2 28937   0.0423  83.9157 0003707 300.1182 290.8914  1.00269633 48156
FORMOSAT-3 FM6          
1 29047U 06011A   19099.95078362  .00000009  00000-0  19591-4 0  9996
2 29047  71.9771 276.7729 0049032  91.4798 269.1956 14.28671901679269
FORMOSAT-3 FM1          
1 29048U 06011B   19099.88751546  .00000070  00000-0  43834-4 0  9996
2 29048  71.9673 188.3233 0042401  46.6823 313.7835 14.28620315681744
FORMOSAT-3 FM5          
1 29049U 06011C   19100.40352862  .00000077  00000-0  46596-4 0  9991
2 29049  72.0223 356.4582 0033332  78.0024 282.4845 14.28707846677606
FORMOSAT-3 FM3          
1 29050U 06011D   19100.49987288  .00000166  00000-0  45300-4 0  9999
2 29050  72.0163 186.6592 0048918  31.5477 328.8592 14.58781503693143
FORMOSAT-3 FM4          
1 29051U 06011E   19100.48209933  .00000062  00000-0  40273-4 0  9992
2 29051  72.0044 259.1684 0069390 314.3511  45.1952 14.28734124680204
FORMOSAT-3 FM2          
1 29052U 06011F   19100.37222112  .00000090  00000-0  51602-4 0  9994
2 29052  72.0351 332.3075 0039103  37.1337 323.2493 14.28833476678510
GOES 13                 
1 29155U 06018A   19100.45591157 -.00000289  00000-0  00000+0 0  9994
2 29155   0.3609 283.5666 0012345 138.9153 240.0408  1.00265463 47199
METOP-A                 
1 29499U 06044A   19100.21390692 -.00000004  00000-0  17815-4 0  9991
2 29499  98.5828 155.3488 0002048  84.4841 349.5871 14.21546117647198
DMSP 5D-3 F17 (USA 191) 
1 29522U 06050A   19100.51212418  .00000007  00000-0  26882-4 0  9993
2 29522  98.8247 117.8957 0009513 337.9150  22.1612 14.14006580641402
FENGYUN 3A              
1 32958U 08026A   19100.44287826 -.00000016  00000-0  11973-4 0  9998
2 32958  98.3800 104.4638 0009026 147.7398 212.4334 14.18599913563293
FENGYUN 2E              
1 33463U 08066A   19100.05428922 -.00000199  00000-0  00000+0 0  9991
2 33463   3.4590  69.2189 0004372 271.6883 322.8727  1.00263921 37766
NOAA 19                 
1 33591U 09005A   19100.47552843  .00000065  00000-0  60607-4 0  9998
2 33591  99.1772  89.9365 0013431 209.0740 150.9684 14.12343581524132
GOES 14                 
1 35491U 09033A   19100.56573747 -.00000098  00000-0  00000+0 0  9999
2 35491   0.1323 103.6746 0007426 135.7687  58.3508  1.00271773 35832
METEOR-M 1              
1 35865U 09049A   19100.44064736  .00000023  00000-0  28962-4 0  9990
2 35865  98.4120 101.7622 0002959  40.7068 319.4332 14.22190404496238
DMSP 5D-3 F18 (USA 210) 
1 35951U 09057A   19100.53367073  .00000038  00000-0  43026-4 0  9999
2 35951  98.6200 100.7813 0011431 161.5285 198.6306 14.13182611488717
GOES 15                 
1 36411U 10008A   19100.46734007  .00000046  00000-0  00000+0 0  9995
2 36411   0.0666  95.2854 0000985 176.9216 326.6091  1.00281289 33343
COMS 1                  
1 36744U 10032A   19099.77557052 -.00000348  00000-0  00000+0 0  9991
2 36744   0.0172 168.4633 0000303 293.3386 143.2759  1.00269200 32328
FENGYUN 3B              
1 37214U 10059A   19100.46982542 -.00000006  00000-0  20036-4 0  9995
2 37214  98.9927  71.8504 0018196  58.6107 301.6842 14.15911350436265
SUOMI NPP               
1 37849U 11061A   19100.23214854  .00000018  00000-0  29515-4 0  9995
2 37849  98.7310  39.3798 0001652  79.2974  58.1826 14.19561904386010
FENGYUN 2F              
1 38049U 12002A   19100.49019528 -.00000360  00000-0  00000+0 0  9997
2 38049   1.0927  81.1183 0002030  54.6753 350.8745  1.00260200 26575
METEOSAT-10 (MSG-3)     
1 38552U 12035B   19100.32595303  .00000057  00000-0  00000+0 0  9996
2 38552   1.0002  15.4001 0000395 303.8663   5.8123  1.00264486 24898
METOP-B                 
1 38771U 12049A   19100.55763509 -.00000013  00000-0  14211-4 0  9991
2 38771  98.7110 160.8254 0001912 126.8983   6.2407 14.21484852340375
FENGYUN 3C              
1 39260U 13052A   19100.51012384 -.00000024  00000-0  93248-5 0  9994
2 39260  98.6109 161.7250 0011492  28.1499 332.0295 14.15863898287214
METEOR-M 2              
1 40069U 14037A   19100.41661372 -.00000018  00000-0  11421-4 0  9998
2 40069  98.5599 147.9503 0006891  97.9955 262.2003 14.20660643246585
HIMAWARI-8              
1 40267U 14060A   19100.49595285 -.00000281  00000-0  00000+0 0  9999
2 40267   0.0108 211.0170 0001072 155.5346 151.0859  1.00270738 16544
FENGYUN 2G              
1 40367U 14090A   19100.48775267 -.00000306  00000-0  00000+0 0  9990
2 40367   1.0786 102.5470 0001785 314.3773  56.6704  1.00274374 15723
METEOSAT-11 (MSG-4)     
1 40732U 15034A   19100.32420833 -.00000009  00000-0  00000+0 0  9994
2 40732   0.8882 220.1703 0000785 142.3487 312.0910  1.00273310 13713
ELEKTRO-L 2             
1 41105U 15074A   19099.90869251 -.00000100  00000-0  00000-0 0  9998
2 41105   0.1960 118.7008 0002205 287.3125 194.9077  1.00271344 12193
HIMAWARI-9              
1 41836U 16064A   19100.49595285 -.00000280  00000-0  00000+0 0  9997
2 41836   0.0137 151.8048 0000307 179.2865 186.6679  1.00272563  8984
GOES 16                 
1 41866U 16071A   19100.45285831 -.00000253  00000-0  00000+0 0  9997
2 41866   0.0329  11.2392 0000569  42.1292 232.8464  1.00271084  8784
FENGYUN 4A              
1 41882U 16077A   19100.22723889 -.00000334  00000-0  00000+0 0  9996
2 41882   0.2109 286.8170 0005151 220.4319 237.2441  1.00269362  8664
CYGFM05                 
1 41884U 16078A   19099.47227725  .00000493  00000-0  27994-4 0  9992
2 41884  34.9558 241.3602 0015116 123.2322 236.9840 15.14348041128125
CYGFM04                 
1 41885U 16078B   19099.45696540  .00000506  00000-0  28272-4 0  9991
2 41885  34.9490 236.9908 0013482 129.7751 230.4149 15.14855033128160
CYGFM02                 
1 41886U 16078C   19099.45014400  .00000528  00000-0  29430-4 0  9992
2 41886  34.9582 238.4688 0014228 126.9421 233.2595 15.14857138128150
CYGFM01                 
1 41887U 16078D   19100.44277134  .00000542  00000-0  30745-4 0  9997
2 41887  34.9526 235.8124 0015607 133.6051 226.5958 15.14168418128267
CYGFM08                 
1 41888U 16078E   19099.49797400  .00000495  00000-0  27943-4 0  9996
2 41888  34.9496 239.2705 0014741 128.9884 231.2142 15.14573538128133
CYGFM06                 
1 41889U 16078F   19100.48104513  .00000551  00000-0  30675-4 0  9995
2 41889  34.9577 230.7341 0013217 136.4470 223.7287 15.14848523128313
CYGFM07                 
1 41890U 16078G   19100.45943141  .00000538  00000-0  29999-4 0  9994
2 41890  34.9514 230.1639 0013029 138.7065 221.4633 15.14848671128310
CYGFM03                 
1 41891U 16078H   19099.46571210  .00000418  00000-0  23676-4 0  9990
2 41891  34.9546 236.4701 0012430 128.6814 231.5010 15.14847122128164
FENGYUN 3D              
1 43010U 17072A   19100.52013321 -.00000022  00000-0  10358-4 0  9999
2 43010  98.7085  40.9103 0000223 239.3629 120.7522 14.19717418 72624
NOAA 20                 
1 43013U 17073A   19100.52301932  .00000015  00000-0  27887-4 0  9997
2 43013  98.7156  39.7503 0001451  96.6208 263.5134 14.19552160 72094
GOES 17                 
1 43226U 18022A   19100.44038358  .00000092  00000-0  00000+0 0  9996
2 43226   0.0416  43.9506 0002879 342.4469 193.3102  1.00271700  4118
FENGYUN 2H              
1 43491U 18050A   19100.48365258 -.00000131  00000-0  00000+0 0  9992
2 43491   1.6674 282.7472 0002150 234.8364 293.8894  1.00269510  3197
METOP-C                 
1 43689U 18087A   19100.08574340 -.00000044  00000-0  00000+0 0  9994
2 43689  98.7133 160.6598 0002923 139.5257 220.6147 14.21482217 21889
GEO-KOMPSAT-2A          
1 43823U 18100A   19099.99095597 -.00000348  00000-0  00000+0 0  9996
2 43823   0.0446  36.7507 0001827  24.1416 262.0578  1.00270377  1334
