0 1 10
1 11 10
1 2 11
2 12 11
2 3 12
3 13 12
3 4 13
4 14 13
4 5 14
5 15 14
5 6 15
6 16 15
6 7 16
7 17 16
7 8 17
8 18 17
8 9 18
9 19 18
10 11 20
11 21 20
11 12 21
12 22 21
12 13 22
13 23 22
13 14 23
14 24 23
14 15 24
15 25 24
15 16 25
16 26 25
16 17 26
17 27 26
17 18 27
18 28 27
18 19 28
19 29 28
20 21 30
21 31 30
21 22 31
22 32 31
22 23 32
23 33 32
23 24 33
24 34 33
24 25 34
25 35 34
25 26 35
26 36 35
26 27 36
27 37 36
27 28 37
28 38 37
28 29 38
29 39 38
30 31 40
31 41 40
31 32 41
32 42 41
32 33 42
33 43 42
33 34 43
34 44 43
34 35 44
35 45 44
35 36 45
36 46 45
36 37 46
37 47 46
37 38 47
38 48 47
38 39 48
39 49 48
40 41 50
41 51 50
41 42 51
42 52 51
42 43 52
43 53 52
43 44 53
44 54 53
50 51 55
51 56 55
51 52 56
52 57 56
52 53 57
53 58 57
53 54 58
54 59 58
55 56 60
56 61 60
56 57 61
57 62 61
57 58 62
58 63 62
58 59 63
59 64 63
60 61 65
61 66 65
61 62 66
62 67 66
62 63 67
63 68 67
63 64 68
64 69 68
65 66 70
66 71 70
66 67 71
67 72 71
67 68 72
68 73 72
68 69 73
69 74 73
