UNKNOWN                 
1 81014U          19099.17383660  .00053010  00000-0  46211-2 0  9991
2 81014  51.3305  65.6573 2899007 165.7111 204.7521  9.47307025187321
UNKNOWN                 
1 81036U          19099.34084880  .00000941  00000-0  16258-2 0  9999
2 81036  66.0389 268.4945 2746381  30.9965 342.7326  9.12787474178645
UNKNOWN                 
1 81037U          19079.49076550  .00001781  00000-0  16307-3 0  9998
2 81037  62.2030  38.4618 0273086  99.8163 263.3864 14.74793775844165
UNKNOWN                 
1 81052U          19098.47453228  .00000089  00000-0  62188-4 0  9994
2 81052  65.7798 267.2506 0645463  32.7311 331.2067 13.59937625266986
UNKNOWN                 
1 81067U          19099.17462665  .00001064  00000-0  59358-3 0  9991
2 81067  99.1064 183.6730 0053115  36.2605 324.2147 14.12408233217346
UNKNOWN                 
1 81069U          19098.31951190  .00001201  00000-0  20793-2 0  9997
2 81069 100.3340 238.1287 0073817 195.3157 164.5737 13.45244822186569
UNKNOWN                 
1 81073U          19098.71111867  .00007209  00000-0  68095-2 0  9996
2 81073  61.6297 283.6130 4769699 129.7466 283.1607  5.81383839457719
UNKNOWN                 
1 81078U          19096.14870310 -.00000015  00000-0  77476-3 0  9994
2 81078  65.1179 160.8514 0183172 180.7689 206.6400 11.21488176856333
UNKNOWN                 
1 81096U 83075    19099.40419370  .00004119  00000-0  33554-3 0  9991
2 81096  97.3865  57.2917 0203666  57.1616 304.9028 14.85142723243501
UNKNOWN                 
1 81111U          19098.39417357  .00034950  00000-0  17703-2 0  9999
2 81111  62.7351 173.8747 4948493 265.0878  39.1480  5.78735558703112
UNKNOWN                 
1 81114U          19096.38918071  .00032338  00000-0  10379-2 0  9998
2 81114  63.0187 235.5727 0037449 139.2818 221.1108 15.31484494826545
UNKNOWN                 
1 81122U          19088.14225096  .00001139  00000-0  52681-3 0  9998
2 81122  97.6278 224.4854 0279437 336.1429  22.6993 14.03856259229359
UNKNOWN                 
1 81123U 70025    19094.00647356  .00000105  00000-0  15547-3 0  9994
2 81123  99.9643  11.6826 0001902 265.6137  94.4794 13.77221448722875
UNKNOWN                 
1 81134U          19098.02138473  .00000117  00000-0  40851-3 0  9992
2 81134  90.3031 303.2722 0025781 291.1829  68.6534 12.92239562147329
UNKNOWN                 
1 81161U          19094.10637192 -.00000176  00000-0 -13630-3 0  9991
2 81161 100.4013  57.1763 0062967 314.1694  45.4285 13.71336830784805
UNKNOWN                 
1 81167U          19095.29494319 -.00002396  00000-0 -31848-1 0  9995
2 81167  62.0629  72.6713 3356631 183.9580 172.6359  7.43695117 54204
UNKNOWN                 
1 81182U          19098.89515899  .00222490  00000-0  13703-1 0  9995
2 81182  51.3981 331.2963 1834727 118.3554 261.4380 11.66350848169692
UNKNOWN                 
1 81219U 81053    19096.53827997  .00000221  00000-0  19949-3 0  9993
2 81219  82.9305  35.2323 0020839 244.4351 115.4654 13.79446358270637
UNKNOWN                 
1 81221U          19090.75319604  .00000295  00000-0  15971-3 0  9990
2 81221  98.8219  20.2152 0114542 179.7081 180.4179 14.16470511176908
UNKNOWN                 
1 81228U          19086.78261481  .00000982  00000-0  48218-3 0  9997
2 81228  70.5332 233.1828 0081514 344.7168  15.1491 14.18666107851546
UNKNOWN                 
1 81241U          19099.43595507  .00000118  00000-0  57264-4 0  9990
2 81241  81.2270 134.0168 0034642  15.1780 345.0423 14.11981687129450
UNKNOWN                 
1 81247U 81053    19099.28147390  .00004235  00000-0  11948-2 0  9990
2 81247  83.2493  51.5180 0034239 339.1577  20.8220 14.45227203282577
UNKNOWN                 
1 81254U 70025    19096.06073857  .00000635  00000-0  53206-3 0  9998
2 81254 100.3669 185.0882 0076466 338.0051  21.7828 13.91502196272453
UNKNOWN                 
1 81264U          19090.76819935  .00000916  00000-0  19748-3 0  9996
2 81264  99.4497 285.8362 0107003 180.1382 179.9801 14.57979757251377
UNKNOWN                 
1 81279U          19099.46185873  .00000131  00000-0  72762-4 0  9990
2 81279  98.1350 341.4321 0222946 281.7344  75.8896 14.13433962117555
UNKNOWN                 
1 81301U          19096.08555762  .00000102  00000-0  17796-3 0  9992
2 81301  66.7618   0.4263 0084388  70.7020 352.7330 13.75296415778717
UNKNOWN                 
1 81311U 90105    19096.61682964  .00000059  00000-0  24923-4 0  9994
2 81311  98.6689  11.8963 0138943 353.4848 124.8178 14.52885862836640
UNKNOWN                 
1 81317U 80089    19099.12463734  .00000030  00000-0  15824-3 0  9999
2 81317  67.1371 142.0393 0223486 295.9285  92.9656 13.36995850801313
UNKNOWN                 
1 81323U          19092.23438679  .00000550  00000-0  14649-3 0  9997
2 81323  65.7806  36.2417 0497814 131.4960 232.9975 14.01702587767698
UNKNOWN                 
1 81329U          19099.38395066 -.00000383  00000-0 -11165-3 0  9994
2 81329  65.8252 246.6001 0870448  43.0361 347.4280 13.12490334295318
UNKNOWN                 
1 81338U          19093.35943780  .00017399  00000-0  13572-2 0  9993
2 81338  74.0253 223.3586 0011797 178.2326 181.8906 15.01091758194610
UNKNOWN                 
1 81341U          19096.12510852  .00005426  00000-0  16310-1 0  9995
2 81341  99.5153 337.7936 0372916 252.9968 102.9955 12.86102506208437
UNKNOWN                 
1 81342U          19096.14556237  .00001105  00000-0  68253-3 0  9990
2 81342  70.9003   6.9111 0160604  32.8513 328.2460 14.01334374764446
UNKNOWN                 
1 81343U          19098.26469922  .00000339  00000-0  36666-4 0  9992
2 81343  85.8821  33.4331 0008712 262.1111  97.9123 14.84740336 91081
UNKNOWN                 
1 81357U          19098.62433088  .00000922  00000-0  97445-4 0  9991
2 81357  97.5185  38.1620 0205666 201.0238 158.2429 14.77318780173415
UNKNOWN                 
1 81358U          19099.32966131 -.00002802  00000-0 -35980+0 0  9992
2 81358  62.6243  79.3458 0395876  57.9095 305.9531  9.79840830558270
UNKNOWN                 
1 81359U          19099.43254407  .00000148  00000-0  22082-3 0  9993
2 81359  66.7990 103.0937 0120582 190.0053 169.8617 13.74776935820082
UNKNOWN                 
1 81361U          19099.33030153  .00014367  00000-0  10029-2 0  9990
2 81361  98.5470 236.5022 0019851 288.7461  71.1608 15.05332820424208
UNKNOWN                 
1 81366U          19081.38948035 -.00000010  00000-0  30098-4 0  9999
2 81366  65.8832  84.6945 0745267 177.5307 182.9770 13.38696327736834
UNKNOWN                 
1 81371U          19096.16577514  .00000176  00000-0  49173-4 0  9993
2 81371  98.8204 354.0897 0087559 291.1601  68.0255 14.57147015285278
UNKNOWN                 
1 81374U          19092.88138497  .00001158  00000-0  44299-3 0  9998
2 81374  65.7300 186.7659 0050733 343.7786  16.1679 14.33840457684247
UNKNOWN                 
1 81380U          19097.19485340  .00001496  00000-0  52384-3 0  9995
2 81380  99.8520 187.3778 0003574 219.4157 140.6765 14.36960418783676
UNKNOWN                 
1 81390U          19096.33575311 -.00000524  00000-0 -36378-2 0  9996
2 81390 103.1015 154.0219 0177661  91.6006 270.5408 12.34097381198648
UNKNOWN                 
1 81391U          19091.12845547  .00001029  00000-0  47687-3 0  9995
2 81391  81.2088 235.7671 0015795 330.2568  29.7709 14.20105618232634
UNKNOWN                 
1 81392U          19083.14102235  .00000650  00000-0  83507-3 0  9999
2 81392 100.4386 193.7811 0047104  86.1201  34.3665 13.66791326789264
UNKNOWN                 
1 81402U          19098.47237506  .00001659  00000-0  73480-3 0  9992
2 81402  98.7630 111.9250 0007609  51.0641 309.1215 14.24478276 97202
UNKNOWN                 
1 81405U          19080.89057296  .00000256  00000-0  25248-3 0  9999
2 81405  99.5019  61.1211 0168024 252.2014 106.0745 13.82162684233677
UNKNOWN                 
1 81409U 87068    19098.71079108  .00001598  00000-0  61853-3 0  9990
2 81409  82.6657  99.3454 0060492 300.4435  59.0782 14.28600718279480
UNKNOWN                 
1 81418U          19099.28458766  .00000544  00000-0  11768-2 0  9994
2 81418 100.3217 216.4121 0051789 326.8507  32.9375 13.34143690 73414
UNKNOWN                 
1 81425U 70025    19094.23598214  .00001687  00000-0  21500-2 0  9993
2 81425  99.4188 199.6656 0082020 269.0980  90.0764 13.63292920741789
UNKNOWN                 
1 81427U          19095.20052707  .00000460  00000-0  31313-3 0  9993
2 81427  98.9088   8.8513 0089225  28.4626 331.5347 14.02978829209327
UNKNOWN                 
1 81438U          19098.30893162  .00003625  00000-0  62193-2 0  9992
2 81438 100.3215 228.1648 0070670 198.6555 161.1981 13.44261590269232
UNKNOWN                 
1 81441U          19098.20489242  .00100026  00000-0  13151-2 0  9998
2 81441  62.8980 164.6615 0058389 106.9899 253.7637 15.55864688799067
UNKNOWN                 
1 81449U 85042    19098.29373391  .00000433  00000-0  18389-3 0  9991
2 81449  66.8071  38.6156 0051607 208.5794 151.2477 14.33649732280671
UNKNOWN                 
1 81478U          19098.77423705  .00000338  00000-0  17414-3 0  9994
2 81478  99.1520 293.5156 0179480  95.9201 327.9252 14.13629999909902
UNKNOWN                 
1 81481U          19098.49784324  .00011932  00000-0  47147-2 0  9991
2 81481  98.7349 291.7285 0040277 142.4674 217.9331 14.28684878 61094
UNKNOWN                 
1 81488U 75052    19099.26436437 -.00000213  00000-0 -23766-3 0  9996
2 81488 100.0278 246.3270 0043960 271.7437 207.4100 13.55367406867708
UNKNOWN                 
1 81497U          19098.09295566  .00001107  00000-0  14119-2 0  9995
2 81497 100.3270 141.6046 0029625  49.4484 338.0523 13.65595187881767
UNKNOWN                 
1 81499U          19096.27496544  .00000315  00000-0  11810-3 0  9990
2 81499  74.0555  40.7876 0003130 301.5924  58.4923 14.35706353131128
UNKNOWN                 
1 81509U          19096.80201934  .00007036  00000-0  19002-2 0  9995
2 81509  98.9282 203.2293 0034645 128.0238 232.4090 14.47791279109539
UNKNOWN                 
1 81521U          19096.44654972  .00003659  00000-0  80262-3 0  9997
2 81521  99.7194  75.8643 0007959 246.7989 265.4247 14.58362483284093
UNKNOWN                 
1 81535U          19094.54030850  .00000182  00000-0  99987-4 0  9997
2 81535  98.2072  11.2426 0252607 338.3774  20.6877 14.07159868 43225
UNKNOWN                 
1 81536U 73086    19096.66174951  .00000194  00000-0  15071-2 0  9991
2 81536 101.9558 252.5633 0035621 244.9609 180.7611 12.53509148245611
UNKNOWN                 
1 81537U 93016    19091.76002654  .00000171  00000-0  12981-3 0  9996
2 81537  71.0391 122.2608 0080995 234.9527 124.3974 14.05490473956907
UNKNOWN                 
1 81544U          19073.90283717  .08867255  00000-0  33610-1 0  9994
2 81544  86.3787  34.1638 0018793 170.5860 189.5773 15.82692852 70086
UNKNOWN                 
1 81545U          19099.04256377  .00024259  00000-0  80911-2 0  9998
2 81545  98.8014 295.9118 0037331 103.1416 257.3939 14.37085138 71357
UNKNOWN                 
1 81546U          19096.70454357  .00000959  00000-0  12700-3 0  9990
2 81546  66.8069 311.5516 0016142 221.1141 138.8771 14.84709565766361
UNKNOWN                 
1 81552U          19099.44870494  .00000650  00000-0  15158-2 0  9992
2 81552  99.0566 341.1105 0271181  93.2938 269.9238 13.15043255258358
UNKNOWN                 
1 81564U          19082.30171103  .00001726  00000-0  79249-3 0  9990
2 81564  81.1871 295.1224 0036713 273.6039  86.0939 14.20570431215995
UNKNOWN                 
1 81569U 95015    19099.63298181  .00000254  00000-0  10923-2 0  9993
2 81569  28.0755 110.6091 0314678  15.2900 126.0620 12.46224770248356
UNKNOWN                 
1 81579U          19095.10730167  .00001969  00000-0  13962-2 0  9997
2 81579 100.0865 334.0201 0229651 200.9544 158.2080 13.87204681859314
UNKNOWN                 
1 81599U          19096.54734005  .00000630  00000-0  12548-2 0  9996
2 81599  67.2929 147.3833 0259220  32.3951  36.7938 13.28710691260407
UNKNOWN                 
1 81605U          19099.41640067 -.00000827  00000-0 -31620-2 0  9999
2 81605  56.4295 246.8390 0151500 102.0767 259.7178 12.76862348206295
UNKNOWN                 
1 81614U 76077    19098.29190772  .00007099  00000-0  56035-1 0  9996
2 81614 101.4017 228.3007 0397384 301.7143  54.5749 12.16828350698363
UNKNOWN                 
1 81615U 92021    19094.03960875  .00000311  00000-0  14629-3 0  9996
2 81615  65.8291 284.5762 0824872 174.1717 186.9694 13.22656763838246
UNKNOWN                 
1 81617U 73086    19098.14273917 -.00000090  00000-0 -28574-3 0  9998
2 81617 101.3771 341.6440 0041499   9.2605 350.9227 12.56120972775569
UNKNOWN                 
1 81624U          19098.44870363  .00000304  00000-0  97045-4 0  9999
2 81624  66.9893 264.4716 0087485  67.8418 293.1949 14.50711977884504
UNKNOWN                 
1 81626U          19098.61728193  .00006326  00000-0  17035-2 0  9992
2 81626  71.0148 301.5426 0011719 212.6008 147.4410 14.48267834272240
UNKNOWN                 
1 81634U          19099.49924211  .00093474  00000-0  50087-2 0  9991
2 81634  51.7824 329.3765 1627545 189.9797 166.4630 12.12012353184869
UNKNOWN                 
1 81640U          19099.29907012  .00000009  00000-0  61576-4 0  9995
2 81640  65.8239  68.8252 0996264 344.1476  13.0306 12.55342671203745
UNKNOWN                 
1 81652U 76077    19099.43281343 -.00000025  00000-0  41410-4 0  9997
2 81652 102.1469 177.7571 0382499  30.9410  30.8941 13.41045460815898
UNKNOWN                 
1 81661U          19096.20124561  .00001745  00000-0  52206-3 0  9993
2 81661  98.4364   8.1697 0075036  65.3846 295.5138 14.42515120181246
UNKNOWN                 
1 81667U          19099.33080354  .00000307  00000-0  11239-3 0  9991
2 81667  74.0455 220.9150 0018720  40.9470 319.3086 14.36851994105541
UNKNOWN                 
1 81674U          19096.36554604  .00000178  00000-0  16043-3 0  9997
2 81674  66.8270 356.7422 0029327 201.6824 276.4046 14.04644978821302
UNKNOWN                 
1 81678U          19096.28032499  .00002000  00000-0  31887-3 0  9994
2 81678  65.8340  49.0585 0065102 323.7748 107.2604 14.73077404850535
UNKNOWN                 
1 81683U          19096.93441136  .00000467  00000-0  13393-3 0  9991
2 81683  81.2214 306.0670 0031564  77.5110 282.9607 14.43210811282751
UNKNOWN                 
1 81693U 73086    19088.30175612  .00000056  00000-0  69672-3 0  9996
2 81693 101.0866  36.6299 0378103   8.8905 351.8613 12.22724149668010
UNKNOWN                 
1 81696U          19099.44201235  .00002960  00000-0  30560-3 0  9993
2 81696  97.3621  93.6365 0227394  16.6231 344.2277 14.73611264151582
UNKNOWN                 
1 81721U          19094.57494990  .00003760  00000-0  11129-2 0  9991
2 81721  98.1729 224.2522 0363209 341.0024  17.7887 14.11942699184336
UNKNOWN                 
1 81732U          19099.12750547  .00002363  00000-0  30820-3 0  9990
2 81732  65.7377 295.7440 0272063  91.6345 271.5940 14.60155515871655
UNKNOWN                 
1 81745U          19099.44831153  .00000338  00000-0  15136-3 0  9995
2 81745  71.0028 259.0018 0004933  61.7408 332.5976 14.29601551280408
UNKNOWN                 
1 81749U          19075.78233889  .00000021  00000-0  19552-3 0  9997
2 81749  99.6798  62.7363 0367936 192.7436 294.3196 12.76853807766608
UNKNOWN                 
1 81766U          19097.12974907  .00001057  00000-0  53189-3 0  9995
2 81766  81.2049 247.6498 0014691  63.6449 292.5636 14.15776533213345
UNKNOWN                 
1 81775U          19096.53638594  .00000764  00000-0  36006-3 0  9991
2 81775  82.9307  33.2766 0027022  63.8207 296.5747 14.18567679277599
UNKNOWN                 
1 81777U          19093.92775477  .00002926  00000-0  36951-3 0  9996
2 81777  98.0379 144.6621 0006112 145.4241 214.7371 14.82679711 65308
UNKNOWN                 
1 81779U          19099.40712741 -.00007229  00000-0 -16100+0 0  9995
2 81779  53.8091 252.3615 2054416   6.0657 356.1351  9.19346749254591
UNKNOWN                 
1 81792U          19078.66816567  .00000104  00000-0  70230-4 0  9998
2 81792  65.8262 175.6472 0927061 289.3117  60.9989 13.03799610889539
UNKNOWN                 
1 81794U          19089.29921270  .00002859  00000-0  43259-3 0  9998
2 81794  81.2043 204.8455 0008294 183.9331 176.1811 14.73988987846746
UNKNOWN                 
1 81795U          19099.00965089  .00043165  00000-0  26580-2 0  9997
2 81795   6.3583  63.4875 1843033 277.0514  62.4650 11.64279638151320
UNKNOWN                 
1 81798U          19099.25777787  .00002844  00000-0  75246-3 0  9996
2 81798  74.0191  47.6328 0044153 357.9718   2.1255 14.48709015232375
UNKNOWN                 
1 81812U          19092.18208281  .00000671  00000-0  52667-2 0  9993
2 81812 103.5091  86.0711 0332732  46.3406 316.4726 12.27743051750897
UNKNOWN                 
1 81813U          19091.09585060  .00000509  00000-0  16629-3 0  9995
2 81813  99.0203 207.3330 0019324 186.5928 173.5009 14.43024844840441
UNKNOWN                 
1 81816U 77121    19099.32978504  .00000793  00000-0  68975-3 0  9995
2 81816  66.2399 214.6399 0191049 227.3329 131.1510 13.83324677839766
UNKNOWN                 
1 81817U          19096.03003758  .00002995  00000-0  33785-3 0  9990
2 81817  65.7284 239.3380 0333950 230.5661 126.5452 14.55444676752301
UNKNOWN                 
1 81818U          19085.65144094  .00000688  00000-0  17152-3 0  9993
2 81818  65.7529  96.9616 0681775 345.2441  12.9555 13.68999627793619
UNKNOWN                 
1 81819U          19091.05596495  .00000233  00000-0  19816-2 0  9995
2 81819 102.3371 120.1040 0032212 347.4554  12.5706 12.44385598832504
UNKNOWN                 
1 81821U          19097.82082308  .00029777  92224-6  44889-3 0  9990
2 81821  34.0797 311.1492 2372098  87.8845 298.9039 10.75214289292792
UNKNOWN                 
1 81824U          19096.16122480  .00001101  00000-0  58827-3 0  9998
2 81824  65.8522  16.7890 0055680 219.7159 139.9843 14.16507206824791
UNKNOWN                 
1 81833U          19094.85214698  .00000071  00000-0  23676-3 0  9994
2 81833  90.3001 303.3770 0025389 293.6013  66.2439 12.92900899136652
UNKNOWN                 
1 81838U          19099.16402356  .00000537  00000-0  20877-3 0  9995
2 81838  67.7701   6.9244 0027509 178.0741 330.8764 14.36393547281696
UNKNOWN                 
1 81844U          19096.35509716  .00000695  00000-0  35133-3 0  9994
2 81844  82.9258  74.9166 0079529 277.7129  81.5023 14.13410208795308
UNKNOWN                 
1 81845U          19099.13887036  .00000145  00000-0  27940-4 0  9996
2 81845  97.9429 337.4511 0104007 294.7565 219.3191 14.74762853897728
UNKNOWN                 
1 81864U          19087.08504568  .00000065  00000-0  60953-4 0  9996
2 81864  65.6764 350.8038 0797262 345.6853  12.2718 13.25573124737750
UNKNOWN                 
1 81865U 87062    19099.46834093  .00000416  00000-0  36745-3 0  9995
2 81865  82.8047  97.7819 0071310  47.8397 105.7355 13.81784449676622
UNKNOWN                 
1 81872U          19099.20312858  .00044353  00000-0  28594-2 0  9992
2 81872  62.0092  78.3294 2200824  89.7498 295.3367 10.90813591 64803
UNKNOWN                 
1 81873U          19096.83336416  .00000891  00000-0  54204-3 0  9992
2 81873  99.1593 110.7389 0075906  99.3519 261.6241 14.07437111224927
UNKNOWN                 
1 81877U          19091.69033483  .00000257  00000-0  43951-3 0  9996
2 81877  65.9330 123.9308 0069655 216.6966 142.9310 13.60116548795053
UNKNOWN                 
1 81893U 70025    19096.36051099  .00000139  00000-0  20704-3 0  9990
2 81893 100.0595 300.2803 0019941  60.2628 300.0499 13.71999222952393
UNKNOWN                 
1 81899U          19094.47913713  .00000223  00000-0  69875-3 0  9998
2 81899 102.4388  96.8429 0174337 305.9131  52.5901 13.15058362798031
UNKNOWN                 
1 81902U          19099.47599672  .00002691  00000-0  40070-3 0  9999
2 81902  81.6318 158.7027 0305544 199.1647 159.7854 14.47604653860774
UNKNOWN                 
1 81905U          19099.35702345  .00070307  00000-0  37977-2 0  9992
2 81905  61.7745 228.6778 1835354 182.2176 176.9665 11.68760732374275
UNKNOWN                 
1 81921U          19096.51948199  .00000234  00000-0  13469-3 0  9997
2 81921  65.7083 144.5648 0878339  67.0772 302.0480 13.06842678708851
UNKNOWN                 
1 81946U 87079    19096.54637823 -.00000222  00000-0 -57483-3 0  9990
2 81946  66.4254 164.9663 0663562  91.1845 335.3411 12.41779464244575
UNKNOWN                 
1 81947U          19099.05117925  .00000438  00000-0  68165-4 0  9992
2 81947  66.0830 325.7749 0464672 169.5334 191.5859 14.30398597832438
UNKNOWN                 
1 81964U          19098.66423014  .00000043  00000-0  91282-4 0  9994
2 81964  66.5855 188.2086 0044272 260.4070  99.2005 13.94287870815699
UNKNOWN                 
1 81969U          19096.30555733  .00000389  00000-0  42499-4 0  9991
2 81969  86.6649 106.3677 0008931 243.1555 116.8757 14.84941269 76275
UNKNOWN                 
1 81995U          19094.00127443  .00000077  00000-0  46330-4 0  9990
2 81995  65.7559 230.5454 0592948  53.2108 312.1877 13.81153561265129
UNKNOWN                 
1 82025U          19099.40103402  .00008678  00000-0  12494-2 0  9990
2 82025  74.0320 246.4752 0006127 130.6442 229.5266 14.76464511233550
UNKNOWN                 
1 82039U          19097.00185390  .00001347  00000-0  34664-3 0  9995
2 82039  99.0547  21.0605 0044503 257.1309 102.4910 14.51420560201687
UNKNOWN                 
1 82043U          19099.41627806  .00000281  00000-0  10217-3 0  9994
2 82043  97.9167  85.0999 0263895 126.3019 236.2845 14.21834547226529
UNKNOWN                 
1 82044U          19098.44730833  .00000297  00000-0  36513-3 0  9996
2 82044  99.9976 100.5465 0068409  70.8475 290.0060 13.73419281754897
UNKNOWN                 
1 82051U          19096.37092254  .00000548  00000-0  27490-3 0  9995
2 82051  98.9074 149.0500 0120637  98.3209 263.1664 14.16865207225269
UNKNOWN                 
1 82073U          19099.32250822  .00000385  00000-0  12981-3 0  9992
2 82073  97.7381  54.0416 0245516  64.7932 297.8488 14.25878730226642
UNKNOWN                 
1 82110U          19099.05252487  .00005854  00000-0  17128-2 0  9996
2 82110  51.5809 357.6856 1857783 241.5620  98.5841 11.28138208148069
UNKNOWN                 
1 82112U          19096.41395221  .00001091  00000-0  32420-3 0  9991
2 82112  98.6793 165.4323 0103713 123.3814 237.7351 14.42206388228557
UNKNOWN                 
1 82134U          19092.89769585  .00017214  00000-0  22201-1 0  9999
2 82134  65.0407  67.6192 2887876 338.4411  11.5620  8.95245996128174
UNKNOWN                 
1 82139U          19094.00994725  .00000435  00000-0  28608-3 0  9991
2 82139  99.1954 105.0405 0094340  29.1951 331.4443 14.05182772136025
UNKNOWN                 
1 82141U          19099.08638208  .00004949  00000-0  59469-3 0  9991
2 82141  98.0462 151.9066 0007157 112.0376 248.1599 14.84410714 92200
UNKNOWN                 
1 82162U          19098.43022450  .00000785  00000-0  14933-2 0  9998
2 82162 100.3853 263.4157 0049037 316.1920  43.5322 13.41091618176269
UNKNOWN                 
1 82168U          19099.08703983  .00002654  00000-0  45784-3 0  9999
2 82168  74.0138 249.0947 0007890 178.0021 182.1182 14.69000707212875
UNKNOWN                 
1 82180U          19095.02816230  .00000618  00000-0  15823-3 0  9992
2 82180  65.6622 342.5519 0490661 337.7636  20.2790 14.03872774255799
UNKNOWN                 
1 82187U          19096.86411211  .00002604  00000-0  54957-3 0  9990
2 82187  70.9415 287.5022 0075192  64.1934 296.6943 14.58629820800979
UNKNOWN                 
1 82189U          19098.59041697  .00000058  00000-0  30293-4 0  9990
2 82189  74.0368 193.8046 0017932 258.3476 101.5664 14.33538299282637
UNKNOWN                 
1 82199U          19093.45736497  .00000187  00000-0  15530-3 0  9999
2 82199  82.9648 266.9515 0038720 127.5723 262.0045 13.83317195776391
UNKNOWN                 
1 82205U          19099.46727036  .00000640  00000-0  13194-3 0  9991
2 82205  62.9892 233.1845 0679888  68.8171 298.4110 13.78055247270565
UNKNOWN                 
1 82223U          19098.58951111  .00000821  00000-0  55329-3 0  9993
2 82223  99.3211 234.2845 0078346 226.1201 133.3475 14.02086893106110
UNKNOWN                 
1 82227U          19094.46135258 -.00000006  00000-0  27076-3 0  9990
2 82227 101.7333  81.8205 0001218  12.8096 143.0859 12.41885704337703
UNKNOWN                 
1 82272U          19095.61623633  .00000527  00000-0  18161-2 0  9998
2 82272  67.5231 296.6515 0758974 226.4610 127.0697 12.31728316690294
UNKNOWN                 
1 82284U          19096.34561321  .00001624  00000-0  68250-3 0  9991
2 82284  99.5619 147.3489 0110430 215.8034 143.5704 14.24204853322489
UNKNOWN                 
1 82285U          19098.65759499  .00003030  00000-0  31074-2 0  9999
2 82285 102.0314 349.4385 0361836  12.0555 348.8955 13.52189826264491
UNKNOWN                 
1 82295U          19095.21662870  .00000149  00000-0  91429-4 0  9995
2 82295  66.6240  51.0680 0126853 144.5561 216.4048 14.25354730231064
UNKNOWN                 
1 82298U          19089.97059618  .00000764  00000-0  43461-3 0  9999
2 82298  99.0851 151.5180 0064873  61.8325 298.9379 14.11882042220098
UNKNOWN                 
1 82303U          19098.40705156  .00006148  00000-0  15253-1 0  9997
2 82303  82.0062 136.7271 0021248  17.9281  43.2860 13.19929566756606
UNKNOWN                 
1 82311U          19096.30703829  .00000374  00000-0  61800-3 0  9994
2 82311  99.4668 223.6875 0109574 319.2797  40.0185 13.51316930788874
UNKNOWN                 
1 82314U          19098.20522189  .00002173  00000-0  11540-3 0  9991
2 82314  99.2092   5.6978 0216116 249.5687 108.2207 14.99053796174436
UNKNOWN                 
1 82320U          19092.48416672  .00000660  00000-0  25735-3 0  9991
2 82320  99.8199 346.9377 0163276 342.5967  16.9653 14.26790895829158
UNKNOWN                 
1 82322U          19096.06313346  .00001088  00000-0  28701-3 0  9996
2 82322  98.6385 129.9219 0079646 337.7400  22.0342 14.49234051209879
UNKNOWN                 
1 82369U 99025    19097.05210462 -.00000207  00000-0 -11330-3 0  9991
2 82369  99.1388 127.6444 0084394 212.8164 146.7740 13.96885565216181
UNKNOWN                 
1 82381U          19099.47173785  .00000896  00000-0  31626-3 0  9996
2 82381  98.5167 291.5588 0017678 342.7472  17.3112 14.37032514158072
UNKNOWN                 
1 82383U          19098.47512615  .00002154  00000-0  34425-3 0  9995
2 82383  98.3290 109.2477 0007873 148.4674 211.7006 14.72901374186028
UNKNOWN                 
1 82402U          19099.44212269  .00000326  00000-0  35114-4 0  9993
2 82402  86.6645 105.0890 0009269 229.6552 130.3863 14.84818883 91415
UNKNOWN                 
1 82405U          19099.20478595  .00000231  00000-0  42022-4 0  9997
2 82405  98.1133 185.2528 0040626 314.4362  45.3524 14.74923595 78612
UNKNOWN                 
1 82427U          19094.76567431  .00016588  00000-0  29857-2 0  9996
2 82427  98.4139 192.8351 0022040 163.8186 196.3726 14.66500807 73617
UNKNOWN                 
1 82428U          19099.22671220  .00009546  00000-0  10976-1 0  9992
2 82428  63.1646  47.4739 0087796   0.1727 359.9324 13.68234183 83106
UNKNOWN                 
1 82432U 93036    19099.46546992  .00000181  00000-0  53080-4 0  9993
2 82432  74.0079 266.5716 0064600 303.0095  56.4868 14.50097506128776
UNKNOWN                 
1 82448U          19099.26315991  .00000352  00000-0  38194-4 0  9999
2 82448  85.8822  32.8992 0008748 257.5186 102.5058 14.84767523 73957
UNKNOWN                 
1 82451U          19088.19400899  .00002242  00000-0  29153-3 0  9999
2 82451  66.5440   4.5702 0297541 124.3637 238.6005 14.56441661773334
UNKNOWN                 
1 82453U          19093.32978577 -.00000019  00000-0  17914-3 0  9998
2 82453 101.8298  54.5283 0094405  70.8706 290.2550 12.39462894243066
UNKNOWN                 
1 82458U          19090.29876064  .00000585  00000-0  38281-3 0  9991
2 82458  66.5091 333.3827 0065236 210.3704 143.1737 14.08297678806309
UNKNOWN                 
1 82464U          19099.20435479  .00001577  00000-0  50069-3 0  9999
2 82464  71.0022  46.2737 0084389 348.3094  75.4531 14.39512663820128
UNKNOWN                 
1 82475U          19094.00272941  .00000266  00000-0  18740-3 0  9991
2 82475  99.2031 108.8288 0108963  55.8323 305.3116 14.03867383202512
UNKNOWN                 
1 82481U          19096.09976021  .00005749  00000-0  46750-3 0  9992
2 82481  99.0066 207.3734 0040479  17.0216 343.2350 14.99425991 89765
UNKNOWN                 
1 82484U          19080.16201497  .00000018  00000-0  89037-4 0  9994
2 82484  99.6246 162.4494 0043447 271.8245  87.7916 13.55026164789268
UNKNOWN                 
1 82494U 93036    19097.08710422  .00000649  00000-0  18078-3 0  9994
2 82494  74.0226 340.3867 0011248 346.8247  13.2617 14.48290166128171
UNKNOWN                 
1 82500U          19098.48299806  .00000629  00000-0  39464-3 0  9994
2 82500  70.9725  34.1532 0146621 168.2908 192.1681 14.03072129795883
UNKNOWN                 
1 82517U          19099.31954270  .00000915  00000-0  28202-3 0  9994
2 82517  86.3922  40.3937 0018301  48.9295 311.3481 14.40317810 71133
UNKNOWN                 
1 82524U          19089.29902956  .00001040  00000-0  48778-3 0  9992
2 82524  73.2903  78.4132 0177828 306.6654 113.5593 14.13653844386402
UNKNOWN                 
1 82526U          19089.80724393  .00000443  00000-0  31747-3 0  9992
2 82526  99.2735 107.2011 0113827 225.5576 133.6232 13.99557669178439
UNKNOWN                 
1 82545U          19098.18540656 -.00000046  00000-0 -79623-4 0  9999
2 82545  64.8856 172.0793 0169241  36.3787 324.8504 11.30769209163418
UNKNOWN                 
1 82560U          19087.24277038  .00000303  00000-0  31311-3 0  9997
2 82560  99.9696 190.1423 0010987 228.5262 160.5962 13.84841598714353
UNKNOWN                 
1 82561U          19099.13374022  .00000083  00000-0  83524-4 0  9999
2 82561  63.1317 285.7756 0420594 281.4845 186.4205 13.87837030801196
UNKNOWN                 
1 82576U          19096.46117854  .00000296  00000-0  22671-3 0  9997
2 82576  99.3027  99.8694 0116139 231.3768 127.6952 13.98243763177931
UNKNOWN                 
1 82597U          19098.27221593  .00000200  00000-0  10786-3 0  9996
2 82597  66.7748  34.3365 0111382 311.4287  47.7280 14.27875465832704
UNKNOWN                 
1 82616U          19099.40565558  .00002679  00000-0  38412-3 0  9994
2 82616  97.2675 266.6288 0105057  50.2674 310.7736 14.73502213204956
UNKNOWN                 
1 82617U          19095.48137387  .00000111  00000-0  38558-4 0  9995
2 82617  74.0271 131.8520 0041893 315.9997  43.7828 14.46091477283429
UNKNOWN                 
1 82627U          19095.53984091  .00000357  00000-0  94828-3 0  9997
2 82627  82.4818 184.7370 0011625 106.4028 313.1141 13.13241631257883
UNKNOWN                 
1 82629U          19087.83800831  .00001537  00000-0  57141-3 0  9990
2 82629  81.1798 135.1931 0025542 159.2567 200.9658 14.31546791471990
UNKNOWN                 
1 82637U          19096.03495992  .00002388  00000-0  70361-3 0  9993
2 82637  99.5306 179.1951 0036318 191.4956 168.5405 14.44342742372533
UNKNOWN                 
1 82642U          19098.55036662  .00000871  00000-0  58693-3 0  9992
2 82642  99.0369  10.2787 0140054 152.6329 208.2302 13.98522071763839
UNKNOWN                 
1 82683U 99057    19098.13712178  .00000087  00000-0  54201-4 0  9995
2 82683  98.1668 342.7972 0227657 290.4326  67.2536 14.13274632117063
UNKNOWN                 
1 82686U          19099.31765415  .00000272  00000-0  78540-4 0  9999
2 82686  97.9573 121.2701 0200551 202.7342 156.4874 14.40876448186229
UNKNOWN                 
1 82693U          19098.49234434  .00000776  00000-0  11215-2 0  9990
2 82693 100.5313 197.2182 0043743 259.7404  99.8798 13.58889361790249
UNKNOWN                 
1 82698U          19096.52414372  .00000008  00000-0  65319-4 0  9992
2 82698  61.6050 147.6099 0741714 125.4070 241.8534 13.20976342215150
UNKNOWN                 
1 82708U          19096.66417481  .00000154  00000-0  81982-3 0  9998
2 82708 102.1257  47.8533 0061798 164.3266 197.4767 12.86431803749506
UNKNOWN                 
1 82728U          19076.27037761  .00009535  00000-0  38489-2 0  9999
2 82728 100.0379  97.4636 0206956 215.6145 143.1068 14.17188402744910
UNKNOWN                 
1 82737U          19098.98914099  .00003359  00000-0  51529-2 0  9997
2 82737 102.7988 287.7040 0329673  37.4640 324.8969 13.33037414217499
UNKNOWN                 
1 82739U          19099.15096955  .00000165  00000-0  19091-3 0  9992
2 82739  99.1295 333.3932 0181760 299.9377 219.4744 13.75785131733365
UNKNOWN                 
1 82741U          19095.38373490  .00000453  00000-0  65856-3 0  9998
2 82741 102.8893  67.4652 0210073 268.4505  89.2548 13.55146378787638
UNKNOWN                 
1 82742U          19083.14998931  .00001260  00000-0  59793-3 0  9993
2 82742  99.5869  57.4979 0055117 160.9423 199.3830 14.20795647193456
UNKNOWN                 
1 82748U          19098.99583877  .00013721  00000-0  49689-2 0  9994
2 82748 102.8156 285.6752 0012562 216.5203 143.5109 14.33570564200120
UNKNOWN                 
1 82755U          19096.54324594  .00002845  00000-0  55698-3 0  9993
2 82755  99.8173 359.8396 0004126  41.9888 318.1624 14.63838795810378
UNKNOWN                 
1 82759U          19099.49306960  .00002750  00000-0  64205-3 0  9990
2 82759  98.3371 189.6596 0014310  53.2624 306.9885 14.55462919 67894
UNKNOWN                 
1 82783U          19080.61760131 -.00000004  00000-0 -35251-4 0  9997
2 82783  90.3393 324.4312 0021675 229.2726 130.6517 13.05914709183168
UNKNOWN                 
1 82785U          19088.38876338  .00000632  00000-0  19669-3 0  9997
2 82785  63.1412  49.7062 0283708 333.4486 112.3346 14.29249570808218
UNKNOWN                 
1 82820U          19096.04013929  .00000459  00000-0  23535-3 0  9992
2 82820  99.8054 310.0917 0061348  25.3450 335.0711 14.20178156782955
UNKNOWN                 
1 82829U          19095.24568885  .00000043  00000-0  23518-2 0  9997
2 82829  65.1009  20.2117 0159829 153.0602   0.7961 11.28836809374964
UNKNOWN                 
1 82873U          19096.58956284  .00000751  00000-0  45131-3 0  9990
2 82873  99.9977  27.8671 0046989 124.0693 236.4947 14.09977991818134
UNKNOWN                 
1 82875U          19096.31647711  .00000118  00000-0  45368-4 0  9995
2 82875  98.6911 131.1217 0395357  62.5386 301.5405 14.10634982199829
UNKNOWN                 
1 82891U          19099.14534589  .00000262  00000-0  43926-4 0  9993
2 82891  97.8409 169.5845 0015495  51.9050 308.3555 14.77306215 77952
UNKNOWN                 
1 82893U          19099.17136025  .00000595  00000-0  38739-3 0  9995
2 82893  98.9982 177.7159 0037244 100.6539 259.8826 14.05996365 79529
UNKNOWN                 
1 82912U          19078.74215854 -.00000215  00000-0 -54620-4 0  9994
2 82912  65.8427 352.0773 0835214 301.3090  50.8756 13.14298215712278
UNKNOWN                 
1 82915U          19096.23207507  .00002351  00000-0  43879-3 0  9991
2 82915  74.0233 309.5590 0025444 222.8254 137.0933 14.65364403123469
UNKNOWN                 
1 82939U          19074.98920418 -.00000249  00000-0 -14929-1 0  9996
2 82939  86.1169  95.5469 1942932 294.7586  46.3689  8.76086003238819
UNKNOWN                 
1 82959U          19094.50471752  .00000255  00000-0  17557-3 0  9997
2 82959 100.1148 294.1580 0053210  54.7056 305.9070 14.09132298199177
UNKNOWN                 
1 82961U          19096.47468396  .00002166  00000-0  49843-2 0  9993
2 82961  99.8723  96.0650 0518012 133.6144 230.9157 12.85800262696979
UNKNOWN                 
1 82965U 70025    19099.35322745  .00000422  00000-0  68106-3 0  9995
2 82965 100.1598  66.0126 0004862  55.3412 304.8182 13.55040089193641
UNKNOWN                 
1 82991U          19096.36477072  .00002896  00000-0  57595-3 0  9999
2 82991  86.3181 321.7818 0012622 149.7858 210.4084 14.61763656126972
UNKNOWN                 
1 82996U          19098.56238176 -.00040147  00000-0 -35949+0 0  9996
2 82996  51.1361 218.9481 0969148 178.2381 182.2241 11.37103514146000
UNKNOWN                 
1 83903U          19099.57198241 -.00000048  00000-0  00000-0 0  9991
2 83903  11.7474 316.6462 0129894 180.6016  99.8052  0.99114810 19480
UNKNOWN                 
1 83932U          19098.41361275  .00009498  00000-0  58826-2 0  9992
2 83932  21.4198 349.5300 6905411  29.9586 355.8952  2.73223057 22878
UNKNOWN                 
1 83934U          19099.45238510 -.00000182  00000-0  00000-0 0  9995
2 83934  10.8840 321.4730 0222836 198.5004 146.0038  1.02660406 20234
UNKNOWN                 
1 83952U          19094.38053399  .00000008  00000-0 -12329-3 0  9999
2 83952  20.2862 207.9220 7172550  93.8742 343.0957  2.31840576 27287
UNKNOWN                 
1 83970U          19096.22339452  .00000808  00000-0  62021-3 0  9992
2 83970  18.3440  41.8826 5245446 195.8578 137.9562  5.09522879 68870
UNKNOWN                 
1 83975U          19095.58810350 -.00000062  00000-0  00000-0 0  9995
2 83975  19.2913  84.8041 7004228  59.7901 351.3496  2.15290354 29696
UNKNOWN                 
1 83999U          19099.48650569  .00000007  00000-0  00000-0 0  9996
2 83999  65.1077  83.2181 6812932  26.7907 356.0440  2.12134653 11945
UNKNOWN                 
1 84006U          19098.22812428 -.00000096  00000-0  00000-0 0  9990
2 84006  23.4041 290.6329 6110665 315.5688   9.0155  2.16231158 31436
UNKNOWN                 
1 84026U          19098.96135339  .00011051  00000-0  60637-2 0  9998
2 84026  21.7770 102.3035 6283405 102.8204 330.0399  3.57654995 35698
UNKNOWN                 
1 84045U          19091.80115847 -.00000174  00000-0 -39253-2 0  9993
2 84045  18.6185 271.9916 7277759 287.7067   9.8204  2.08702381 27629
UNKNOWN                 
1 84071U          19097.97618019  .00005333  00000-0  23724-2 0  9991
2 84071  20.7267  71.7466 7053803 341.7910   2.1253  2.55406031 39728
UNKNOWN                 
1 84079U          19099.12760790  .00005799  00000-0  27914-2 0  9993
2 84079  62.7343   3.1973 4092249 128.2696 276.2604  7.03481154152538
UNKNOWN                 
1 84136U          19099.48287210  .00073914  00000-0  59195-2 0  9997
2 84136  51.4212 268.2364 2353280  93.9911 293.0711 10.56386468238110
UNKNOWN                 
1 84159U          19099.22853986  .00001124  00000-0  10736-1 0  9994
2 84159  65.4526 111.1565 5893097 318.8032  20.7379  3.84505500204322
UNKNOWN                 
1 84170U          19096.35579812  .00006252  00000-0  25911-2 0  9990
2 84170  21.2271  22.8802 7032991 336.1810   3.1084  2.58258631 29032
UNKNOWN                 
1 84188U          19099.22195789  .00025499  00000-0  30793-1 0  9992
2 84188  64.8873 227.6248 5134296 183.5739 170.6429  5.20819927241272
UNKNOWN                 
1 84221U          19095.45897099 -.00000007  00000-0  00000-0 0  9990
2 84221  22.5419 133.7576 7275231 158.1938 264.5149  1.91435691 21021
UNKNOWN                 
1 84232U 79104    19099.52080644  .00004270  00000-0  42221-2 0  9993
2 84232  20.5700  50.0990 6958630  28.6875 356.0251  2.64644099 35588
UNKNOWN                 
1 84249U          19097.92560943  .00001019  00000-0  17964-2 0  9991
2 84249  64.6919   2.4535 5690172  29.4071 353.1542  4.34030532 41200
UNKNOWN                 
1 84277U          19098.71466374  .00004145  00000-0  32585-2 0  9992
2 84277  65.1018 331.0159 5492442   7.2057 358.3281  4.70668943 35694
UNKNOWN                 
1 84292U          19099.35951120  .00054482  00000-0  33336-2 0  9992
2 84292  23.9086 105.3246 5150692 103.8750 316.4113  5.43880994 83907
UNKNOWN                 
1 84342U          19098.81602977  .00232906  00000-0  26055-1 0  9999
2 84342  21.7800 201.2284 6039606 175.0452 196.0012  4.00984124 39715
UNKNOWN                 
1 84346U          19099.27448145  .00014972  00000-0  25050-2 0  9995
2 84346  21.0086 340.7294 6998584  55.5419 351.9142  2.65362903 18146
UNKNOWN                 
1 84353U          19098.95190863  .00000077  00000-0  00000-0 0  9995
2 84353  18.5708 174.6129 6679350 165.6137 231.5992  2.03731595 18385
UNKNOWN                 
1 84407U          19090.74738742  .00000113  00000-0  31244-1 0  9994
2 84407  19.5217 339.0332 7204153 160.1697 257.0380  2.05594302 25478
UNKNOWN                 
1 84414U          19098.91556200  .00016955  00000-0  16947-2 0  9991
2 84414  65.2641 327.2960 4410969  57.7789 337.6528  6.66178790 61722
UNKNOWN                 
1 84415U          19099.39869513  .00009154  00000-0  27146-2 0  9995
2 84415  23.6854 181.1889 5667109  69.0350 341.0012  4.51837756 51356
UNKNOWN                 
1 84425U 10057    19095.50730334 -.00000131  00000-0 -70078-3 0  9997
2 84425  20.2743 275.9492 7175055 344.5610   1.6373  2.23600256 19550
UNKNOWN                 
1 84434U          19099.06143095 -.00000098  00000-0 -16366-3 0  9993
2 84434  19.9413 190.7554 7166881 135.4300 311.5567  2.33385934 28565
UNKNOWN                 
1 84452U          19099.39956508  .00001669  00000-0  25448-3 0  9994
2 84452   2.8457 185.1727 6418398 130.7358 305.7137  3.44718552 64575
UNKNOWN                 
1 84479U          19098.00893896  .00006904  00000-0  36214-2 0  9999
2 84479  23.4383  72.7502 5252915  49.6658 345.6207  5.11369229 28552
UNKNOWN                 
1 84480U          19099.45170518  .00002632  00000-0  11453-2 0  9992
2 84480  45.9248 255.6622 4573355  91.4707 319.5297  6.23349573330864
UNKNOWN                 
1 84481U          19089.94931419  .00001276  00000-0  19652-2 0  9993
2 84481  64.9615  44.8576 5899136  16.6773 356.4068  4.04966883 35652
UNKNOWN                 
1 84565U          19093.79560391 -.00000029  00000-0  53917-3 0  9990
2 84565   2.3015 290.2236 7221845 255.2908  20.4141  2.27030039  7785
UNKNOWN                 
1 84575U          19096.44945056 -.00000303  00000-0 -72119-2 0  9991
2 84575  18.2521 253.6955 7110118 326.5177   3.9655  2.19759759 11739
UNKNOWN                 
1 84588U          19073.86780197  .00001759  00000-0  92758-3 0  9995
2 84588   2.0760 219.5982 7062727 306.6590   7.2207  2.54171408 59190
UNKNOWN                 
1 84597U          19096.43428001 -.00000041  00000-0 -12563-3 0  9997
2 84597  18.0819 199.2044 7286940  61.7438 351.9507  2.17581315 15218
UNKNOWN                 
1 84624U          19099.49430549  .00019539  00000-0  78308-2 0  9995
2 84624  64.3667 319.7790 5514027  24.4388 354.0447  4.73078587 32288
UNKNOWN                 
1 84646U          19099.43850941 -.00005381  00000-0 -63594-1 0  9997
2 84646  54.5919 189.2953 5856697  62.7758 344.4642  3.87383696145382
UNKNOWN                 
1 84911U          19099.29653052 -.00000185  00000-0 -14215-2 0  9994
2 84911   1.7210 229.8288 6574783 108.5809  44.8205  2.95823087 58321
UNKNOWN                 
1 84932U          19099.60949292  .00000326  00000-0  30638-2 0  9998
2 84932   2.2848  96.0604 6568681 347.7505 153.1350  2.98891914 58741
UNKNOWN                 
1 84950U          19099.55687008 -.00000185  00000-0  00000-0 0  9998
2 84950   2.7128   9.6216 6968731 291.7390 272.3037  2.04166253 40145
UNKNOWN                 
1 84961U          19098.74312852 -.00000042  00000-0  00000-0 0  9994
2 84961  11.2056 311.0544 0131099 202.3774 156.9311  0.98642481 19380
UNKNOWN                 
1 85004U          19098.93383198  .00000112  00000-0  52628-4 0  9999
2 85004  98.2738 122.1847 0049744 274.4716 203.6320 14.35574591281629
UNKNOWN                 
1 85010U          19094.95346245  .00000313  00000-0  40417-3 0  9991
2 85010  99.4370 348.0403 0026506 139.0830 280.6690 13.70210073744081
UNKNOWN                 
1 85011U          19099.09929436  .00003669  00000-0  17362-2 0  9990
2 85011  70.9862 259.8427 0005362  29.3285 330.8140 14.20296978 75189
UNKNOWN                 
1 85015U          19092.15019132  .00000019  00000-0  10297-4 0  9995
2 85015  74.0504  25.4043 0015411 205.5058 154.5349 14.59578196773818
UNKNOWN                 
1 85023U          19099.21847517  .00000834  00000-0  38344-3 0  9991
2 85023  99.8752  99.6955 0004482  94.3184 325.9252 14.24486666278990
UNKNOWN                 
1 85025U          19096.11012337  .00000971  00000-0  74554-3 0  9998
2 85025  82.5394 240.0740 0026199 202.5359 157.4657 13.92124516357939
UNKNOWN                 
1 85027U          19097.98540168  .00000006  00000-0  82018-4 0  9998
2 85027  66.0417 311.3234 0171728  43.6017 317.8471 13.73213018269403
UNKNOWN                 
1 85047U          19098.54643033  .00005088  00000-0  15147-1 0  9999
2 85047 102.4297   3.5986 0168257 145.9304 215.2730 13.03661874747914
UNKNOWN                 
1 85061U          19097.91242123  .00001636  00000-0  76563-2 0  9995
2 85061 102.5768 218.8760 0336720 184.6015 303.9851 12.61499563646000
UNKNOWN                 
1 85100U          19096.28967689  .00000024  00000-0  16294-4 0  9996
2 85100  74.0474  47.8316 0012529 167.8088 264.5556 14.38740064835138
UNKNOWN                 
1 85106U          19099.06118264  .00000219  00000-0  30493-3 0  9990
2 85106 100.0738  41.9467 0011016  79.2128 341.0532 13.70035209974985
UNKNOWN                 
1 85117U          19090.19782306  .00002954  00000-0  45370-3 0  9999
2 85117  70.0312  44.9342 0070188 178.9060 181.2253 14.72966321838583
UNKNOWN                 
1 85124U          19098.57118641  .00003318  00000-0  56952-3 0  9995
2 85124  82.2390  49.0971 0400487 247.6447 108.1842 14.27198188694533
UNKNOWN                 
1 85133U          19094.29073625  .00000714  00000-0  34187-3 0  9995
2 85133  98.9355 128.4800 0028804 148.7467 211.5430 14.22049269182818
UNKNOWN                 
1 85151U 86019    19098.46864412  .00000865  00000-0  30944-3 0  9998
2 85151  98.5258 290.8397 0015735 330.6449  29.3852 14.36462492126848
UNKNOWN                 
1 85159U          19096.50252436  .00001369  00000-0  75660-3 0  9996
2 85159  98.8379   0.4215 0083533 356.1715   3.8808 14.11298283153438
UNKNOWN                 
1 85175U          19082.94179268  .00002933  00000-0  68099-3 0  9994
2 85175 101.3783 343.3799 0165372 351.5470   8.2934 14.48179606266587
UNKNOWN                 
1 85205U          19088.41941064  .00000053  00000-0  39165-4 0  9991
2 85205  82.9568 332.2605 0035743 303.9838 178.7290 13.76329071353720
UNKNOWN                 
1 85210U 75052    19098.15334578  .00000129  00000-0  17176-3 0  9995
2 85210  99.8284 164.5539 0225253  76.9833 313.5445 13.67962092268204
UNKNOWN                 
1 85217U          19096.52298605  .00000197  00000-0  76108-4 0  9998
2 85217  98.0238   5.2101 0239840 217.3875 141.0410 14.25409230308779
UNKNOWN                 
1 85220U          19098.38882243  .00002959  00000-0  87542-3 0  9996
2 85220  99.4030 165.6735 0185632 225.4156 133.1750 14.34804082314144
UNKNOWN                 
1 85237U          19094.06235817  .00000572  00000-0  16927-3 0  9992
2 85237  65.5442 349.5037 0598867  34.0063 329.7907 13.79105998747022
UNKNOWN                 
1 85238U          19099.48971035 -.00000027  00000-0  11390-4 0  9999
2 85238  98.7901 103.7715 0063354 343.1855 168.7791 13.87901851272447
UNKNOWN                 
1 85246U          19099.01109862  .00000198  00000-0  94014-4 0  9990
2 85246  98.0019 301.9926 0239149 238.0811 119.6905 14.15118486277562
UNKNOWN                 
1 85264U 99057    19099.38011458  .00002961  00000-0  21723-3 0  9999
2 85264  98.2618 150.4193 0219079   4.2655 356.0360 14.87146758125499
UNKNOWN                 
1 85266U          19098.69197401  .00005634  00000-0  24276-2 0  9992
2 85266  62.6971 254.7973 3711101 107.9162 295.4097  7.71842853151173
UNKNOWN                 
1 85283U 78098    19097.07719703  .00001769  00000-0  45792-3 0  9991
2 85283  99.7041 320.1218 0026660 219.2592 140.6666 14.51215303185878
UNKNOWN                 
1 85292U          19098.37142981  .00001265  00000-0  36531-3 0  9993
2 85292  65.8312  94.7769 0058099 210.2977 149.4760 14.47242835832839
UNKNOWN                 
1 85370U          19096.94787479  .00000333  00000-0  35039-3 0  9995
2 85370 100.0086 132.4647 0007332 268.3439 212.4394 13.82980539775739
UNKNOWN                 
1 85373U          19099.15058385  .00000460  00000-0  41126-3 0  9996
2 85373 100.4022 161.6555 0055759 109.8199 307.2328 13.89990552984898
UNKNOWN                 
1 85383U          19096.36008936  .00000891  00000-0  27124-3 0  9994
2 85383  98.7005 156.0434 0111594 137.6358 223.3515 14.41046543389244
UNKNOWN                 
1 85386U          19099.13965260  .00001159  00000-0  32378-3 0  9992
2 85386  98.6646 169.4345 0119722  82.8505 310.5495 14.44039032391193
UNKNOWN                 
1 87001U          19098.59295945  .00000514  00000-0  26475-2 0  9997
2 87001 105.1542 339.9690 0165800 308.4270  50.2014 12.73560812952923
UNKNOWN                 
1 87011U          19098.22274150  .00000122  00000-0  34001-3 0  9993
2 87011  67.0399  32.0704 0263919 209.9728 148.5989 13.27580330844277
UNKNOWN                 
1 87013U          19099.08171932  .00019238  00000-0  20550-1 0  9994
2 87013  65.5463  94.3909 1459065   7.5207 354.5251 11.62799917158387
UNKNOWN                 
1 87014U          19099.48140425  .00000632  00000-0  12102-2 0  9995
2 87014 100.5035 281.6129 0049868 307.8061  79.1907 13.41675081333261
UNKNOWN                 
1 87021U          19093.11098684  .00085210  47774-5  16214-2 0  9993
2 87021  63.2937 280.9961 1229408 304.2780  44.7683 13.14973324157737
UNKNOWN                 
1 87027U          19098.61621972 -.00000011  00000-0  00000-0 0  9998
2 87027  64.2132 220.0966 3807533  82.5818 318.2072  6.72396903 94067
UNKNOWN                 
1 87029U          19095.98041499  .00000486  00000-0  35517-3 0  9996
2 87029  99.0158 164.0259 0069672 193.2564 166.6771 13.99639315251064
UNKNOWN                 
1 87041U          19092.70821337  .00000054  00000-0  59439-3 0  9994
2 87041  67.3223 351.1216 0349413 191.8680 167.3932 12.43273936790031
UNKNOWN                 
1 87042U          19098.15606967 -.00000100  00000-0 -35850-4 0  9996
2 87042  98.9644 171.5027 0045791  82.7108 277.9260 14.03422106213796
UNKNOWN                 
1 87051U          19096.01781272  .00000303  00000-0  14189-3 0  9996
2 87051  65.7303 248.7270 0759350 155.3688 208.5709 13.35579990845461
UNKNOWN                 
1 87053U          19099.30327217  .00042272  10599-5  17054-2 0  9991
2 87053  63.1097  71.9288 2774282  38.3898 338.5031  9.82260587186192
UNKNOWN                 
1 87054U          19096.68642158  .00000391  00000-0  30691-3 0  9994
2 87054 100.0649  43.2512 0015985 339.2092  20.8417 13.99018408273972
UNKNOWN                 
1 87065U          19092.88334628  .00000257  00000-0  35947-3 0  9994
2 87065  98.7051 249.8953 0340422  56.4875 306.8297 13.43300992187733
UNKNOWN                 
1 87071U          19096.54976767  .00000360  00000-0  19560-3 0  9992
2 87071  61.2246 153.9050 0572818 155.1062 207.8790 13.64729183975211
UNKNOWN                 
1 87074U          19098.29504776  .00000006  00000-0  87765-4 0  9996
2 87074  66.1440  51.7044 0148082 171.4171 188.9478 13.69967219811643
UNKNOWN                 
1 87076U          19095.13345571  .00000590  00000-0  18179-2 0  9993
2 87076  67.7610 354.7779 0643816  39.5712 325.0516 12.54610527246168
UNKNOWN                 
1 87079U          19099.21511100  .00003064  00000-0  35609-3 0  9999
2 87079  70.3276 302.5708 0030840 332.2808  27.6702 14.86021735897470
UNKNOWN                 
1 87082U          19098.45714848  .00005020  00000-0  35988-3 0  9996
2 87082  97.4076  94.0173 0173015  15.0322 345.5948 14.93458818245431
UNKNOWN                 
1 87091U          19096.68052622  .00004141  00000-0  28117-3 0  9993
2 87091  65.7021 211.2136 0157990  54.2463 307.3235 14.98090642290758
UNKNOWN                 
1 87094U          19099.32431527  .00003486  00000-0  93114-3 0  9995
2 87094  99.7891  61.7033 0136522  38.9893 322.1040 14.43753960281793
UNKNOWN                 
1 87107U          19096.34673210  .00009792  00000-0  86168-3 0  9993
2 87107  98.9279  65.6821 0024875 270.8570  88.9797 14.96526876243193
UNKNOWN                 
1 87113U          19098.37114880  .00000571  00000-0  11767-3 0  9997
2 87113  65.6664 183.0728 0365989  27.4713  38.0753 14.34391345949227
UNKNOWN                 
1 87129U          19098.02323025  .00000037  00000-0  61666-3 0  9999
2 87129 102.4319 116.8555 0029715 245.8501 113.9454 12.41877577243600
UNKNOWN                 
1 87134U          19099.21587022 -.00000019  00000-0  72904-4 0  9995
2 87134  66.6748 359.4276 0469129  17.9424 343.7560 13.09178337865803
UNKNOWN                 
1 87149U          19097.92956928  .00001059  00000-0  10042-2 0  9999
2 87149  62.9813 289.2120 3272202 205.8013 133.5303  8.35074382690071
UNKNOWN                 
1 87159U          19091.44380882  .00000233  00000-0  28763-3 0  9994
2 87159  90.3134 349.3415 0118447 280.2290  78.5527 13.60340939580644
UNKNOWN                 
1 87163U          19097.90440550  .00000537  00000-0  20552-3 0  9990
2 87163  65.6049  41.0028 0702648  44.3274 321.1880 13.49928797792812
UNKNOWN                 
1 87164U          19096.31557094  .00000301  00000-0  11489-3 0  9995
2 87164  65.2051  68.7574 0151181 341.1083  18.4432 14.39928845282918
UNKNOWN                 
1 87180U          19098.14425409  .00000871  00000-0  86858-3 0  9994
2 87180  65.9189   6.7916 0020988  38.4318 321.8240 13.83040181965084
UNKNOWN                 
1 87203U          19098.03255829  .00001440  00000-0  36687-3 0  9993
2 87203  98.9120 307.5056 0064409 191.3250 168.6497 14.51070823197303
UNKNOWN                 
1 87204U          19098.06372883  .00000365  00000-0  19032-3 0  9997
2 87204  98.7790 329.0616 0050590 196.9695 162.9791 14.19849603931883
UNKNOWN                 
1 87211U          19086.81261781  .00000370  00000-0  15434-3 0  9997
2 87211  99.0973 299.2438 0069052 128.4227 292.5833 14.31127650356087
UNKNOWN                 
1 87213U          19095.88290062  .00002072  00000-0  30384-3 0  9992
2 87213  99.0449 133.0790 0068594 203.7206 156.0833 14.75315186199997
UNKNOWN                 
1 87214U          19096.06968061  .00000875  00000-0  90469-3 0  9994
2 87214 100.2940 204.3149 0073150  18.1177 342.2553 13.78006754263358
UNKNOWN                 
1 87222U          19096.16188951  .00006249  00000-0  45967-3 0  9990
2 87222  98.9646 217.3493 0074369 170.5528 313.5377 15.01628179380663
UNKNOWN                 
1 87228U          19096.00542799  .00001480  00000-0  57396-3 0  9994
2 87228  98.9257 175.5169 0046093  83.7502 276.8928 14.30944949254099
UNKNOWN                 
1 87235U          19084.12220246  .00000439  00000-0  18190-3 0  9994
2 87235  98.8829 195.0228 0157232 124.8075 236.8012 14.25058179253649
UNKNOWN                 
1 87237U          19098.47350378  .00000067  00000-0  88641-4 0  9995
2 87237  99.4644  96.5571 0105847 359.8634 154.6461 13.89746459348100
UNKNOWN                 
1 87239U          19099.48461946  .00000942  00000-0  40329-3 0  9995
2 87239  82.8822 282.7774 0029639 300.1187  59.7059 14.23763013931667
UNKNOWN                 
1 87245U          19096.13222314  .00000541  00000-0  15641-3 0  9999
2 87245  65.6611 283.3088 0532588 211.5231 265.5300 13.92464316272574
UNKNOWN                 
1 87256U          19090.41385835  .00000467  00000-0  31024-3 0  9994
2 87256  98.9409 163.4278 0045785  73.8759 286.7442 14.05744256249914
UNKNOWN                 
1 87270U          19077.83035381  .00007604  00000-0  91714-2 0  9990
2 87270  61.3528 243.5586 4080121 166.1075 209.9051  6.90562516 53101
UNKNOWN                 
1 87271U          19099.25199016  .00000399  00000-0  11805-3 0  9995
2 87271  65.7748  55.3995 0571202 214.8582 141.3812 13.87058616271754
UNKNOWN                 
1 87280U          19099.08986074  .00000054  00000-0  22008-3 0  9999
2 87280  64.6159 135.9019 0093142 120.8640 240.1601 13.46697562205163
UNKNOWN                 
1 87293U          19098.02088944  .00000319  00000-0  10484-3 0  9994
2 87293  65.9103 313.8360 0533844 214.8809 141.6182 13.91671007908238
UNKNOWN                 
1 87300U          19096.46751046  .00000469  00000-0  40526-3 0  9995
2 87300 100.0502 188.1698 0031804 264.6273  95.1255 13.92167880272750
UNKNOWN                 
1 87304U          19096.18077600  .00000123  00000-0  27172-4 0  9995
2 87304  74.0220  20.2530 0022194 248.7062 111.1738 14.67838520869502
UNKNOWN                 
1 87305U          19098.37787666  .00001154  00000-0  23947-3 0  9999
2 87305  73.9974 238.9898 0035339 262.6022  97.1128 14.61012910116465
UNKNOWN                 
1 87313U          19096.59911356 -.00000012  00000-0  50566-4 0  9996
2 87313  65.8429 177.6105 0200565 106.6203 255.6993 13.88489610272199
UNKNOWN                 
1 87320U          19096.33148983  .00000162  00000-0  15792-3 0  9990
2 87320  66.5977  91.1509 0444382 156.8179 205.3633 13.61433856260661
UNKNOWN                 
1 87328U          19099.37169922  .00001201  00000-0  15283-3 0  9991
2 87328  65.7618  75.7994 0245936 138.2151 223.8031 14.67125876881658
UNKNOWN                 
1 87331U          19094.94661597  .00005270  00000-0  22881-3 0  9990
2 87331  66.9059 301.3741 0024405 282.3065  77.5350 15.22987937   324
UNKNOWN                 
1 87333U          19096.27367839 -.00000006  00000-0  62226-4 0  9993
2 87333  66.5370  69.3521 0031672 325.1576  34.7424 13.85771706911120
UNKNOWN                 
1 87334U          19099.46353265  .00002566  00000-0  35949-2 0  9998
2 87334  89.9742 272.6089 0075617   0.6617 359.4623 13.55912166 52958
UNKNOWN                 
1 87335U          19099.45533030  .00002265  00000-0  31512-2 0  9996
2 87335  89.9688 272.4097 0084074 353.1610   6.8390 13.56057083 52965
UNKNOWN                 
1 87342U          19099.32532889  .00009915  00000-0  18073+0 0  9994
2 87342 102.3517  10.1824 0676849 136.9280 228.6768 11.25215594769725
UNKNOWN                 
1 87350U          19096.57698877  .00000183  00000-0  74388-4 0  9991
2 87350  98.1006  13.0694 0253196 260.2740  96.9761 14.22601257278622
UNKNOWN                 
1 87359U          19098.73167677  .00000051  00000-0  14641-3 0  9998
2 87359  65.8494 227.7635 0138096   0.8473 359.2793 13.66572433838828
UNKNOWN                 
1 87382U          19099.41316460  .00007692  00000-0  15914-2 0  9997
2 87382  70.9756 110.4999 0028464 322.8002  37.1172 14.60328343197774
UNKNOWN                 
1 87397U          19077.73046318  .00002965  00000-0  59029-3 0  9990
2 87397  81.2360 230.9381 0010861 257.9425 102.0558 14.61833797195793
UNKNOWN                 
1 87405U          19099.15739922  .00000378  00000-0  30118-3 0  9994
2 87405  82.7604 164.1143 0054991  95.1841 265.5601 13.87838381915571
UNKNOWN                 
1 87415U          19096.39071986  .00001010  00000-0  95694-3 0  9991
2 87415  65.3558 242.9556 0030750 244.3471 115.4416 13.85478478753464
UNKNOWN                 
1 87416U          19093.50992369 -.00000186  00000-0 -87624-4 0  9999
2 87416  82.8369 216.6434 0014934  32.1704 328.0387 14.24392736259679
UNKNOWN                 
1 87423U          19098.24111427  .00004156  00000-0  51765-3 0  9996
2 87423  98.8216   9.8633 0059940 147.1190 213.3772 14.81852337197407
UNKNOWN                 
1 87426U          19099.06785679  .00000948  00000-0  54898-3 0  9991
2 87426  65.8111 331.4476 0069681 129.5906  21.2121 14.12374949879075
UNKNOWN                 
1 87433U          19099.27624595  .00000509  00000-0  10976-2 0  9992
2 87433 100.3018 217.4235 0037913 322.0211  37.8240 13.34984914106601
UNKNOWN                 
1 87442U          19094.21384826  .00475442  00000-0  40985-1 0  9995
2 87442  62.0830  39.9527 1266581  29.3196 337.1816 12.76769754 95535
UNKNOWN                 
1 87448U          19096.93115920  .00000803  00000-0  77249-3 0  9999
2 87448 100.4222 356.0648 0069670 358.4849  60.4476 13.82754168807833
UNKNOWN                 
1 87455U          19098.33352610  .00009130  00000-0  49618-3 0  9993
2 87455  63.3999  18.9238 3028773 247.9516  77.4989  9.28526260883390
UNKNOWN                 
1 87456U          19098.74950763  .00001158  00000-0  23955-3 0  9990
2 87456  65.7917 238.7941 0619297 150.8073 212.9159 13.85214921812049
UNKNOWN                 
1 87468U          19093.21376373  .00001207  00000-0  15859-3 0  9998
2 87468  74.0160  57.0148 0067050  83.7153 277.1654 14.79910666117069
UNKNOWN                 
1 87491U          19095.30291095  .00001014  00000-0  27133-3 0  9997
2 87491  98.6724 129.2371 0074105  61.0568 299.8030 14.48938252227069
UNKNOWN                 
1 87501U          19095.30157800  .00002801  00000-0  94587-3 0  9996
2 87501  74.0374  90.5202 0020601  24.9340 335.2803 14.37276902115751
UNKNOWN                 
1 87517U          19096.24191150  .00000551  00000-0  20721-3 0  9992
2 87517  65.8278 309.7344 0731255  25.0751  80.6530 13.45021016263342
UNKNOWN                 
1 87518U          19098.17623058  .00026886  00000-0  11642-2 0  9994
2 87518  65.7966  18.4839 0004419 314.1987  45.8787 15.22334080881053
UNKNOWN                 
1 87520U          19098.84078144 -.00002997  00000-0 -68873-2 0  9998
2 87520 101.6873  61.1253 0172292 254.3966 103.8069 13.18863837908671
UNKNOWN                 
1 87541U          19088.25264502 -.00000155  00000-0 -21962-3 0  9993
2 87541  99.9307   2.6017 0060984  39.0892 112.7202 13.34768638799120
UNKNOWN                 
1 87553U          19099.28828677  .00000025  00000-0  40913-4 0  9992
2 87553  65.6734  54.6671 0749957 224.2311 129.6406 13.41277285818708
UNKNOWN                 
1 87556U          19097.03064996  .00001319  00000-0  13018-3 0  9994
2 87556  97.8458 184.2447 0104777  96.2030 265.1136 14.89686413250999
UNKNOWN                 
1 87557U          19098.95129362  .00000683  00000-0  20775-2 0  9996
2 87557 101.8546   9.6207 0078101 276.8022  82.4200 13.10340759759401
UNKNOWN                 
1 87561U          19096.39611321 -.00000148  00000-0 -81550-3 0  9995
2 87561 102.3019 160.5532 0174829  59.0331   1.9811 12.32244674739058
UNKNOWN                 
1 87565U          19098.23575149  .00000111  00000-0  96077-4 0  9990
2 87565  99.9617 201.5091 0182059 253.0716 105.0417 14.00286455823197
UNKNOWN                 
1 87569U          19099.16080583 -.00000041  00000-0  32816-4 0  9994
2 87569 101.8161 177.4775 0055898  26.8423   2.8018 12.68461584744686
UNKNOWN                 
1 87574U          19096.62608064  .00005535  00000-0  95666-3 0  9991
2 87574  74.0063  89.0187 0067604 341.6635  18.2097 14.67132286173027
UNKNOWN                 
1 87587U          19096.23293580  .00000017  00000-0  14126-4 0  9998
2 87587  74.0226 292.8726 0021387 203.0062 157.0137 14.38784750587469
UNKNOWN                 
1 87590U          19099.04301444 -.00000012  00000-0  20005-4 0  9992
2 87590  99.0716 128.5124 0025964 290.9392  97.3113 14.07327803811869
UNKNOWN                 
1 87591U          19096.38360799  .00000724  00000-0  36300-3 0  9998
2 87591  81.2221 129.2872 0026274 355.7603   4.3343 14.15502381226983
UNKNOWN                 
1 87594U          19098.63521338 -.00000051  00000-0  68556-4 0  9992
2 87594  63.1325 173.7896 0086763  85.7379 275.3553 13.44741207311788
UNKNOWN                 
1 87616U          19099.44125611 -.00000209  00000-0 -53278-3 0  9991
2 87616  66.0368 251.9470 0635744  95.6805 301.9737 12.44427828859878
UNKNOWN                 
1 87624U          19098.37556620  .00000340  00000-0  87334-4 0  9994
2 87624  98.7457 247.9970 0132231 142.4112 218.6415 14.51986486226430
UNKNOWN                 
1 87632U          19099.49088333  .00000075  00000-0  52432-2 0  9992
2 87632  86.3412 298.6300 1791137  55.5876 320.1586  8.77361136118158
UNKNOWN                 
1 87642U          19088.76401366  .00001803  00000-0  14554-3 0  9990
2 87642  62.2302 196.3281 0154476 286.4696  71.9467 14.95175031779522
UNKNOWN                 
1 87650U          19095.32319586 -.00000379  00000-0 -13291-3 0  9997
2 87650 100.2812 133.2452 0043510 314.3936  45.3679 14.25965746837241
UNKNOWN                 
1 87656U          19081.29508483  .00002484  00000-0  64485-3 0  9998
2 87656  99.1461 108.3989 0013485 188.7195 171.3764 14.50662646642542
UNKNOWN                 
1 87664U          19082.44472432  .00000334  00000-0  10121-2 0  9998
2 87664  99.7715 163.0973 0221394 203.2174 219.2120 13.05915670369215
UNKNOWN                 
1 87672U          19096.55665483  .00000835  00000-0  42686-3 0  9992
2 87672  70.8619 179.4285 0062989 359.2449   0.8568 14.17566227863666
UNKNOWN                 
1 87681U          19095.61860370  .00000229  00000-0  32959-3 0  9999
2 87681  66.7360  95.0853 0170454 330.9854  28.1817 13.66491061267664
UNKNOWN                 
1 87690U          19099.23634590  .00000164  00000-0  49937-4 0  9997
2 87690  65.8013  47.2548 0682437 179.3543 180.8577 13.76666474269965
UNKNOWN                 
1 87692U          19099.28967347  .00010601  00000-0  12462-2 0  9991
2 87692  70.8651  66.8843 0021305 229.8073 130.1221 14.84893042287390
UNKNOWN                 
1 87706U          19099.07548817  .00000345  00000-0  95685-4 0  9995
2 87706  98.4759 201.6483 0139000 140.8362 345.8952 14.47309728224541
UNKNOWN                 
1 87725U          19099.11224983  .00001443  00000-0  49490-3 0  9998
2 87725  82.8969 147.2501 0035795 154.5608 205.7353 14.35224162867186
UNKNOWN                 
1 87727U          19096.56532638  .00007492  00000-0  16065-2 0  9996
2 87727  70.9881  62.7785 0002594 220.1529 139.9425 14.58941063550118
UNKNOWN                 
1 87730U          19098.65811127  .00000036  00000-0  22403-4 0  9997
2 87730  82.9445 238.7919 0028914 324.2677  35.6543 13.74129436561472
UNKNOWN                 
1 87732U          19098.36385015  .00018949  00000-0  14738-2 0  9991
2 87732  98.6981 246.9636 0068325 274.1220  85.2193 14.99474807199749
UNKNOWN                 
1 87737U          19095.37622082 -.00000013  00000-0  34265-4 0  9995
2 87737  99.7201 304.4620 0134210  40.5046 320.5997 13.71962801268785
UNKNOWN                 
1 87764U          19096.57250198  .00000916  00000-0  22137-3 0  9998
2 87764  65.6744 163.2084 0496114 199.7104 232.9993 14.02917268918674
UNKNOWN                 
1 87771U          19096.16403431 -.00000016  00000-0  69631-4 0  9994
2 87771 100.5209 226.2578 0121289 150.5058 210.2970 13.18948678213033
UNKNOWN                 
1 87782U          19095.94615305  .00001598  00000-0  63952-2 0  9999
2 87782 102.4557   4.6035 0060245  83.9843 276.8107 12.88539050252313
UNKNOWN                 
1 87784U          19098.82369541  .00128486  00000-0  62674-2 0  9995
2 87784  62.1593 281.1291 1415433 172.1997 190.3808 12.58271544 94161
UNKNOWN                 
1 87817U          19098.81125068  .00003234  00000-0  25601-3 0  9998
2 87817  62.7686 175.7852 0159553 197.6809 161.8696 14.93286377664879
UNKNOWN                 
1 87818U          19099.44907388  .00032867  00000-0  47894-2 0  9993
2 87818  61.8528 216.1555 3939224 111.8173 294.1524  7.45966514 95663
UNKNOWN                 
1 87841U          19099.30961399  .00002372  00000-0  12467-2 0  9992
2 87841 102.8850 249.1497 0202139 259.8349  97.9950 14.05823434858102
UNKNOWN                 
1 87843U          19098.63517717 -.00000262  00000-0 -55652-3 0  9992
2 87843  99.6749  42.4201 0246117 278.6221  78.7081 13.09203138773589
UNKNOWN                 
1 87845U          19099.10362516 -.00000436  00000-0 -79435-3 0  9990
2 87845  98.8628 155.1458 0595973  78.3549 288.3785 12.83650600762511
UNKNOWN                 
1 87848U          19099.14024473  .00000090  00000-0  22449-4 0  9992
2 87848  74.0167  31.9948 0021481 284.9346  74.9444 14.65541187871301
UNKNOWN                 
1 87878U          19093.29569796  .00000402  00000-0  17967-3 0  9992
2 87878  99.1624  39.8786 0042559 138.0021 222.4434 14.27966362261457
UNKNOWN                 
1 87883U          19091.76104930  .00000127  00000-0  64783-4 0  9996
2 87883  99.3509 289.2606 0299197  38.5003 323.7102 14.11802108226789
UNKNOWN                 
1 87884U          19099.34746868 -.00000134  00000-0 -53772-4 0  9997
2 87884  98.5092 293.8543 0158414 103.6153 258.2713 14.04281733275876
UNKNOWN                 
1 87898U          19096.48113254  .00001090  00000-0  42782-3 0  9999
2 87898  98.9484 282.5119 0139186 171.6377 188.7169 14.26291921673702
UNKNOWN                 
1 87934U          19096.86222431  .00000038  00000-0  24929-4 0  9995
2 87934  82.9339 303.6112 0030447 344.8979  75.0675 13.72752923691709
UNKNOWN                 
1 87942U          19096.40772904  .00000736  00000-0  89804-4 0  9997
2 87942  99.0915 258.0057 0148157 309.6398  79.0098 14.79993456283302
UNKNOWN                 
1 87960U          19099.28699168 -.00000198  00000-0 -45590-3 0  9993
2 87960  67.6331 326.1488 0615637 341.8871 129.2406 12.54344211778395
UNKNOWN                 
1 87970U          19085.20930002  .00009037  00000-0  59605-3 0  9997
2 87970  99.0231 185.2200 0049495 114.9082 245.7297 15.06751890237977
UNKNOWN                 
1 87972U          19095.95242204  .00001752  00000-0  68011-3 0  9999
2 87972  98.8088   1.8088 0180053 300.4849  57.8655 14.22755227226784
UNKNOWN                 
1 87997U          19099.50877078  .00067123  00000-0  27526-2 0  9993
2 87997  63.1811 180.7890 1742878   5.4654 356.2848 11.92769276212063
UNKNOWN                 
1 87998U          19079.12650047  .00000017  00000-0  35434-4 0  9993
2 87998  98.8322 138.9960 0027243   5.8925 354.2560 14.07609730202576
UNKNOWN                 
1 88028U          19098.27091189 -.00000219  00000-0 -34597-3 0  9995
2 88028  21.3875  66.9239 7076136 252.0581  24.5802  2.44200252 43090
UNKNOWN                 
1 88049U          19099.17673656 -.00000002  00000-0 -89921-3 0  9994
2 88049  64.6223 128.9008 5390972  61.7602   0.1501  4.30564979 84555
UNKNOWN                 
1 88050U          19096.86644928  .00026900  00000-0  29008-1 0  9990
2 88050  65.8222 125.7571 5087313   0.6149 359.8910  5.29451433 76579
UNKNOWN                 
1 88069U          19087.45981933  .00011345  00000-0  33236-2 0  9991
2 88069  22.9148 291.0518 6035814 153.8136 256.6982  3.96805888115560
UNKNOWN                 
1 88079U          19099.47460821  .00043613  00000-0  56074-2 0  9993
2 88079  20.6667 190.4012 4876485  51.5333 343.0205  5.84450561 80957
UNKNOWN                 
1 88096U          19097.95230679  .00014684  00000-0  92314-2 0  9992
2 88096  65.0603 288.8203 5281549 170.2217 206.7501  5.05128498129957
UNKNOWN                 
1 88107U          19096.88223151  .00000179  00000-0  69779-3 0  9997
2 88107  20.7895 340.7387 6732601 155.7742 262.0871  2.86904697 36876
UNKNOWN                 
1 88110U          19098.33645056  .00280488  00000-0  12041-1 0  9996
2 88110  23.7776  26.4827 4455922   0.5759 359.8130  6.64912573 57136
UNKNOWN                 
1 88117U          19099.33925658 -.00000359  00000-0 -36677-3 0  9995
2 88117  20.3676 183.3763 4912409  75.0689 332.6947  5.58698465 81117
UNKNOWN                 
1 88120U          19096.04901580  .00006198  00000-0  11383-1 0  9992
2 88120  22.3495 208.9403 7394131 220.7703  50.1849  2.08697244 28123
UNKNOWN                 
1 88138U          19097.99048834  .00000672  00000-0  49431-3 0  9998
2 88138  82.5151 103.8300 0030312 126.1371 263.7747 13.94073518273062
UNKNOWN                 
1 88153U          19095.16778315  .00000013  00000-0  00000-0 0  9991
2 88153  63.7657  70.2585 6297557 240.8429  42.9342  2.98464840 46164
UNKNOWN                 
1 88173U          19099.24181443  .00000546  00000-0  41290-3 0  9996
2 88173  99.1534  26.5772 0158827 294.4793  63.9874 13.92724723260979
UNKNOWN                 
1 88203U          19099.21186797  .00007957  00000-0  35486-2 0  9996
2 88203  64.8552  22.3202 5899086  17.7295 356.2430  4.14353005 45108
UNKNOWN                 
1 88216U          19096.35704023  .00001271  00000-0  35942-2 0  9990
2 88216  21.7234 254.6774 6657535 200.6459 109.2327  2.97349685 41927
UNKNOWN                 
1 88230U          19096.10217721 -.00001216  00000-0 -10742-2 0  9995
2 88230  49.0604   7.3870 5580334 275.6295  26.5838  4.55786673 65313
UNKNOWN                 
1 88238U          19095.08489733  .00000688  00000-0  88673-3 0  9992
2 88238  21.8308  22.3519 7048639 322.4816   5.0318  2.53152665 55202
UNKNOWN                 
1 88241U          19099.12032132  .00029367  00000-0  36597-2 0  9994
2 88241  62.4602 349.0515 4176058 125.4050 281.1648  7.05411728105269
UNKNOWN                 
1 88255U          19094.50553489  .00010814  00000-0  84636-3 0  9994
2 88255  20.2981 218.9267 4828132  18.6648 354.1893  5.96344887 86649
UNKNOWN                 
1 88269U          19098.28822142 -.00000016  00000-0  00000-0 0  9997
2 88269  62.9233 328.8911 4690337 267.1040 317.5539  5.35414014241551
UNKNOWN                 
1 88270U          19096.23410043  .00000015  00000-0  10246-3 0  9999
2 88270  49.2613 102.7675 6479738 225.7206  58.4082  3.14128275 47043
UNKNOWN                 
1 88271U          19093.53787932  .00000173  00000-0  16589-1 0  9993
2 88271  64.1377 227.5534 5466988 266.3837 146.1855  3.90228680175927
UNKNOWN                 
1 88313U          19099.10306680  .00001858  00000-0  31332-2 0  9991
2 88313  20.5783  15.0512 6851838  93.1178 340.4985  2.75999960 53177
UNKNOWN                 
1 88323U          19096.45011596  .00000141  00000-0  00000-0 0  9996
2 88323  17.8584 237.2542 6676578  58.5784 349.8969  1.96400849 29309
UNKNOWN                 
1 88342U          19098.94788443  .00001606  00000-0  95213-3 0  9995
2 88342  20.9321 355.7925 5224041 173.6776 197.1268  5.14705405 71064
UNKNOWN                 
1 88355U          19091.67860202 -.00000121  00000-0  00000-0 0  9995
2 88355  20.3354 293.1962 6970863 222.4984  54.7845  2.24689841 30561
UNKNOWN                 
1 88700U          19096.34586826  .00000596  00000-0  00000-0 0  9990
2 88700  71.3491 236.0133 6419017 170.5162 212.9943  2.03930462159631
UNKNOWN                 
1 88703U          19099.58834198  .00000503  00000-0  00000-0 0  9998
2 88703  71.5783 199.9286 5754642 227.7084  80.0840  2.00512628 39453
UNKNOWN                 
1 88710U          19096.43209199 -.00000158  00000-0 -77087-3 0  9994
2 88710  63.6652   4.3398 5704322 251.9115 294.0739  4.16117354 81609
UNKNOWN                 
1 88716U          19095.99659123  .00000021  00000-0  20025-3 0  9993
2 88716  63.6085  87.3656 3902062 321.6798  31.1882  6.85111230362262
UNKNOWN                 
1 89005U          19099.42362509  .00000270  00000-0  86076-4 0  9991
2 89005  97.8728  88.1124 0222448 225.8700 132.4003 14.33931185183727
UNKNOWN                 
1 89029U          19096.43305326  .00000267  00000-0  44590-4 0  9990
2 89029  98.2487 269.8295 0029814 296.8431  62.9731 14.77966586289338
UNKNOWN                 
1 89037U          19079.29100350  .00000745  00000-0  47507-3 0  9995
2 89037  98.4282 112.3658 0142029 289.3738  69.2123 14.01610150176888
UNKNOWN                 
1 89038U          19097.99642517  .00069052  00000-0  19161-2 0  9999
2 89038  98.8961 107.6789 0013867 116.6953 243.5708 15.36564375136537
UNKNOWN                 
1 89048U          19099.23712132  .00002364  00000-0  60072-3 0  9991
2 89048  98.9097 258.7008 0020879 176.8585 183.2744 14.51629051727121
UNKNOWN                 
1 89067U          19099.29412338  .00004335  00000-0  14480-3 0  9995
2 89067  80.9916  46.0188 0626069 110.3334 256.6237 14.32722568229875
UNKNOWN                 
1 89074U          19099.30809920  .00001369  00000-0  17151-2 0  9993
2 89074 100.3176  41.4009 0061318  33.9286 119.5960 13.65575634327329
UNKNOWN                 
1 89091U          19090.14456076  .00000213  00000-0  19657-3 0  9996
2 89091  82.9456  32.1948 0033981  60.5596 299.8946 13.77759788256175
UNKNOWN                 
1 89101U          19098.82191871 -.00000063  00000-0 -66084-4 0  9992
2 89101 100.2231 114.1553 0148120 171.2209 189.1539 13.03542346245635
UNKNOWN                 
1 89123U          19099.10471211  .00001229  00000-0  64150-3 0  9991
2 89123  99.0849 161.7897 0062485 356.8696   3.2077 14.15420055181074
UNKNOWN                 
1 89127U          19097.11713795  .00001751  00000-0  21528-3 0  9992
2 89127  74.0719 139.3837 0043359 110.3628 250.2217 14.83185908129127
UNKNOWN                 
1 89132U          19092.60469900 -.00000023  00000-0  71272-5 0  9998
2 89132  63.3907 331.9041 3086121 315.7164  23.3888  8.71230688110762
UNKNOWN                 
1 89135U          19096.17337248  .00001543  00000-0  79765-3 0  9996
2 89135  71.0354  42.2447 0138617  10.6967 349.7048 14.11681988276362
UNKNOWN                 
1 89140U          19098.01724338  .00008146  00000-0  29567-2 0  9997
2 89140  98.7511 112.0490 0018005 126.3719 233.9129 14.33468688138467
UNKNOWN                 
1 89142U          19099.16891678  .00017390  00000-0  13432-1 0  9992
2 89142  64.8961 118.4073 3433421  17.4019 351.9893  8.10326131101595
UNKNOWN                 
1 89143U          19098.80203492  .00084013  00000-0  16406-1 0  9994
2 89143  65.1175 287.1158 0844600  84.5605 285.1084 13.40157924119087
UNKNOWN                 
1 89146U          19099.33930026  .00000382  00000-0  10728-3 0  9996
2 89146  98.0676  62.4509 0120931   3.1251 357.0671 14.47116102275077
UNKNOWN                 
1 89158U          19095.99110922  .00002802  00000-0  35635-3 0  9995
2 89158  98.8211  23.2246 0101001 117.7315 243.4182 14.79007501128424
UNKNOWN                 
1 89161U          19099.38647016  .00000733  00000-0  11194-3 0  9990
2 89161  97.8683 158.9646 0137526 126.3020 235.0979 14.70563569187170
UNKNOWN                 
1 89171U          19090.59589252  .00002683  00000-0  29571-3 0  9996
2 89171  99.0240 142.6254 0067634 216.6573 143.0003 14.86952999188877
UNKNOWN                 
1 89172U 81053    19098.71001977  .00000795  00000-0  20476-3 0  9996
2 89172  82.0471 249.6547 0414071 266.5507  88.8233 14.08643150433594
UNKNOWN                 
1 89177U          19091.23599283  .00000059  00000-0  46538-4 0  9997
2 89177  82.9170 282.9862 0033884 108.8447 251.6388 13.73356199726999
UNKNOWN                 
1 89183U          19099.29788813  .00000200  00000-0  22196-3 0  9998
2 89183  99.1232  47.5670 0133847 152.8528 207.9705 13.78777099270572
UNKNOWN                 
1 89184U          19096.34544162  .00000872  00000-0  30669-3 0  9998
2 89184  98.5147 288.7780 0019358 343.4560  16.5993 14.37252512138947
UNKNOWN                 
1 89190U          19099.33201414  .00020282  00000-0  16691-2 0  9992
2 89190  98.6730 238.8904 0068014 275.5326  83.8139 14.97330506187999
UNKNOWN                 
1 89195U          19098.90457180  .00000687  00000-0  32470-3 0  9993
2 89195  98.8519 148.2049 0031709 112.4209 248.0332 14.22738793179882
UNKNOWN                 
1 89206U          19098.53872131  .00000997  00000-0  45784-3 0  9998
2 89206  98.7662 113.5579 0032933  70.9956 289.4785 14.23228908137892
UNKNOWN                 
1 89213U          19095.13380664  .00000011  00000-0  35894-4 0  9993
2 89213  98.7928  54.5315 0233576 320.4834  37.9493 13.88891409113260
UNKNOWN                 
1 89218U          19096.89934115 -.00000144  00000-0 -86622-4 0  9992
2 89218 100.3613 146.4877 0107378 153.2000 207.4752 13.79006256797939
UNKNOWN                 
1 89251U          19073.47980955  .00003154  00000-0  17381-2 0  9997
2 89251  62.4830 119.9686 3112969 244.8026  80.0007  8.75041179445175
UNKNOWN                 
1 89255U          19096.06351742  .00000263  00000-0  38584-3 0  9994
2 89255  98.6556 183.2683 0369096 143.3224 219.3789 13.36697492168423
UNKNOWN                 
1 89261U          19095.12157907  .00000099  00000-0  46016-4 0  9991
2 89261  98.3601 154.6722 0012985 338.7542  21.3105 14.38926592182113
UNKNOWN                 
1 89269U          19099.26950035  .00478515  39830-4  50876-2 0  9997
2 89269  64.2422  25.3715 0626223 338.5580  19.0284 14.55747583164006
UNKNOWN                 
1 89281U          19098.48437157  .00001381  00000-0  44162-3 0  9997
2 89281  99.3514  96.0819 0018428 162.4964 349.1023 14.41336221360445
UNKNOWN                 
1 89285U          19098.91943499  .00088049  00000-0  57956-2 0  9990
2 89285  62.9441 331.4857 2548002  37.7931 337.7070 10.20556442 87407
UNKNOWN                 
1 89291U          19099.21836638  .00001175  00000-0  13054-3 0  9994
2 89291  98.0122 197.0896 0131801  79.9906 281.6151 14.83060980185486
UNKNOWN                 
1 89304U          19099.51713311  .00000185  00000-0  18627-2 0  9994
2 89304  85.2600 296.2589 2509462  83.2959 324.9034  8.83948634221689
UNKNOWN                 
1 89314U          19099.26101250  .00000349  00000-0  87359-3 0  9991
2 89314  19.1755 116.3740 7161330 204.3081  90.3637  2.35823228 29404
UNKNOWN                 
1 89327U          19099.38209986  .00000263  00000-0  21787-3 0  9991
2 89327  82.5273 128.9367 0013030 176.0224 184.1043 13.85480506136363
UNKNOWN                 
1 89341U          19096.53583719  .00009201  00000-0  31869-3 0  9993
2 89341  98.1413  12.4088 0013977 165.2489 194.9160 15.30022499377875
UNKNOWN                 
1 89347U          19098.93510508  .00004434  00000-0  98267-3 0  9999
2 89347  86.2869 334.6594 0021351 241.3696 179.4953 14.56826649140520
UNKNOWN                 
1 89349U          19088.03982869  .00000108  00000-0  35772-3 0  9990
2 89349  90.2997 307.5878 0029375 216.1964 143.7168 12.95377277161394
UNKNOWN                 
1 89379U          19099.04683427  .00001131  00000-0  19589-2 0  9998
2 89379 100.4912 303.0487 0048853 264.2044  95.3515 13.46063465767253
UNKNOWN                 
1 89381U          19098.40740877  .00004572  00000-0  99003-3 0  9995
2 89381  98.7933 180.2125 0087108 132.5816 228.2773 14.56378625118872
UNKNOWN                 
1 89389U          19096.88326766  .00001018  00000-0  16611-3 0  9996
2 89389  74.0515 178.3441 0082851 136.8634 223.9069 14.70067938182685
UNKNOWN                 
1 89390U          19098.00132743  .00004229  00000-0  48271-3 0  9998
2 89390  98.9786 114.5638 0044527 168.3858 191.8392 14.86037899332171
UNKNOWN                 
1 89391U          19098.09866066  .00001179  00000-0  12049-3 0  9995
2 89391  97.4333 320.0109 0208697 240.3015 117.7281 14.77705459141623
UNKNOWN                 
1 89395U          19087.19604542  .00000055  00000-0  11159-2 0  9999
2 89395 102.4623 164.0851 0222020 333.9701  48.1107 12.01108557298913
UNKNOWN                 
1 89400U          19099.28029627 -.00000019  00000-0  00000-0 0  9996
2 89400  63.0704 199.6169 2649364  77.4874 310.6767  8.16170077205683
UNKNOWN                 
1 89403U          19086.06203212 -.00000488  00000-0 -17405-2 0  9995
2 89403  90.3006 306.1002 0026170 217.3902 298.2718 12.95914889159880
UNKNOWN                 
1 89410U          19099.33564939  .00000262  00000-0  25547-3 0  9998
2 89410  82.9439 235.9350 0026372 311.4203  48.4687 13.75661321542632
UNKNOWN                 
1 89438U          19099.32735607  .00009205  00000-0  93654-3 0  9999
2 89438  86.3681 314.7922 0016404 216.4976 143.5134 14.90550363182271
UNKNOWN                 
1 89453U          19098.10055104  .00001939  00000-0  14941-3 0  9996
2 89453  97.3232 327.5872 0157108 143.5779 217.6255 14.93416976141676
UNKNOWN                 
1 89460U          19099.29724200  .00000454  00000-0  99552-3 0  9997
2 89460 100.3122 216.3440 0046514 322.7614  37.0287 13.34387373107426
UNKNOWN                 
1 89483U          19098.79054838  .00000705  00000-0  90093-4 0  9990
2 89483  99.5010 305.6580 0272875 289.4497  67.7404 14.63247528139169
UNKNOWN                 
1 89484U          19099.08340505  .00000014  00000-0  00000-0 0  9991
2 89484  85.5894 339.0128 2325850 117.9494 267.5882  8.82550907196479
UNKNOWN                 
1 89490U          19099.29451736  .00001751  00000-0  89318-3 0  9991
2 89490  98.3637 125.6018 0134047 125.0954 236.2873 14.12303437134227
UNKNOWN                 
1 89492U          19094.10074771  .00000396  00000-0  29289-3 0  9993
2 89492  82.5348 240.3816 0030977 127.8581 232.5395 13.92849082273249
UNKNOWN                 
1 89493U          19099.47387073  .00000502  00000-0  32615-3 0  9997
2 89493  99.1943 110.5879 0093623  13.9654 346.4070 14.05236189120558
UNKNOWN                 
1 89494U          19098.47986335  .00000393  00000-0  26082-3 0  9992
2 89494  99.1948 109.5937 0094119  16.7635 343.6606 14.05225852120276
UNKNOWN                 
1 89496U          19099.28470229  .00002469  00000-0  35029-3 0  9991
2 89496  98.8725  37.2099 0099192 160.0915 200.4205 14.74729870118483
