NOAA 15                 
1 25338U 98030A   19100.43883186  .00000019  00000-0  26732-4 0  9997
2 25338  98.7531 121.8091 0011590  85.6472 274.6031 14.25901406 87387
NOAA 18                 
1 28654U 05018A   19100.49683805  .00000069  00000-0  62484-4 0  9996
2 28654  99.1049 146.4000 0014349  16.7571 343.4071 14.12414928715755
METOP-A                 
1 29499U 06044A   19100.21390692 -.00000004  00000-0  17815-4 0  9991
2 29499  98.5828 155.3488 0002048  84.4841 349.5871 14.21546117647198
NOAA 19                 
1 33591U 09005A   19100.47552843  .00000065  00000-0  60607-4 0  9998
2 33591  99.1772  89.9365 0013431 209.0740 150.9684 14.12343581524132
METOP-B                 
1 38771U 12049A   19100.55763509 -.00000013  00000-0  14211-4 0  9991
2 38771  98.7110 160.8254 0001912 126.8983   6.2407 14.21484852340375
SARAL                   
1 39086U 13009A   19100.55474631 -.00000004  00000-0  14787-4 0  9991
2 39086  98.5419 287.8142 0002255  94.1869 265.9572 14.32035052319900
METOP-C                 
1 43689U 18087A   19100.08574340 -.00000044  00000-0  00000+0 0  9994
2 43689  98.7133 160.6598 0002923 139.5257 220.6147 14.21482217 21889
