SAUDISAT 1C             
1 27607U 02058C   19099.87379672  .00000021  00000-0  23750-4 0  9998
2 27607  64.5538 263.0523 0082406 269.8161  89.3498 14.75533617876733
SAUDISAT 2              
1 28371U 04025F   19100.51942051  .00000030  00000-0  17583-4 0  9991
2 28371  98.2262  50.3079 0026977  91.0121 269.4151 14.54336962784102
SAUDISAT 3              
1 31118U 07012B   19100.44627280 -.00000005  00000-0  71043-5 0  9994
2 31118  97.8061  71.2243 0014619 313.8892  46.1096 14.69128460642246
PISAT                   
1 41784U 16059B   19100.40591456  .00000090  00000-0  26619-4 0  9997
2 41784  98.0764 162.1338 0030829 238.5996 121.2190 14.63415347135427
FLYING LAPTOP           
1 42831U 17042G   19100.13804130  .00000193  00000-0  24908-4 0  9993
2 42831  97.5726 355.9389 0012746 295.2310  64.7587 14.90975189 94575
