PROBA-1                 
1 26958U 01049B   19100.46211150 -.00000147  00000-0 -71620-5 0  9990
2 26958  97.6610  58.3090 0071413 271.6142  87.6869 14.95363077950480
BIRD 2                  
1 26959U 01049C   19100.49076067  .00001917  00000-0  56099-4 0  9996
2 26959  97.8655  98.9137 0008109 185.0507 175.0655 15.36641061967963
CUTE-1 (CO-55)          
1 27844U 03031E   19100.49442111  .00000042  00000-0  38599-4 0  9993
2 27844  98.6865 109.7356 0008954 226.4563 133.5871 14.22169087818458
CUBESAT XI-IV (CO-57)   
1 27848U 03031J   19099.90388598  .00000029  00000-0  33082-4 0  9995
2 27848  98.6944 109.6381 0008694 240.7387 119.2921 14.21765324818194
GENESIS 1               
1 29252U 06029A   19099.90728200  .00000656  00000-0  41763-4 0  9995
2 29252  64.5023 282.6568 0052608 249.6843 109.8622 15.17642672702149
FALCONSAT-3             
1 30776U 07006E   19100.46805132  .00003105  00000-0  88203-4 0  9990
2 30776  35.4343 172.3762 0003199 217.1653 142.8852 15.35876051670039
GENESIS 2               
1 31789U 07028A   19099.95074630  .00000503  00000-0  35367-4 0  9993
2 31789  64.5036 322.9992 0045877 295.5923  64.0462 15.16870985649265
APRIZESAT 4             
1 35684U 09041D   19100.17266066  .00000088  00000-0  19241-4 0  9992
2 35684  98.2184  62.9030 0048286 126.6633 233.9030 14.79195092522988
APRIZESAT 3             
1 35686U 09041F   19100.07081328  .00000091  00000-0  16466-4 0  9999
2 35686  98.2426 136.9696 0073468  23.5230 336.9316 14.87288815525560
PROBA-2                 
1 36037U 09059B   19100.46194755 -.00000010  00000-0  82764-5 0  9998
2 36037  98.2356 292.7732 0014693  96.2941 263.9929 14.53066508500306
APRIZESAT 5             
1 37792U 11044E   19100.43392657  .00000088  00000-0  20974-4 0  9990
2 37792  98.4126 276.8810 0059518 105.2696 255.5101 14.75306855411503
APRIZESAT 6             
1 37793U 11044F   19100.03541125  .00000063  00000-0  18400-4 0  9997
2 37793  98.3790 254.9734 0047892 136.5948 343.6293 14.72376599410656
TET-1                   
1 38710U 12039D   19099.99658964  .00003504  00000-0  66169-4 0  9992
2 38710  97.6192  97.8179 0001617  45.8430 314.2953 15.49196657376584
STSAT-2C                
1 39068U 13003A   19100.50268242  .00105796  24363-5  44791-3 0  9992
2 39068  80.1767 303.9366 0168417  19.1330 341.6142 15.66889322334394
PROBA-V                 
1 39159U 13021A   19100.17091312 -.00000034  00000-0  35049-5 0  9993
2 39159  98.5198 167.9879 0002990 245.0269 115.0587 14.22971042307744
STPSAT-3                
1 39380U 13064A   19099.51760879  .00001558  00000-0  48529-4 0  9999
2 39380  40.5000 156.7468 0003857 329.0430  31.0157 15.36788143301484
APRIZESAT 7             
1 39416U 13066A   19099.85015709  .00000080  00000-0  15674-4 0  9997
2 39416  97.5515 127.6657 0039962 234.7689 124.9783 14.83873494291310
APRIZESAT 8             
1 39425U 13066K   19100.18881265  .00000054  00000-0  13418-4 0  9999
2 39425  97.5600 119.3308 0050445 257.2209 102.3365 14.81100120290887
BUGSAT-1 (TITA)         
1 40014U 14033E   19100.38057506 -.00000119  00000-0 -50297-5 0  9996
2 40014  98.0082  46.4015 0030645 292.0309  67.7700 14.95227476262140
SAUDISAT 4              
1 40016U 14033G   19099.91893725  .00000020  00000-0  10404-4 0  9999
2 40016  97.7736 335.1208 0047326 313.3609  46.3662 14.75231739258690
APRIZESAT 9             
1 40018U 14033J   19100.38457970  .00000048  00000-0  15862-4 0  9996
2 40018  97.7526 318.3647 0071263 351.2488   8.7471 14.69921219257761
APRIZESAT 10            
1 40019U 14033K   19100.46074114  .00000046  00000-0  16185-4 0  9998
2 40019  97.7522 309.6416 0084658  14.0265 346.3263 14.66984100257310
TDS 1                   
1 40076U 14037H   19099.88944251 -.00000470  00000-0 -49068-4 0  9995
2 40076  98.4061 250.1913 0006179 216.8333 143.2429 14.84183242257003
TIANTUO 2               
1 40144U 14053B   19100.53277647  .00000934  00000-0  30430-4 0  9998
2 40144  97.2746 185.1895 0013015  66.2591  49.1067 15.34271215256513
TECHNOSAT               
1 42829U 17042E   19100.28453414  .00000084  00000-0  13966-4 0  9992
2 42829  97.5719 356.0210 0012810 294.1201  65.8677 14.90945034 94598
FLYING LAPTOP           
1 42831U 17042G   19100.13804130  .00000193  00000-0  24908-4 0  9993
2 42831  97.5726 355.9389 0012746 295.2310  64.7587 14.90975189 94575
HAWK-A                  
1 43765U 18099H   19100.17549488 -.00000286  00000-0 -20304-4 0  9990
2 43765  97.7472 173.1229 0014442 202.8355 157.2225 14.95953174 19044
HAWK-B                  
1 43794U 18099AN  19099.90833142 -.00000262  00000-0 -18103-4 0  9991
2 43794  97.7473 172.8586 0014495 203.9487 156.1061 14.95952864 18999
HAWK-C                  
1 43799U 18099AT  19100.17570381 -.00000283  00000-0 -20032-4 0  9998
2 43799  97.7472 173.0399 0014427 202.5475 157.5114 14.95949839 19044
