INTELSAT 26 (IS-26)     
1 24732U 97007A   19099.94615601  .00000018  00000-0  00000-0 0  9990
2 24732   8.4311  45.6012 0005680 353.3372 201.7392  1.00271076 46413
GALAXY 25 (G-25)        
1 24812U 97026A   19100.16221125 -.00000166  00000-0  00000+0 0  9995
2 24812   0.9225  93.7045 0003526 292.3676 137.3241  1.00272048 80032
INTELSAT 5 (IS-5)       
1 24916U 97046A   19099.65002906  .00000091  00000-0  00000+0 0  9993
2 24916   4.8402  67.8398 0004359 319.4772 267.2737  1.00271872 79285
INTELSAT 805 (IS-805)   
1 25371U 98037A   19100.57158727 -.00000035  00000-0  00000+0 0  9996
2 25371   1.4561  90.9873 0003771 303.6773 178.7130  1.00271912 76249
GALAXY 11 (G-11)        
1 26038U 99071A   19099.90743749  .00000058  00000-0  00000-0 0  9999
2 26038   0.2093 105.6847 0004606 299.2345 135.2095  1.00005561 70769
INTELSAT 9 (IS-9)       
1 26451U 00043A   19100.10188184 -.00000009  00000-0  00000+0 0  9996
2 26451   4.8279  68.0298 0003640 316.1442 276.6924  1.00271130 68529
INTELSAT 12 (IS-12)     
1 26590U 00068A   19099.90642437  .00000010  00000-0  00000-0 0  9990
2 26590   1.9236  88.5180 0002471 286.2901 213.6073  1.00270721 25398
INTELSAT 1R (IS-1R)     
1 26608U 00072A   19100.14031505 -.00000141  00000-0  00000+0 0  9997
2 26608   1.7311  89.1683 0000249 225.8233  90.6937  1.00271554 67330
INTELSAT 10 (IS-10)     
1 26766U 01019A   19100.14597951  .00000122  00000-0  00000+0 0  9994
2 26766   2.9273  81.6894 0000916 326.8404 249.6169  1.00270602 65603
INTELSAT 901 (IS-901)   
1 26824U 01024A   19100.46193084 -.00000218  00000-0  00000+0 0  9996
2 26824   0.9027  93.4721 0002838 283.2074 318.5081  1.00270631 65271
INTELSAT 902 (IS-902)   
1 26900U 01039A   19100.48025038  .00000028  00000-0  00000+0 0  9990
2 26900   0.0125 137.3576 0003001 254.6455  41.2978  1.00271886 64457
DIRECTV 4S              
1 26985U 01052A   19100.56825799 -.00000119  00000-0  00000+0 0  9991
2 26985   0.0144 253.5621 0002730 119.8791 288.4427  1.00271851 63675
INTELSAT 904 (IS-904)   
1 27380U 02007A   19100.11924300  .00000143  00000-0  00000+0 0  9997
2 27380   0.4504  97.9005 0002431 247.3591 285.8045  1.00160922 62760
INTELSAT 903 (IS-903)   
1 27403U 02016A   19100.40547576 -.00000228  00000-0  00000+0 0  9996
2 27403   1.2873  92.0400 0002269 316.7907 264.0003  1.00277637 62327
DIRECTV 5 (TEMPO 1)     
1 27426U 02023A   19100.48955609 -.00000061  00000-0  00000+0 0  9992
2 27426   0.0140 239.1626 0003492 144.8422 240.5439  1.00272609 61999
INTELSAT 905 (IS-905)   
1 27438U 02027A   19099.88871549 -.00000187  00000-0  00000-0 0  9990
2 27438   0.2706  99.9661 0002044 260.2221 133.0999  1.00272775 61648
GALAXY 3C (G-3C)        
1 27445U 02030A   19100.42059625 -.00000156  00000-0  00000+0 0  9993
2 27445   0.0206 281.3698 0001845  46.8722 286.4825  1.00271767 61638
INTELSAT 906 (IS-906)   
1 27513U 02041A   19100.10188184  .00000011  00000-0  00000+0 0  9998
2 27513   0.0219 232.5434 0002348 164.2985 262.0135  1.00270902 60643
INTELSAT 907 (IS-907)   
1 27683U 03007A   19100.22002380 -.00000207  00000-0  00000+0 0  9993
2 27683   0.0216 228.3797 0002463 151.2648 230.2245  1.00270558 59063
GALAXY 12 (G-12)        
1 27715U 03013B   19099.89691622  .00000055  00000-0  00000-0 0  9990
2 27715   0.4870  95.8314 0001967 292.2877   3.6147  1.00272271 25812
GALAXY 23 (G-23)        
1 27854U 03034A   19100.57884454  .00000008  00000-0  00000+0 0  9999
2 27854   0.0198 142.6332 0002958 240.3277 262.9334  1.00270246 62229
GALAXY 13 (HORIZONS 1)  
1 27954U 03044A   19099.65291684  .00000045  00000-0  00000-0 0  9996
2 27954   0.0295 126.2922 0001218 233.6513 305.6771  1.00272024 20250
DIRECTV 7S              
1 28238U 04016A   19100.15697709 -.00000003  00000-0  00000+0 0  9992
2 28238   0.0240 279.9296 0003059 105.0422 110.5708  1.00272391 54732
INTELSAT 10-02          
1 28358U 04022A   19100.14250671 -.00000015  00000-0  00000+0 0  9997
2 28358   0.0193 191.2909 0003033 204.2984 212.8091  1.00272599 54300
XM-3 (RHYTHM)           
1 28626U 05008A   19100.16378149 -.00000210  00000-0  00000+0 0  9990
2 28626   0.0410  42.6590 0000034 279.4421 209.8559  1.00269845 51743
SPACEWAY 1              
1 28644U 05015A   19099.83714118  .00000101  00000-0  00000-0 0  9998
2 28644   0.1394  96.4540 0000210 145.6175 118.1990  1.00270405 20261
DIRECTV 8               
1 28659U 05019A   19100.22342691 -.00000121  00000-0  00000+0 0  9999
2 28659   0.0134 256.2358 0002996 120.0483 161.5587  1.00271801 50867
GALAXY 28 (G-28)        
1 28702U 05022A   19100.45015399 -.00000190  00000-0  00000+0 0  9995
2 28702   0.0136 143.9319 0002219 306.1098 181.3862  1.00270657 50509
GALAXY 14 (G-14)        
1 28790U 05030A   19099.93886616  .00000033  00000-0  00000-0 0  9995
2 28790   0.0466  78.3801 0002480 297.5786  34.9214  1.00270818 49989
GALAXY 15 (G-15)        
1 28884U 05041A   19100.44134317  .00000074  00000-0  00000+0 0  9998
2 28884   0.0475  99.4075 0001781 284.1387 200.7018  1.00270784 49305
SPACEWAY 2              
1 28903U 05046B   19100.56914462 -.00000132  00000-0  00000+0 0  9991
2 28903   0.0403  39.1699 0000067  77.9874 187.1702  1.00271982 49170
GALAXY 16 (G-16)        
1 29236U 06023A   19100.56914025 -.00000132  00000-0  00000+0 0  9992
2 29236   0.0161 255.6634 0002553 119.1308 289.5828  1.00269444 46946
DIRECTV 9S              
1 29494U 06043A   19100.22342538 -.00000118  00000-0  00000+0 0  9991
2 29494   0.0119 205.6772 0002924 173.4849 158.3370  1.00271958 45787
XM-4 (BLUES)            
1 29520U 06049A   19100.10348355 -.00000027  00000-0  00000+0 0  9996
2 29520   0.0423  23.1013 0000170 286.3200 170.5874  1.00272180 45673
GALAXY 17 (G-17)        
1 31307U 07016B   19100.44971781 -.00000179  00000-0  00000+0 0  9997
2 31307   0.0391  93.9349 0003543 297.5029 237.8513  1.00271660 43756
DIRECTV 10              
1 31862U 07032A   19100.56747455 -.00000108  00000-0  00000+0 0  9995
2 31862   0.0398  27.3115 0000325 250.3796  22.2679  1.00271758 43087
SPACEWAY 3              
1 32018U 07036A   19100.44893270 -.00000157  00000-0  00000+0 0  9991
2 32018   0.0397  39.6494 0000192 293.8181 291.5850  1.00271764 42806
INTELSAT 11 (IS-11)     
1 32253U 07044B   19100.22467647 -.00000273  00000-0  00000+0 0  9991
2 32253   0.0168 178.6424 0001717 226.2348 191.1832  1.00270535 42203
HORIZONS 2              
1 32388U 07063B   19099.87202080 -.00000186  00000-0  00000-0 0  9991
2 32388   0.0156 268.4186 0003147 118.7781 209.3987  1.00270840 41534
DIRECTV 11              
1 32729U 08013A   19100.21017817 -.00000130  00000-0  00000+0 0  9997
2 32729   0.0403  40.9167 0000111 255.1080 238.5984  1.00271642 40616
GALAXY 18 (G-18)        
1 32951U 08024A   19100.15619197  .00000021  00000-0  00000+0 0  9996
2 32951   0.0130 140.1990 0003057 249.2843 101.8427  1.00273303 39764
INTELSAT 25 (IS-25)     
1 33153U 08034A   19099.91181760 -.00000227  00000-0  00000-0 0  9993
2 33153   0.0094 214.7523 0001993 116.5809 163.2796  1.00271419 39412
GALAXY 19 (G-19)        
1 33376U 08045A   19100.17534687 -.00000144  00000-0  00000+0 0  9990
2 33376   0.0171 131.3670 0003062 253.8324 139.0449  1.00271895 38512
SIRIUS FM-5             
1 35493U 09034A   19099.87641523 -.00000204  00000-0  00000-0 0  9991
2 35493   0.0268 276.9267 0001083  77.9261  72.3316  1.00270680 20384
INTELSAT 14 (IS-14)     
1 36097U 09064A   19100.45887759 -.00000279  00000-0  00000+0 0  9996
2 36097   0.0137 210.1681 0002436 169.9092 298.5266  1.00271109 34374
INTELSAT 15 (IS-15)     
1 36106U 09067A   19100.09632479 -.00000189  00000-0  00000+0 0  9997
2 36106   0.0152 268.9335 0002198 109.7552 299.1761  1.00271747 34271
DIRECTV 12              
1 36131U 09075A   19100.22145510 -.00000107  00000-0  00000+0 0  9994
2 36131   0.0090 235.6748 0000155 142.0031 157.4037  1.00270277 34068
INTELSAT 16 (IS-16)     
1 36397U 10006A   19099.87842166 -.00000248  00000-0  00000-0 0  9990
2 36397   0.0129 259.3350 0001788 123.5730  54.9459  1.00271962 33532
XM-5                    
1 37185U 10053A   19099.87658970 -.00000208  00000-0  00000-0 0  9992
2 37185   0.0174 237.5139 0000842  51.0976 139.5678  1.00270898 31165
INTELSAT 17 (IS-17)     
1 37238U 10065B   19100.48103552 -.00000007  00000-0  00000+0 0  9991
2 37238   0.0158 176.9407 0002494 210.6009  50.0376  1.00272596 30602
INTELSAT NEW DAWN       
1 37392U 11016A   19100.34910552  .00000151  00000-0  00000+0 0  9999
2 37392   0.0179 224.0503 0000979  90.5516  42.1524  1.00271683 29197
INTELSAT 18 (IS-18)     
1 37834U 11056A   19100.14485131  .00000048  00000-0  00000+0 0  9997
2 37834   0.0176 188.2082 0002336 200.2501  41.7716  1.00271143 27536
INTELSAT 22 (IS-22)     
1 38098U 12011A   19099.94981538 -.00000063  00000-0  00000-0 0  9998
2 38098   0.0217 255.0219 0002689 126.6552 230.2349  1.00272256 25517
INTELSAT 19 (IS-19)     
1 38356U 12030A   19100.56209872 -.00000062  00000-0  00000+0 0  9999
2 38356   0.0131 271.0982 0002842 104.5335 191.2102  1.00270631 25191
INTELSAT 20 (IS-20)     
1 38740U 12043A   19100.10188184 -.00000029  00000-0  00000+0 0  9995
2 38740   0.0108 180.1636 0001806  10.1767 112.8756  1.00271435 24509
INTELSAT 21 (IS-21)     
1 38749U 12045A   19099.90805981 -.00000288  00000-0  00000-0 0  9990
2 38749   0.0168 135.3192 0002045 238.3049  93.1301  1.00271073 24220
INTELSAT 23 (IS-23)     
1 38867U 12057A   19100.17014972 -.00000289  00000-0  00000+0 0  9998
2 38867   0.0225 120.2093 0001734 252.9021 193.2661  1.00270927 23782
SIRIUS FM-6             
1 39360U 13058A   19099.65327139 -.00000020  00000-0  00000-0 0  9995
2 39360   0.0145 140.2063 0000178 357.9623 178.4565  1.00270732 19839
INTELSAT 30 (IS-30)     
1 40271U 14062A   19100.16177507 -.00000155  00000-0  00000+0 0  9993
2 40271   0.0182 238.1011 0001233 244.4077  38.7740  1.00270389 16444
INTELSAT 34 (IS-34)     
1 40874U 15039A   19100.41558903 -.00000290  00000-0  00000+0 0  9998
2 40874   0.0056 284.2160 0000885 340.5329  27.7337  1.00270685 13345
INTELSAT 29E (IS-29E)   
1 41308U 16004A   19099.88383028 -.00000280  00000-0  00000+0 0  9995
2 41308   0.0226 182.0374 0007873 194.4930  90.2773  1.00400051 11830
INTELSAT 31 (IS-31)     
1 41581U 16035A   19099.58748990 -.00000154  00000-0  00000+0 0  9992
2 41581   0.0213 243.8090 0002714 333.0460  97.1235  1.00270715 10366
INTELSAT 36 (IS-36)     
1 41747U 16053A   19100.48155892 -.00000030  00000-0  00000+0 0  9994
2 41747   0.0099 246.9468 0000713  80.2991 113.0453  1.00271741  9641
INTELSAT 33E (IS-33E)   
1 41748U 16053B   19099.94421795  .00000045  00000-0  00000-0 0  9997
2 41748   0.0041  63.8474 0001824 316.5860 217.3892  1.00270050  9935
INTELSAT 32E (IS-32E)   
1 41945U 17007B   19100.45931377 -.00000274  00000-0  00000+0 0  9991
2 41945   0.0156 197.4399 0000589  85.3206  37.8021  1.00267615  7922
INTELSAT 35E (IS-35E)   
1 42818U 17041A   19100.46097125 -.00000243  00000-0  00000+0 0  9990
2 42818   0.0180 204.8033 0001924 174.4618 310.5901  1.00271719  6510
INTELSAT 37E (IS-37E)   
1 42950U 17059A   19099.89002403 -.00000144  00000-0  00000-0 0  9996
2 42950   0.0168 229.9554 0002094 165.5599 104.7154  1.00272961  5733
AZERSPACE 2 (IS-38)     
1 43632U 18074A   19099.90258600  .00000132  00000-0  00000-0 0  9992
2 43632   0.0099 161.0980 0000814 303.7140 103.1007  1.00270956  2198
HORIZONS 3E             
1 43633U 18074B   19100.57147400 -.00000036  00000-0  00000+0 0  9997
2 43633   0.0378  41.3717 0000118  52.1151 119.7259  1.00271211  2042
