MTI                     
1 26102U 00014A   19099.49093968  .00005474  00000-0  91081-4 0  9995
2 26102  97.5619 314.3394 0009558  31.2745 328.9080 15.52461632 56967
CFESAT                  
1 30777U 07006F   19100.53707620  .00004871  00000-0  14245-3 0  9997
2 30777  35.4245 202.3457 0006087 223.5466 136.4780 15.34725604669705
SPIRALE A               
1 33751U 09008C   19100.42621133  .00000004  00000-0 -51898-5 0  9990
2 33751   2.0398 257.4407 5418738 246.4545  48.9204  4.58703344141267
SPIRALE B               
1 33752U 09008D   19099.87879116  .00009012  00000-0  14025-2 0  9998
2 33752   2.1108  14.9078 6934951   0.0383   0.0217  2.73905396 92830
SAPPHIRE                
1 39088U 13009C   19100.19469680 -.00000034  00000-0  32047-5 0  9994
2 39088  98.5052 304.5376 0012290 130.6755 229.5500 14.34189254320265
