RADUGA 1 [-]            
1 08513U 75123A   19099.93494972 -.00000149  00000-0  00000-0 0  9995
2 08513   9.2314 304.0406 0003190 190.5253 119.3169  1.00295364168480
RADUGA 2 [-]            
1 09416U 76092A   19099.74054804 -.00000183  00000-0  00000-0 0  9997
2 09416   9.8681 305.8729 0028999 327.5303 274.7295  1.00255123103018
RADUGA 3 [-]            
1 10159U 77071A   19099.68981762  .00000029  00000-0  00000-0 0  9994
2 10159  10.4487 308.1680 0005727 217.8877 338.3349  1.00347981150719
RADUGA 4 [-]            
1 10987U 78073A   19099.78408648 -.00000350  00000-0  00000-0 0  9992
2 10987  11.0146 311.1409 0012076 335.5106 300.7028  1.00239253 93274
RADUGA 5 [-]            
1 11343U 79035A   19099.62599500 -.00000024  00000-0  00000-0 0  9997
2 11343  11.4233 313.5014 0003376  78.3001  97.7350  1.00257472103028
RADUGA 6 [-]            
1 11708U 80016A   19099.93479840 -.00000187  00000-0  00000-0 0  9991
2 11708  11.7178 316.0904 0001520 353.7856 310.2621  1.00204498 95830
RADUGA 7 [-]            
1 12003U 80081A   19099.91181760 -.00000238  00000-0  00000-0 0  9998
2 12003  11.8590 317.7750 0008852 261.5269 275.4807  1.00244634 96985
RADUGA 8 [-]            
1 12351U 81027A   19099.88827931 -.00000197  00000-0  00000-0 0  9992
2 12351  12.1719 318.5009 0081398 194.5846 337.8943  1.00359479 96197
RADUGA 9 [-]            
1 12618U 81069A   19099.72033497 -.00000066  00000-0  00000-0 0  9998
2 12618  12.3209 320.8832 0004305  38.5046 170.7874  1.00188156 21019
RADUGA 10 [-]           
1 12897U 81102A   19099.93392737 -.00000097  00000-0  00000-0 0  9997
2 12897  12.3828 321.6880 0002010 104.7644 182.7456  1.00248220 91013
RADUGA 11 [-]           
1 13669U 82113A   19099.96164469 -.00000173  00000-0  00000+0 0  9994
2 13669  14.0575 333.4262 0037105 227.5852 325.1237  0.97709889 95889
RADUGA 12 [-]           
1 13974U 83028A   19099.93479840 -.00000194  00000-0  00000-0 0  9992
2 13974  13.2291 330.3758 0004901  11.4130 276.9197  1.00281601143050
RADUGA 13 [-]           
1 14307U 83088A   19100.42939185 -.00000213  00000-0  00000+0 0  9990
2 14307  14.2313 335.0638 0020117   5.2799 179.9211  0.98175934 93167
RADUGA 14 [-]           
1 14725U 84016A   19099.69173681 -.00000033  00000-0  00000-0 0  9994
2 14725  13.3039 333.6402 0003925  38.2620 142.4865  1.00251721 91774
RADUGA 15 [-]           
1 15057U 84063A   19099.69164956 -.00000054  00000-0  00000+0 0  9992
2 15057  13.3897 334.6083 0002471  51.7953 127.3242  1.00378478114760
RADUGA 16 [-]           
1 15946U 85070A   19099.37480003  .00000109  00000-0  00000+0 0  9997
2 15946  13.6680 338.9077 0003393 341.8116 218.2318  1.00339929 95881
RADUGA 17 [-]           
1 16250U 85107A   19099.93392737 -.00000072  00000-0  00000-0 0  9996
2 16250  13.7341 340.1346 0007062 142.7589 125.9573  1.00121840125374
RADUGA 18 [-]           
1 16497U 86007A   19100.52008458 -.00000004  00000-0  00000+0 0  9995
2 16497  14.4533 342.5558 0070145 132.1037 130.4447  0.98812145119973
RADUGA 19 [-]           
1 17046U 86082A   19099.02231211 -.00000167  00000-0  00000-0 0  9997
2 17046  14.7104 346.1777 0008445  98.9485  70.3054  0.98460976117058
RADUGA 20 [-]           
1 17611U 87028A   19100.39267247 -.00000084  00000-0  00000+0 0  9994
2 17611  16.5888 349.7137 0025496  99.2165 144.4931  0.95961716113102
RADUGA 21 [-]           
1 18631U 87100A   19099.52495189  .00000104  00000-0  00000-0 0  9991
2 18631  14.7107 347.6893 0003473 359.9283 248.5198  1.00233052114758
RADUGA 22 [-]           
1 19596U 88095A   19099.80140546 -.00000330  00000-0  00000+0 0  9992
2 19596  14.4936 351.4890 0004243  45.7767 223.7097  1.00256973 95375
RADUGA 23 [-]           
1 19928U 89030A   19099.76213618  .00000031  00000-0  00000-0 0  9995
2 19928  14.5468 353.2065 0016217 125.3326  54.3333  1.00185818108521
RADUGA-1 1 [-]          
1 20083U 89048A   19100.50171042 -.00000237  00000-0  00000+0 0  9995
2 20083  15.1695 355.9543 0018841  70.6983 122.2628  0.98711049105357
RADUGA 24 [-]           
1 20367U 89098A   19100.57011535 -.00000208  00000-0  00000+0 0  9990
2 20367  15.0055 355.6675 0003815 321.6239 170.5135  1.00336457106712
RADUGA 25 [-]           
1 20499U 90016A   19099.22618241 -.00000083  00000-0  00000-0 0  9996
2 20499  14.7414 356.1678 0003497 352.4830 182.7222  1.00165241106574
RADUGA 26 [-]           
1 21016U 90112A   19099.84182083 -.00000261  00000-0  00000-0 0  9995
2 21016  14.8827 359.3092 0007324  15.1078 218.9501  1.00243144103932
RADUGA-1 2 [-]          
1 21038U 90116A   19099.93443006 -.00000317  00000-0  00000+0 0  9999
2 21038  14.9184 359.4088 0007172  29.8158 244.3673  1.00292108103589
RADUGA 27 [-]           
1 21132U 91014A   19099.82983125  .00000120  00000-0  00000-0 0  9993
2 21132  15.4391 359.4054 0005671 357.3753 180.0504  1.00196470102982
RADUGA 28 [-]           
1 21821U 91087A   19099.86079684 -.00000236  00000-0  00000-0 0  9997
2 21821  15.0192   2.6937 0004905  38.3648 193.4076  1.00359285 99990
RADUGA 29 [-]           
1 22557U 93013A   19099.89700289  .00000083  00000-0  00000-0 0  9999
2 22557  14.9892   6.8091 0004856  23.5064 147.2018  1.00309061 95358
RADUGA 30 [-]           
1 22836U 93062A   19099.93269525 -.00000067  00000-0  00000-0 0  9994
2 22836  14.9234   8.6605 0006876 308.6782 286.5402  1.00280999 19670
RADUGA-1 3 [-]          
1 22981U 94008A   19099.83166321  .00000088  00000-0  00000-0 0  9997
2 22981  14.9362   9.8450 0004508 344.8195 191.7599  1.00284387 92157
RADUGA 31 [-]           
1 23010U 94012A   19099.93530709 -.00000242  00000-0  00000-0 0  9995
2 23010  14.9028   9.8113 0004962   1.5073 254.1424  1.00215856 92024
RADUGA 32 [-]           
1 23448U 94087A   19099.93269525 -.00000069  00000-0  00000+0 0  9993
2 23448  14.7378  12.4083 0005537 250.5018 341.3387  1.00278495106611
RADUGA-1 4 [-]          
1 25642U 99010A   19099.79681108 -.00000282  00000-0  00000-0 0  9999
2 25642  14.6361  24.3975 0004890 275.8827 280.7860  1.00205362 73620
RADUGA-1 5 [-]          
1 26477U 00049A   19099.77103425 -.00000346  00000-0  00000-0 0  9990
2 26477  12.3697  27.5468 0005939 336.6637 216.7115  1.00268877 68093
RADUGA-1 6 [-]          
1 26936U 01045A   19100.37751920 -.00000048  00000-0  00000+0 0  9993
2 26936  12.1861  33.2647 0011810 146.3267  57.2940  0.97743592 62924
RADUGA-1 7 [-]          
1 28194U 04010A   19099.77295344 -.00000372  00000-0  00000-0 0  9991
2 28194  10.5919  40.4093 0003858 277.1348 273.6542  1.00337752 55082
RADUGA-1M 1 [-]         
1 32373U 07058A   19099.64345161 -.00000011  00000-0  00000-0 0  9999
2 32373   4.4172  70.7268 0005152 279.7784 339.1898  0.99393866 26298
RADUGA-1 8 [-]          
1 34264U 09010A   19099.64305917 -.00000007  00000-0  00000-0 0  9990
2 34264   6.9960  62.8050 0013829 317.5005 232.6149  0.99830670 36969
RADUGA-1M 2 [+]         
1 36358U 10002A   19099.87202080 -.00000188  00000-0  00000-0 0  9991
2 36358   0.0311 247.1861 0003094 161.1101 188.4570  1.00272474 23777
RADUGA-1M 3 [+]         
1 39375U 13062A   19100.48190787 -.00000045  00000-0  00000+0 0  9993
2 39375   0.0132 206.8990 0002182 207.2244  27.8396  1.00273587 19810
