SCD 1                   
1 22490U 93009B   19099.56071390  .00000239  00000-0  15589-4 0  9993
2 22490  24.9689 190.7489 0043132 116.6303  11.7766 14.44547177381338
TECHSAT 1B (GO-32)      
1 25397U 98043D   19100.39271171 -.00000001  00000-0  18635-4 0  9991
2 25397  98.6832  41.3986 0000610 175.4023 184.7161 14.23663107 78011
SCD 2                   
1 25504U 98060A   19099.93167012  .00000228  00000-0  13585-4 0  9994
2 25504  24.9964  35.7739 0017377 144.9190 286.0982 14.44065205 80441
LANDSAT 7               
1 25682U 99020A   19100.36741670  .00000007  00000-0  11462-4 0  9993
2 25682  98.1345 169.4035 0001836  89.7081 270.4337 14.57149412 63029
DLR-TUBSAT              
1 25757U 99029B   19100.32671165 -.00000006  00000-0  98661-5 0  9999
2 25757  98.4119  22.3373 0015737  76.4386 283.8561 14.51399659 52526
TERRA                   
1 25994U 99068A   19100.17923471  .00000007  00000-0  11598-4 0  9991
2 25994  98.2057 175.7352 0000968  90.9535 269.1789 14.57113139 27079
MAROC-TUBSAT            
1 27004U 01056D   19100.40246001 -.00000030  00000-0  15772-4 0  9993
2 27004  99.4514 235.2136 0020580  60.3338   9.2134 13.70133881866731
AQUA                    
1 27424U 02022A   19100.22505198  .00000080  00000-0  27762-4 0  9994
2 27424  98.2052  42.1406 0000567 249.1196 248.3847 14.57115548900684
IRS-P6 (RESOURCESAT-1)  
1 28051U 03046A   19100.47395100 -.00000878  00000-0 -29268-3 0  9994
2 28051  98.5213 179.1146 0056855 232.9202 126.6796 14.34150342804189
SHIYAN 1 (SY-1)         
1 28220U 04012A   19099.86051618 -.00000041  00000-0  16548-5 0  9999
2 28220  97.7940  62.0281 0013488  63.1628 297.0972 14.99797639815588
FORMOSAT-2 (ROCSAT 2)   
1 28254U 04018A   19100.14152706  .00000501  00000-0  36499-3 0  9991
2 28254  98.7697 147.2068 0001974 102.7837 318.9615 14.00675159761269
AURA                    
1 28376U 04026A   19099.86108247  .00000078  00000-0  27353-4 0  9991
2 28376  98.2055  43.9453 0001143  95.5705 264.5624 14.57122903783679
IRS-P5 (CARTOSAT-1)     
1 28649U 05017A   19100.44938539  .00000068  00000-0  14589-4 0  9993
2 28649  97.8602 172.2458 0002969  74.0502 286.1047 14.83628519754164
SINAH 1                 
1 28893U 05043D   19100.41904680  .00000021  00000-0  13398-4 0  9996
2 28893  97.9617 240.3176 0014337 223.4173 136.5900 14.61500206717187
EROS B                  
1 29079U 06014A   19100.49298706  .00002212  00000-0  95194-4 0  9993
2 29079  97.4113 220.1033 0003980  43.6286  25.8430 15.23667532719160
RESURS-DK 1             
1 29228U 06021A   19099.74462021  .00000121  00000-0  16473-4 0  9995
2 29228  69.9359 214.5495 0003097   5.8617 354.2579 15.02422488707456
ARIRANG-2 (KOMPSAT-2)   
1 29268U 06031A   19100.52427790  .00000126  00000-0  33954-4 0  9991
2 29268  98.0384 354.5954 0019555  83.1048 277.2382 14.62419843677794
LAPAN-TUBSAT            
1 29709U 07001A   19100.42180988  .00000047  00000-0  12411-4 0  9990
2 29709  97.7998  64.3888 0014487  86.9465 273.3411 14.82168493662075
CARTOSAT-2 (IRS-P7)     
1 29710U 07001B   19100.46072215  .00000071  00000-0  16685-4 0  9993
2 29710  97.9803 160.1213 0001576 106.0686 254.0715 14.78656704661068
HAIYANG-1B              
1 31113U 07010A   19100.52628487 -.00000015  00000-0  10537-4 0  9997
2 31113  98.4628 151.2514 0014784  57.2524 303.0081 14.30217939626149
COSMO-SKYMED 1          
1 31598U 07023A   19100.51992803 -.00000214  00000-0 -20360-4 0  9990
2 31598  97.8906 284.8674 0001453  80.9094 279.2293 14.82153696640558
TERRASAR-X              
1 31698U 07026A   19097.85985133 -.00001086  00000-0 -48544-4 0  9996
2 31698  97.4461 106.0972 0001996  81.8319  38.0043 15.19141818655025
WORLDVIEW-1 (WV-1)      
1 32060U 07041A   19100.30400568  .00001016  00000-0  44201-4 0  9993
2 32060  97.3931 220.8734 0001752  61.7752 350.1540 15.24512069643123
YAOGAN 3                
1 32289U 07055A   19100.54288652  .00000349  00000-0  52017-4 0  9997
2 32289  98.0055 111.3326 0001399  78.0205 282.1160 14.80951406616768
COSMO-SKYMED 2          
1 32376U 07059A   19100.48616791  .00000493  00000-0  68448-4 0  9995
2 32376  97.8906 284.8346 0001615  92.4356 267.7056 14.82152387613294
RADARSAT-2              
1 32382U 07061A   19100.45604163 -.00000021  00000-0  85761-5 0  9998
2 32382  98.5773 108.3751 0001347  90.8769  31.5106 14.29982587590946
CARTOSAT-2A             
1 32783U 08021A   19100.43910943 -.00000112  00000-0 -80923-5 0  9991
2 32783  97.9795 160.4720 0012226 339.1031  20.9677 14.78659951591005
JASON-2 (OSTM)          
1 33105U 08032A   19100.22084848 -.00000044  00000-0  72781-4 0  9990
2 33105  66.0406 170.1988 0008263 273.0835 155.6495 12.87630977505822
RAPIDEYE 2              
1 33312U 08040A   19100.46901888 -.00001358  00000-0 -16965-3 0  9998
2 33312  97.7514 171.5064 0012987 354.7914   5.3138 14.80740000573325
RAPIDEYE 5              
1 33313U 08040B   19100.42498361  .00000048  00000-0  12924-4 0  9997
2 33313  97.7594 170.2496 0016978 233.7419 126.2232 14.80743172573263
RAPIDEYE 1              
1 33314U 08040C   19100.41307897  .00000019  00000-0  91558-5 0  9999
2 33314  97.7518 171.2034 0024380   8.7460 351.4173 14.80755701573303
RAPIDEYE 3              
1 33315U 08040D   19100.38179338  .00000048  00000-0  12791-4 0  9996
2 33315  97.7611 170.0898 0012432 310.7974  49.2158 14.80762406573264
RAPIDEYE 4              
1 33316U 08040E   19100.50463227  .00000050  00000-0  13102-4 0  9994
2 33316  97.7641 170.0401 0011286 255.2417 104.7553 14.80761282573277
HUANJING 1A (HJ-1A)     
1 33320U 08041A   19100.43554243  .00000106  00000-0  22135-4 0  9999
2 33320  97.8462 160.7715 0026726  46.2489 314.0929 14.77003907570538
HUANJING 1B (HJ-1B)     
1 33321U 08041B   19100.46932704  .00000123  00000-0  24449-4 0  9994
2 33321  97.8532 162.6053 0036093  63.9836 296.5091 14.77114518570538
GEOEYE 1                
1 33331U 08042A   19100.49889301  .00000056  00000-0  19542-4 0  9996
2 33331  98.1005 176.1281 0008842 352.2953   7.8113 14.64385568566024
THEOS                   
1 33396U 08049A   19100.50371817  .00000169  00000-0  10000-3 0  9998
2 33396  98.6905 168.7621 0001386 103.0401  21.8549 14.20046680545476
COSMO-SKYMED 3          
1 33412U 08054A   19100.47348871  .00000231  00000-0  35591-4 0  9996
2 33412  97.8903 284.8212 0001412  86.3646 273.7754 14.82155429565753
YAOGAN 4                
1 33446U 08061A   19100.49349541  .00000122  00000-0  24125-4 0  9998
2 33446  97.6676  71.0391 0015039 312.7647  47.2298 14.76940752557770
GOSAT (IBUKI)           
1 33492U 09002A   19099.73468523  .00000093  00000-0  24686-4 0  9990
2 33492  98.0255 213.4445 0001447  79.9222 280.2146 14.67571069546398
YAOGAN 6                
1 34839U 09021A   19100.04434423  .00000631  00000-0  26499-4 0  9998
2 34839  97.0612 127.7384 0029602 126.4395 233.9581 15.26496760553533
DEIMOS-1                
1 35681U 09041A   19100.47743770  .00000131  00000-0  28666-4 0  9994
2 35681  97.8724 344.6298 0002399  45.0161 315.1256 14.71779263520555
DUBAISAT-1              
1 35682U 09041B   19100.44913892 -.00000049  00000-0 -64400-6 0  9994
2 35682  97.7352 297.5725 0011270 188.1870 171.9156 14.68723781519417
OCEANSAT-2              
1 35931U 09051A   19099.89329779  .00000103  00000-0  37182-4 0  9997
2 35931  98.2975 195.9573 0000912   1.2562 358.8635 14.50827640505308
WORLDVIEW-2 (WV-2)      
1 35946U 09055A   19100.18980059 -.00000030  00000-0  43730-5 0  9993
2 35946  98.4374 177.1428 0002266 158.8224 201.3065 14.37641084498624
SMOS                    
1 36036U 09059A   19100.10752756  .00000019  00000-0  19814-4 0  9992
2 36036  98.4451 288.3572 0001368  95.4325 264.7019 14.39769699495866
YAOGAN 7                
1 36110U 09069A   19100.50084335  .00000072  00000-0  18725-4 0  9990
2 36110  98.2682 281.8167 0024505 158.2212 202.0046 14.75106408502522
TANDEM-X                
1 36605U 10030A   19099.16578257  .00003425  00000-0  16618-3 0  9992
2 36605  97.4462 107.3867 0001897  82.8649 334.5000 15.19156217487965
CARTOSAT-2B             
1 36795U 10035A   19100.47597421  .00000068  00000-0  16485-4 0  9991
2 36795  97.9778 160.1702 0015897  50.7672 309.4951 14.78640070472059
YAOGAN 10               
1 36834U 10038A   19100.51219715  .00000052  00000-0  13570-4 0  9995
2 36834  97.9659 101.2480 0001498  72.1904 287.9483 14.80908608468500
COSMO-SKYMED 4          
1 37216U 10060A   19100.50307371  .00000024  00000-0  95729-5 0  9996
2 37216  97.8901 284.8501 0001544  80.4248 279.7149 14.82153371455843
RESOURCESAT-2           
1 37387U 11015A   19100.52424588 -.00000083  00000-0 -17935-4 0  9997
2 37387  98.7188 176.4649 0004156 177.9848 182.1356 14.21622536413789
HAIYANG 2A              
1 37781U 11043A   19100.42474986  .00000052  00000-0  94094-4 0  9997
2 37781  99.3214 110.5648 0001528  68.4486 291.6818 13.78720013385231
RASAT                   
1 37791U 11044D   19100.52157769  .00000006  00000-0  10259-4 0  9997
2 37791  98.1158 194.3133 0021458 193.0131 167.0523 14.64711290408723
MEGHA-TROPIQUES         
1 37838U 11058A   19099.45796387  .00000280  00000-0  91455-5 0  9990
2 37838  19.9770 116.5254 0009795 112.6170 247.5270 14.09697533386524
SRMSAT                  
1 37841U 11058D   19099.34411462  .00000289  00000-0  13597-4 0  9999
2 37841  19.9716  96.6877 0011967 143.0910 350.8307 14.10628276386744
YAOGAN 13               
1 37941U 11072A   19100.49571442  .00000541  00000-0  30031-4 0  9993
2 37941  97.5243  32.7112 0003297 101.5033  20.1338 15.17927569408131
PLEIADES 1A             
1 38012U 11076F   19100.41688311 -.00000021  00000-0  52746-5 0  9995
2 38012  98.2029 176.0298 0001603  77.3343 282.8039 14.58552798389394
ZIYUAN 1-02C (ZY 1-02C) 
1 38038U 11079A   19100.46054404  .00000054  00000-0  33323-4 0  9995
2 38038  98.2492 149.3101 0001044  67.9764 292.1539 14.35490712382511
ZIYUAN 3 (ZY 3)         
1 38046U 12001A   19100.43167267  .00000802  00000-0  38939-4 0  9998
2 38046  97.4589 174.7754 0001247 287.3803 201.4831 15.21314385402632
RISAT-1                 
1 38248U 12017A   19100.44480016  .00000610  00000-0  41719-4 0  9997
2 38248  97.5726 109.9431 0002783 307.0733  53.0241 15.09769344383145
ARIRANG-3 (KOMPSAT-3)   
1 38338U 12025B   19100.44866284  .00000029  00000-0  15188-4 0  9996
2 38338  98.1561  39.2124 0011328  61.0271 299.2057 14.61745804367921
KANOPUS-V 1             
1 38707U 12039A   19100.48552706  .00000434  00000-0  23951-4 0  9993
2 38707  97.4576  19.9778 0001840  78.4311  37.6564 15.19014109372625
EXACTVIEW-1 (ADS-1B)    
1 38709U 12039C   19100.38074630 -.00000005  00000-0  18444-4 0  9995
2 38709  99.1423 112.0316 0011118 149.4180 210.7651 14.23988957349071
SPOT 6                  
1 38755U 12047A   19100.50113870 -.00000022  00000-0  51510-5 0  9990
2 38755  98.2171 168.3885 0001743  88.8668 271.2734 14.58542274350484
PLEIADES 1B             
1 39019U 12068A   19100.51997896 -.00000854  00000-0 -17401-3 0  9999
2 39019  98.1874 176.1204 0001475  77.2330 282.9048 14.58545746338265
GOKTURK 2               
1 39030U 12073A   19100.50106306  .00000026  00000-0  11854-4 0  9991
2 39030  98.0023 351.1097 0002904  87.7510 272.4021 14.72727681338038
LANDSAT 8               
1 39084U 13008A   19100.20090724  .00000061  00000-0  23504-4 0  9996
2 39084  98.1926 171.0964 0001447  89.3543 270.7832 14.57118361327465
SARAL                   
1 39086U 13009A   19100.55474631 -.00000004  00000-0  14787-4 0  9991
2 39086  98.5419 287.8142 0002255  94.1869 265.9572 14.32035052319900
GAOFEN 1                
1 39150U 13018A   19100.47844138  .00000057  00000-0  15419-4 0  9997
2 39150  97.9016 182.3202 0020629  80.4391 279.9155 14.76532830320972
VNREDSAT 1              
1 39160U 13021B   19100.40293281  .00000059  00000-0  20868-4 0  9998
2 39160  98.1865 176.3528 0001811  65.8057 294.3341 14.62862715316426
ARIRANG-5 (KOMPSAT-5)   
1 39227U 13042A   19100.48958446  .00000117  00000-0  12678-4 0  9999
2 39227  97.6155 285.6503 0002016  78.1743 356.1511 15.04517330309278
YAOGAN 18               
1 39363U 13059A   19100.54444267  .00000825  00000-0  43683-4 0  9992
2 39363  97.3055 160.2190 0002693  73.0025  60.3145 15.18054931301809
SKYSAT-1                
1 39418U 13066C   19100.21791923 -.00000323  00000-0 -21829-4 0  9992
2 39418  97.6519 183.3402 0020484 220.4443 139.5271 14.98795343294233
DUBAISAT-2              
1 39419U 13066D   19100.46253098  .00000225  00000-0  26303-4 0  9997
2 39419  97.5979 165.0703 0012984 211.4357 148.6102 14.93966973293376
GPM-CORE                
1 39574U 14009C   19100.22317661  .00004532  00000-0  69948-4 0  9995
2 39574  65.0074 188.4892 0012060 289.3191  70.6650 15.55544296290511
SENTINEL-1A             
1 39634U 14016A   19100.45311473 -.00000034  00000-0  25810-5 0  9995
2 39634  98.1819 108.6225 0001493  82.6293 277.5081 14.59198638267272
KAZEOSAT 1              
1 39731U 14024A   19100.51317895  .00000004  00000-0  14293-4 0  9991
2 39731  98.3573 178.4529 0001224  87.8576 272.2757 14.42037550260344
ALOS-2                  
1 39766U 14029A   19100.44349094  .00000177  00000-0  30548-4 0  9994
2 39766  97.9191 198.2650 0001536  81.1203 279.0201 14.79474462263527
KAZEOSAT 2              
1 40010U 14033A   19100.50394583  .00000039  00000-0  11476-4 0  9999
2 40010  97.8453   1.0930 0014958 282.4312  77.5227 14.82110434260045
HODOYOSHI-4             
1 40011U 14033B   19100.48038025  .00000122  00000-0  22369-4 0  9999
2 40011  97.8247 355.3264 0025290 277.7981  82.0373 14.81089180259786
DEIMOS-2                
1 40013U 14033D   19100.50996202 -.00000065  00000-0 -14131-5 0  9991
2 40013  97.8460   5.7266 0001816  37.6895 322.4440 14.84569581260484
HODOYOSHI-3             
1 40015U 14033F   19099.91803927  .00000124  00000-0  23960-4 0  9999
2 40015  97.7974 345.5261 0035653 292.7353  67.0092 14.78477244259226
SPOT 7                  
1 40053U 14034A   19100.46585620 -.00000021  00000-0  51220-5 0  9990
2 40053  98.1484 168.0698 0001470  74.1223 286.0140 14.58576689254413
SKYSAT-2                
1 40072U 14037D   19100.41127018  .00000054  00000-0  14426-4 0  9993
2 40072  98.4142 250.7480 0007660  84.2295 275.9795 14.81165126257001
WORLDVIEW-3 (WV-3)      
1 40115U 14048A   19100.23739915  .00000019  00000-0  84359-5 0  9992
2 40115  97.8129 180.2726 0001103  72.1843 287.9505 14.85001098252354
YAOGAN 21               
1 40143U 14053A   19100.40761817  .00001125  00000-0  45809-4 0  9999
2 40143  97.2312 164.6429 0006932  28.8085  99.6624 15.26460018255316
YAOGAN 22               
1 40275U 14063A   19100.57093843 -.00000045  00000-0  00000+0 0  9991
2 40275 100.4574 214.0776 0005888  14.0039 346.1238 13.15333728214723
ASNARO                  
1 40298U 14070A   19100.52747896  .00001290  00000-0  63844-4 0  9995
2 40298  97.4436 184.3746 0001988  75.3869 341.8536 15.19570574245448
HODOYOSHI-1             
1 40299U 14070B   19100.48452919  .00000807  00000-0  36960-4 0  9992
2 40299  97.3514 181.6706 0011190 289.4537 201.1337 15.23276186245733
QSAT-EOS                
1 40301U 14070D   19100.44479458  .00001935  00000-0  78236-4 0  9994
2 40301  97.3299 179.0204 0024155 284.9568 130.9425 15.25685131245733
YAOGAN 23               
1 40305U 14071A   19100.51867406  .00000690  00000-0  37340-4 0  9999
2 40305  97.4864  38.6774 0001514 111.3762 308.5815 15.17928910243900
YAOGAN 24               
1 40310U 14072A   19100.54717494  .00067327  00000-0  96552-2 0  9998
2 40310  97.9765 228.5080 0017896  93.9178 266.4702 14.76058894236501
CBERS 4                 
1 40336U 14079A   19100.52958453 -.00185787  00000-0 -66788-1 0  9993
2 40336  98.4155 169.2739 0000782 141.4137 218.7069 14.35196039227437
RESURS P2               
1 40360U 14087A   19100.46305447  .00000802  00000-0  27520-4 0  9997
2 40360  97.2570 192.4208 0007807 306.1450 182.6914 15.33023853239819
YAOGAN 26               
1 40362U 14088A   19100.43944012  .00001173  00000-0  51825-4 0  9991
2 40362  97.2917 176.6684 0007633 211.8518 221.3252 15.23628086238781
SMAP                    
1 40376U 15003A   19100.47342733  .00000047  00000-0  18135-4 0  9996
2 40376  98.1215 108.4034 0000377  64.7001 295.4234 14.63362514223756
KOMPSAT-3A              
1 40536U 15014A   19100.41193093  .00000173  00000-0  13792-4 0  9997
2 40536  97.5466  39.5373 0010176 189.1360 316.8720 15.12190106223123
SENTINEL-2A             
1 40697U 15028A   19100.48725390 -.00000017  00000-0  10071-4 0  9993
2 40697  98.5715 175.9465 0001249  87.8118 272.3205 14.30815178198400
CARBONITE 1 (CBNT-1)    
1 40718U 15032D   19100.49435263  .00000142  00000-0  28715-4 0  9992
2 40718  97.8943 348.8309 0016592 163.9158 196.2573 14.74676206201855
YAOGAN 27               
1 40878U 15040A   19100.49633407 -.00000044  00000-0  00000+0 0  9992
2 40878 100.2967 156.6899 0009316 135.8320 224.3541 13.15961670173932
LAPAN-A2                
1 40931U 15052B   19098.83379345  .00000698  00000-0  80790-5 0  9991
2 40931   5.9981 201.9629 0013380 238.2108 121.6833 14.76603172190774
YAOGAN 28               
1 41026U 15064A   19100.53370696  .00001077  00000-0  47928-4 0  9998
2 41026  97.3948 231.7861 0001876 149.2813 279.2491 15.23590659191025
YAOGAN 29               
1 41038U 15069A   19100.51589716  .00000004  00000-0  74290-5 0  9991
2 41038  97.9719  85.3167 0001066 107.7070 252.4265 14.80400861182071
KENT RIDGE 1            
1 41167U 15077B   19100.14688331  .00000930  00000-0  16799-4 0  9992
2 41167  14.9832  44.9192 0010936 131.6623 338.2058 15.09013876183076
TELEOS 1                
1 41169U 15077D   19100.13849906  .00001299  00000-0  37804-4 0  9999
2 41169  14.9809  35.8437 0010040 147.3705 328.0229 15.10178939183154
JASON-3                 
1 41240U 16002A   19100.56274313 -.00000021  00000-0  17418-3 0  9990
2 41240  66.0411 186.3652 0007921 273.6984  86.3126 12.80931763150989
SENTINEL-3A             
1 41335U 16011A   19100.53580296 -.00000001  00000-0  17736-4 0  9994
2 41335  98.6300 168.4983 0001203  87.9176 272.2142 14.26734096163807
SENTINEL-1B             
1 41456U 16025A   19100.48691882 -.00000039  00000-0  13946-5 0  9992
2 41456  98.1815 108.4820 0001489  79.9813 280.1557 14.59198246157444
ZIYUAN 3-2 (ZY 3-2)     
1 41556U 16033A   19100.41128499  .00000915  00000-0  43989-4 0  9995
2 41556  97.4005 178.8323 0003819  92.6915  37.8898 15.21280917158927
NUSAT-1 (FRESCO)        
1 41557U 16033B   19100.52235903  .00002220  00000-0  86338-4 0  9993
2 41557  97.4173 188.4355 0014111 175.5982 184.5383 15.27020575159533
NUSAT-2 (BATATA)        
1 41558U 16033C   19100.51199708  .00002476  00000-0  90642-4 0  9991
2 41558  97.4197 189.2485 0013098 176.6395 183.4935 15.28921098159561
CARTOSAT-2C             
1 41599U 16040A   19100.46429777  .00000513  00000-0  27440-4 0  9996
2 41599  97.3677 160.2362 0012003 286.2011 188.6957 15.19318649155209
SKYSAT-C1               
1 41601U 16040C   19100.51879927  .00000804  00000-0  36819-4 0  9995
2 41601  97.4097 180.0325 0002094  89.0858 327.1425 15.23312075155534
LAPAN-A3                
1 41603U 16040E   19100.51332278  .00000135  00000-0  95045-5 0  9994
2 41603  97.3680 160.9019 0011681 282.8160 192.2801 15.19687390155237
BIROS                   
1 41604U 16040F   19099.17046440  .00000484  00000-0  24429-4 0  9991
2 41604  97.3721 161.8969 0010710 273.6055  86.3956 15.21651853155176
SKYSAT-C4               
1 41771U 16058B   19100.14382176  .00012503  00000-0  52871-3 0  9990
2 41771  97.4032 172.2047 0001514  63.7650 351.2570 15.23352193142428
SKYSAT-C5               
1 41772U 16058C   19100.49686237  .00000723  00000-0  33413-4 0  9997
2 41772  97.4048 172.1239 0001787  72.2728  52.3113 15.23296403142468
SKYSAT-C2               
1 41773U 16058D   19100.18275271  .00000752  00000-0  34613-4 0  9991
2 41773  97.4073 172.3797 0001649  84.8816 327.4355 15.23322077142429
SKYSAT-C3               
1 41774U 16058E   19100.19547155 -.00052071  00000-0 -22094-2 0  9997
2 41774  97.4021 172.3886 0005765 124.1855 292.1280 15.23283599142426
ALSAT 1B                
1 41785U 16059C   19100.48679787 -.00000001  00000-0  91282-5 0  9992
2 41785  98.0727 161.9590 0029880 237.8655 121.9653 14.63314355135432
PATHFINDER 1            
1 41787U 16059E   19100.16039509  .00000088  00000-0  26106-4 0  9997
2 41787  98.0763 162.2422 0029237 238.2660 121.5699 14.63659024135418
SCATSAT 1               
1 41790U 16059H   19100.13521158 -.00000000  00000-0  11106-4 0  9993
2 41790  98.2180 146.8609 0016919 259.4374 100.4915 14.50895005134246
WORLDVIEW-4 (WV-4)      
1 41848U 16067A   19099.77085139  .00039966  00000-0  39260-2 0  9998
2 41848  97.8751 179.4199 0022582 228.7358 131.0643 14.91829413130440
GOKTURK 1A              
1 41875U 16073A   19100.52047606  .00000032  00000-0  15547-4 0  9994
2 41875  98.1420 356.0684 0001401  67.6891 292.4453 14.62766206125126
RESOURCESAT-2A          
1 41877U 16074A   19100.48188885 -.00000007  00000-0  16560-4 0  9996
2 41877  98.6375 174.8184 0001337 118.9206 241.2107 14.21661906121389
CARTOSAT-2D             
1 41948U 17008A   19100.02054041  .00000572  00000-0  30302-4 0  9995
2 41948  97.4034 161.7691 0008477  74.1065 286.1111 15.19259088119004
SENTINEL-2B             
1 42063U 17013A   19100.52224823 -.00000003  00000-0  15602-4 0  9998
2 42063  98.5720 175.9886 0001445  86.1880 273.9472 14.30814350109325
ZHUHAI-1 02 (CAS 4B)    
1 42759U 17034B   19100.44837093  .00000447  00000-0  40894-4 0  9995
2 42759  43.0168 251.0667 0010232 181.1238 214.6599 15.09531513100370
NUSAT-3 (MILANESAT)     
1 42760U 17034C   19100.48117581  .00000516  00000-0  44649-4 0  9993
2 42760  43.0179 251.2088 0008715 201.4742 203.1062 15.09945720100380
ZHUHAI-1 01 (CAS 4A)    
1 42761U 17034D   19100.48487069  .00000338  00000-0  34175-4 0  9990
2 42761  43.0180 250.4484 0010636 182.5428 233.1663 15.09607727100370
CARTOSAT-2E             
1 42767U 17036C   19099.96545388  .00000389  00000-0  21704-4 0  9997
2 42767  97.4806 159.4827 0010587 107.5353 252.7039 15.19244294 99561
FORMOSAT-5              
1 42920U 17049A   19100.50969719  .00000040  00000-0  21383-4 0  9990
2 42920  98.3319 179.4516 0009653 214.1607 145.9005 14.50829328 86098
SENTINEL-5P             
1 42969U 17064A   19099.85579665 -.00000001  00000-0  20138-4 0  9997
2 42969  98.7310  40.2455 0001041  88.2843 271.8453 14.19555136 77092
SKYSAT-C11              
1 42987U 17068A   19100.30850624  .00000799  00000-0  38393-4 0  9996
2 42987  97.4231 214.8517 0010713  99.8817 260.3628 15.21665298 79840
SKYSAT-C10              
1 42988U 17068B   19100.30891878  .00000715  00000-0  34702-4 0  9991
2 42988  97.4225 214.7456 0006050 116.4547 298.6800 15.21657071 79846
SKYSAT-C9               
1 42989U 17068C   19100.29798611  .00000692  00000-0  33686-4 0  9995
2 42989  97.4237 215.1804 0001602  65.6680 346.9572 15.21629214 79866
SKYSAT-C8               
1 42990U 17068D   19100.55008280  .00000702  00000-0  34039-4 0  9997
2 42990  97.4238 215.3200 0005048 136.6951 283.2595 15.21752206 79898
SKYSAT-C7               
1 42991U 17068E   19100.27484235  .00000711  00000-0  34490-4 0  9996
2 42991  97.4241 215.0654 0006305 150.4609 264.1250 15.21665245 79852
SKYSAT-C6               
1 42992U 17068F   19100.26554736  .00000777  00000-0  37404-4 0  9990
2 42992  97.4241 215.2465 0010399 216.0009 199.9364 15.21694512 79867
CARTOSAT-2F             
1 43111U 18004A   19100.49048714  .00000608  00000-0  32030-4 0  9997
2 43111  97.4411 163.0789 0005903 118.2996   6.2796 15.19260258 68828
MICROSAT-TD             
1 43128U 18004T   19100.12443843  .00025003  00000-0  20211-3 0  9990
2 43128  96.8140 158.1983 0006496  38.0299 322.1423 15.70790469 71080
NUSAT-4 (ADA)           
1 43195U 18015D   19100.41828709  .00001644  00000-0  71380-4 0  9995
2 43195  97.3843 228.9786 0017887 178.8482 267.1877 15.23607731 65788
NUSAT-5 (MARYAM)        
1 43204U 18015K   19100.52698126  .00001839  00000-0  79057-4 0  9991
2 43204  97.3844 229.1355 0017279 181.0800 247.6496 15.23806297 65407
SENTINEL-3B             
1 43437U 18039A   19100.50839461 -.00000007  00000-0  15058-4 0  9990
2 43437  98.6243 168.4215 0001415  77.6446 282.4892 14.26736775 49867
AEOLUS                  
1 43600U 18066A   19099.98064905 -.00000137  00000-0  00000+0 0  9994
2 43600  96.7217 107.8351 0005053 121.4507 238.8507 15.86815558 36470
ICESAT-2                
1 43613U 18070A   19100.17095775  .00000412  00000-0  14750-4 0  9993
2 43613  91.9985 304.4198 0002517  97.7506 262.4029 15.28278664 31567
HYSIS                   
1 43719U 18096A   19100.45189683  .00000127  00000-0  24366-4 0  9998
2 43719  97.9533 168.9572 0010268 182.5164 177.5999 14.78623704 19531
KAZSTSAT                
1 43783U 18099AB  19100.19923877  .00000195  00000-0  23830-4 0  9994
2 43783  97.7638 172.9595 0008809 179.5037 180.6193 14.93593205 19012
SAUDISAT 5A             
1 43831U 18102A   19100.47356345  .00000091  00000-0  10039-4 0  9996
2 43831  97.6094 176.8102 0013887 193.4381 296.8861 15.07854311 18731
SAUDISAT 5B             
1 43833U 18102C   19100.50292530  .00000723  00000-0  50624-4 0  9993
2 43833  97.6086 176.9166 0014809 203.9271 281.5261 15.08294872 18731
