AKEBONO (EXOS-D)        
1 19822U 89016A   19100.41084167  .00016369  92756-6  29853-3 0  9998
2 19822  75.0331 233.8696 1798529 260.0384  79.3989 11.93587190987489
HST                     
1 20580U 90037B   19100.01211806  .00000540  00000-0  21998-4 0  9996
2 20580  28.4699 312.6851 0002871  94.2273 138.4429 15.09202347390350
POLAR                   
1 23802U 96013A   19099.55625932  .00000058  00000-0  00000-0 0  9992
2 23802  78.6857 256.3288 6774769 297.8915  10.1740  1.29844755110762
SWAS                    
1 25560U 98071A   19099.93777586  .00000192  00000-0  26712-4 0  9997
2 25560  69.9003  36.7643 0011146 271.7805  88.2074 14.93716342104137
ORSTED                  
1 25635U 99008B   19100.37734827  .00000095  00000-0  30717-4 0  9995
2 25635  96.4744 220.7666 0137169 295.4819  63.2242 14.48139482 62068
CXO                     
1 25867U 99040B   19103.11213429  .00000712  00000-0  00000+0 0  9996
2 25867  68.4593 277.0049 7132510 235.3243   0.3345  0.37803592 18567
XMM-NEWTON              
1 25989U 99066A   19101.77547672  .00000048  00000-0  00000+0 0  9991
2 25989  70.8718 334.7436 7698288  95.2224 359.6294  0.50136476 24217
TERRA                   
1 25994U 99068A   19100.17923471  .00000007  00000-0  11598-4 0  9991
2 25994  98.2057 175.7352 0000968  90.9535 269.1789 14.57113139 27079
CLUSTER II-FM7 (SAMBA)  
1 26410U 00041A   19102.36275161  .00000203  00000-0  00000+0 0  9996
2 26410 131.1644 338.4000 4113943 170.9798   0.6916  0.44220822 20434
CLUSTER II-FM6 (SALSA)  
1 26411U 00041B   19102.36563402  .00000000  00000-0  00000+0 0  9990
2 26411 130.5502 339.5201 5116824 178.4938   0.7804  0.44248282 20300
CLUSTER II-FM5 (RUMBA)  
1 26463U 00045A   19102.67113488  .00000152  00000-0  00000+0 0  9998
2 26463 134.1511 338.6553 4783495 177.4683   0.7341  0.44239408 21011
CLUSTER II-FM8 (TANGO)  
1 26464U 00045B   19099.07020973  .00000276  00000-0  00000+0 0  9991
2 26464 131.1565 338.3733 4114321 170.8666 199.7377  0.44219480 56338
ODIN                    
1 26702U 01007A   19100.47094782  .00000771  00000-0  54505-4 0  9995
2 26702  97.5778 119.2026 0009944 316.8508  43.1940 15.07769753991426
TIMED                   
1 26998U 01055B   19100.38590186  .00000105  00000-0  15474-4 0  9997
2 26998  74.0715  77.2390 0002629 270.0426  90.0454 14.88098219939977
RHESSI                  
1 27370U 02004A   19099.03483865  .00002412  00000-0  82421-4 0  9990
2 27370  38.0334 331.0748 0011751  12.1701 347.9351 15.31303815947535
INTEGRAL                
1 27540U 02048A   19098.38448316  .00000786  00000-0  00000+0 0  9996
2 27540  49.3313 148.8471 8745307 276.3639   3.9177  0.37585147 16763
CORIOLIS                
1 27640U 03001A   19099.92763752  .00000001  00000-0  21599-4 0  9993
2 27640  98.7348 110.8440 0013706 201.7068 218.0356 14.19005035841814
SORCE                   
1 27651U 03004A   19100.50527024  .00000169  00000-0  31733-4 0  9991
2 27651  39.9952 229.7673 0022951 214.7485 145.1806 14.88980526879523
MOST                    
1 27843U 03031D   19100.47768550 -.00000017  00000-0  12288-4 0  9998
2 27843  98.7131 109.0839 0008883 264.6242  95.3921 14.20587147817989
SCISAT 1                
1 27858U 03036A   19100.10540430  .00000045  00000-0  11427-4 0  9998
2 27858  73.9330 322.1353 0009149 269.8533  90.1593 14.77240840843510
SWIFT                   
1 28485U 04047A   19100.48805826  .00000998  00000-0  38178-4 0  9991
2 28485  20.5561 182.2052 0011199 330.1015  29.8779 15.04346192788057
FORMOSAT-3 FM6          
1 29047U 06011A   19099.95078362  .00000009  00000-0  19591-4 0  9996
2 29047  71.9771 276.7729 0049032  91.4798 269.1956 14.28671901679269
FORMOSAT-3 FM1          
1 29048U 06011B   19099.88751546  .00000070  00000-0  43834-4 0  9996
2 29048  71.9673 188.3233 0042401  46.6823 313.7835 14.28620315681744
FORMOSAT-3 FM5          
1 29049U 06011C   19100.40352862  .00000077  00000-0  46596-4 0  9991
2 29049  72.0223 356.4582 0033332  78.0024 282.4845 14.28707846677606
FORMOSAT-3 FM3          
1 29050U 06011D   19100.49987288  .00000166  00000-0  45300-4 0  9999
2 29050  72.0163 186.6592 0048918  31.5477 328.8592 14.58781503693143
FORMOSAT-3 FM4          
1 29051U 06011E   19100.48209933  .00000062  00000-0  40273-4 0  9992
2 29051  72.0044 259.1684 0069390 314.3511  45.1952 14.28734124680204
FORMOSAT-3 FM2          
1 29052U 06011F   19100.37222112  .00000090  00000-0  51602-4 0  9994
2 29052  72.0351 332.3075 0039103  37.1337 323.2493 14.28833476678510
CLOUDSAT                
1 29107U 06016A   19100.49586507  .00000099  00000-0  28900-4 0  9998
2 29107  98.1797  45.6421 0000850 358.8136   1.3063 14.62313356689067
CALIPSO                 
1 29108U 06016B   19099.87961702  .00000259  00000-0  60594-4 0  9995
2 29108  98.1813  44.8497 0001496  81.5453 278.5918 14.62293489688802
HINODE (SOLAR-B)        
1 29479U 06041A   19099.90560193  .00000063  00000-0  20780-4 0  9993
2 29479  98.1694 109.7996 0015773 298.4206  61.5407 14.64983001670265
SJ-6C                   
1 29505U 06046A   19100.41076589 -.00000065  00000-0 -61561-6 0  9996
2 29505  97.8280 110.3772 0004187  74.5154 285.6516 14.94726409678778
SJ-6D                   
1 29506U 06046B   19100.45038938  .00000678  00000-0  70011-4 0  9993
2 29506  97.8484 110.2950 0003769 113.7773 246.3847 14.93438740678396
AGILE                   
1 31135U 07013A   19099.55267412  .00002657  00000-0  48288-4 0  9998
2 31135   2.4684 351.6408 0012477 229.2627 130.6343 15.31472811297840
AIM                     
1 31304U 07015A   19099.81765856  .00000816  00000-0  50246-4 0  9994
2 31304  97.9663 319.8682 0006338  52.7258 307.4549 15.13018303654955
FGRST (GLAST)           
1 33053U 08029A   19100.50014187  .00000555  00000-0  15067-4 0  9998
2 33053  25.5820 175.2739 0012627  26.2821 333.8353 15.11205711597611
WISE                    
1 36119U 09071A   19100.08517136  .00000939  00000-0  35436-4 0  9995
2 36119  97.3802 135.7935 0004145 114.1557 246.0117 15.29510057517416
SDO                     
1 36395U 10005A   19099.56995080 -.00000048  00000-0  00000+0 0  9994
2 36395  29.6258 128.7494 0000965  17.6567 154.2779  1.00275387 33708
CRYOSAT 2               
1 36508U 10013A   19100.56041812 -.00000013  00000-0 -38386-5 0  9994
2 36508  92.0301   2.6504 0005070 238.6618 121.4094 14.52173824477288
X-SAT                   
1 37389U 11015C   19100.46648726 -.00000017  00000-0  10711-4 0  9995
2 37389  98.4923 166.4829 0015364 115.9072 244.3694 14.24369677414502
GCOM-W1 (SHIZUKU)       
1 38337U 12025A   19099.86565337  .00000064  00000-0  24297-4 0  9993
2 38337  98.2347  40.9756 0001204 125.0187 300.2436 14.57111147366725
NUSTAR                  
1 38358U 12031A   19100.06804648  .00001028  00000-0  34011-4 0  9995
2 38358   6.0257 183.9787 0011280 110.9007 249.2330 14.88129598371191
RBSP A                  
1 38752U 12046A   19100.16413698  .00005403  00000-0  75316-3 0  9994
2 38752   9.7237 245.6095 6954618  14.4491 358.0069  2.71591317 64667
RBSP B                  
1 38753U 12046B   19099.44039329  .00006210  00000-0  85729-3 0  9994
2 38753   9.9544 259.9020 6973732 347.0015   1.5285  2.69124196 64093
NEOSSAT                 
1 39089U 13009D   19100.48861212  .00000022  00000-0  23189-4 0  9996
2 39089  98.5020 305.2171 0012049 132.2721 227.9487 14.34459383320343
IRIS                    
1 39197U 13033A   19099.49478249  .00000088  00000-0  19181-4 0  9994
2 39197  97.9471 281.7264 0027427 193.5759 166.4717 14.78618023311826
HISAKI (SPRINT-A)       
1 39253U 13049A   19099.50672902  .00000097  00000-0  45596-4 0  9997
2 39253  29.7196 244.3226 0137459 337.4890  21.9695 13.55208266276009
CASSIOPE                
1 39265U 13055A   19100.20368215  .00003418  00000-0  96092-4 0  9993
2 39265  80.9704  47.5629 0670880 130.0595 236.1445 14.27132512285806
STSAT-3                 
1 39422U 13066G   19100.48398135 -.00000146  00000-0 -96796-5 0  9993
2 39422  97.5657 148.3225 0022576 192.2489 167.8198 14.89709227292522
SWARM B                 
1 39451U 13067A   19100.55148946  .00000531  00000-0  22021-4 0  9992
2 39451  87.7537  49.7791 0004060  79.6362 280.5341 15.21527225298555
SWARM A                 
1 39452U 13067B   19100.51338794  .00001437  00000-0  30832-4 0  9996
2 39452  87.3416 288.7783 0002258  88.8151 271.3365 15.43737418302268
SWARM C                 
1 39453U 13067C   19099.92988980  .00001373  00000-0  29382-4 0  9994
2 39453  87.3419 290.4274 0002286  87.6936 272.4582 15.43752792302092
BRITE-TORONTO           
1 40020U 14033L   19100.56335681  .00000060  00000-0  18670-4 0  9997
2 40020  97.7542 308.1996 0087942  17.9571 342.4707 14.66562251257164
OCO 2                   
1 40059U 14035A   19100.19382531  .00000031  00000-0  16855-4 0  9997
2 40059  98.2026  42.2116 0001342  83.4142 276.7210 14.57139713253797
BRITE-PL 2              
1 40119U 14049B   19100.22213700  .00000163  00000-0  25839-4 0  9992
2 40119  97.9033 191.4799 0018932  88.4680 271.8702 14.84385439251368
RESURS P2               
1 40360U 14087A   19100.46305447  .00000802  00000-0  27520-4 0  9997
2 40360  97.2570 192.4208 0007807 306.1450 182.6914 15.33023853239819
MMS 1                   
1 40482U 15011A   19099.58125000 -.00000002  00000-0  00000+0 0  9997
2 40482   8.6613 113.8306 9093941  16.2967  24.4352  0.28568847  9975
MMS 2                   
1 40483U 15011B   19085.34306829 -.00000932  00000-0  00000-0 0  9990
2 40483   7.2980 111.3661 9105217  18.4965   1.0002  0.28490635  9913
MMS 3                   
1 40484U 15011C   19085.34213184 -.00000931  00000-0  00000-0 0  9991
2 40484   7.3166 111.3582 9105621  18.4994   0.9371  0.28486062  9910
MMS 4                   
1 40485U 15011D   19099.58194444 -.00000002  00000-0  00000+0 0  9998
2 40485   8.6614 113.8207 9093381  16.3005  24.5290  0.28569613  9942
ASTROSAT                
1 40930U 15052A   19100.10258190  .00000759  00000-0  17520-4 0  9996
2 40930   5.9965 198.0940 0009013 246.8120 113.1058 14.76245843190923
DAMPE                   
1 41173U 15078A   19100.51526671  .00000154  00000-0  92883-5 0  9996
2 41173  97.3038 100.2704 0013672 349.4617 124.9098 15.23777175184310
PISAT                   
1 41784U 16059B   19100.40591456  .00000090  00000-0  26619-4 0  9997
2 41784  98.0764 162.1338 0030829 238.5996 121.2190 14.63415347135427
HXMT (HUIYAN)           
1 42758U 17034A   19100.47520318  .00000375  00000-0  37348-4 0  9996
2 42758  43.0171 256.2588 0010020 185.6659 232.7705 15.08556541100325
FLYING LAPTOP           
1 42831U 17042G   19100.13804130  .00000193  00000-0  24908-4 0  9993
2 42831  97.5726 355.9389 0012746 295.2310  64.7587 14.90975189 94575
PICSAT                  
1 43132U 18004X   19099.75279372  .00001696  00000-0  74285-4 0  9998
2 43132  97.4945 167.6920 0011064 133.9499 226.2653 15.23372082 68850
ZHANGZHENG-1 (CSES)     
1 43194U 18015C   19099.96397570  .00001412  00000-0  66605-4 0  9995
2 43194  97.3813 227.0578 0014973 185.5312 174.5760 15.21008114 65626
