ASTRA 1D                
1 23331U 94070A   19099.39844788 -.00000266  00000-0  00000+0 0  9995
2 23331   8.5119  44.8356 0004065 338.7089 244.2446  1.00273814 89831
ASTRA 1F                
1 23842U 96021A   19100.47667372  .00000134  00000-0  00000+0 0  9997
2 23842   0.0517  43.5711 0004608 325.6965  45.0309  1.00272563 84019
AMC-1 (GE-1)            
1 24315U 96054A   19098.63483609  .00000066  00000-0  00000+0 0  9996
2 24315   2.9703  81.4983 0002764 296.7608 275.9694  1.00271247 82688
AMC-2 (GE-2)            
1 24713U 97002A   19099.94847207 -.00000214  00000-0  00000+0 0  9991
2 24713   5.5570  62.5913 0005417 318.8598  73.0570  1.00272903 32007
AMC-3 (GE-3)            
1 24936U 97050A   19100.16639858 -.00000263  00000-0  00000+0 0  9993
2 24936   1.8115  88.7649 0002665 295.9231 161.3210  1.00270709 79123
NSS-5                   
1 24957U 97053A   19100.13631183  .00000105  00000-0  00000+0 0  9993
2 24957   5.1142  66.0178 0004645 321.6538 269.9770  1.00269643 78913
ASTRA 1G                
1 25071U 97076A   19100.04853164  .00000065  00000-0  00000+0 0  9996
2 25071   3.6894  75.5380 0003514 294.4281 262.7041  1.00270084 78210
ASTRA 2A                
1 25462U 98050A   19099.94149269 -.00000308  00000-0  00000-0 0  9995
2 25462   0.6174  98.4227 0002489 265.8002 272.5910  1.00269270 20046
ASTRA 1H                
1 25785U 99033A   19099.88016639 -.00000278  00000-0  00000-0 0  9998
2 25785   5.0969  66.1634 0003196 306.6774  74.7401  1.00274615 25091
AMC-4 (GE-4)            
1 25954U 99060A   19099.72314174  .00000084  00000-0  00000-0 0  9998
2 25954   0.0264 100.7386 0002556 265.0821 317.2743  1.00272804 17364
ASTRA 2B                
1 26494U 00054A   19100.25633880  .00000116  00000-0  00000+0 0  9997
2 26494   3.5843  76.1827 0005208 306.2771 287.4302  1.00274954 67913
AMC-7 (GE-7)            
1 26495U 00054B   19099.63817539  .00000085  00000-0  00000-0 0  9998
2 26495   0.3156  95.0248 0003102 294.5575 262.7404  1.00270933 67906
NSS-11 (AAP-1)          
1 26554U 00059A   19100.14406619  .00000021  00000-0  00000+0 0  9990
2 26554   0.0456  73.0654 0002897 299.7683  53.1197  1.00273076 67852
AMC-6 (GE-6)            
1 26580U 00067A   19100.16421767 -.00000220  00000-0  00000+0 0  9993
2 26580   0.0504  77.4587 0002457 300.6777 156.0842  1.00270869 67662
ASTRA 2D                
1 26638U 00081A   19100.21230028  .00000028  00000-0  00000+0 0  9992
2 26638   4.9335  66.9188 0001932 296.7687 276.0536  1.00272311 67064
AMC-8 (GE-8)            
1 26639U 00081B   19099.83476896  .00000100  00000-0  00000+0 0  9994
2 26639   0.0610  89.6115 0001552 239.6649  30.0091  1.00274057 66952
ASTRA 2C                
1 26853U 01025A   19100.11316505  .00000134  00000-0  00000+0 0  9992
2 26853   1.8373  88.4998 0002747 282.4827 251.4970  1.00273575 65253
ASTRA 3A                
1 27400U 02015B   19100.22508344 -.00000284  00000-0  00000+0 0  9994
2 27400   5.0756  65.6368 0002776 300.2670 226.3187  1.00273527 62398
NSS-7                   
1 27414U 02019A   19100.39214213 -.00000160  00000-0  00000+0 0  9993
2 27414   3.2888  79.4026 0002435 297.2803 302.8101  1.00272135 62231
NSS-6                   
1 27603U 02057A   19100.09077050 -.00000273  00000-0  00000+0 0  9993
2 27603   0.0438  98.3947 0001769 224.1565   3.1509  1.00270466 59775
AMC-11 (GE-11)          
1 28252U 04017A   19100.24273127  .00000064  00000-0  00000+0 0  9999
2 28252   0.0375  44.6748 0002809 341.5324 128.3459  1.00272536 54388
AMC-15                  
1 28446U 04041A   19100.18325525 -.00000093  00000-0  00000+0 0  9997
2 28446   0.0503  63.4275 0002559 316.1947 139.4089  1.00271635 53044
AMC-16                  
1 28472U 04048A   19100.16378149 -.00000211  00000-0  00000+0 0  9993
2 28472   0.0489  71.6071 0002469 293.6407 166.8258  1.00272373 52491
NSS-10 (AMC-12)         
1 28526U 05003A   19099.88609841 -.00000254  00000-0  00000-0 0  9995
2 28526   0.0284  98.3743 0002756 269.4687 111.5360  1.00271799 26837
ASTRA 1KR               
1 29055U 06012A   19100.32795948  .00000115  00000-0  00000+0 0  9994
2 29055   0.0490 265.3848 0001934  47.4307  22.6831  1.00270404 47421
AMC-18                  
1 29644U 06054B   19099.83015966  .00000101  00000-0  00000-0 0  9998
2 29644   0.0361  92.6548 0002014 310.6817 314.2926  1.00269824 45259
ASTRA 1L                
1 31306U 07016A   19100.32795948  .00000115  00000-0  00000+0 0  9991
2 31306   0.0632 300.2879 0004144  32.5855   2.6471  1.00269880 43715
ASTRA 4A (SIRIUS 4)     
1 32299U 07057A   19100.21922819  .00000028  00000-0  00000+0 0  9998
2 32299   0.0481  71.2383 0002950 301.1359 269.5138  1.00272728 41639
AMC-21                  
1 33275U 08038B   19099.65326576  .00000033  00000-0  00000-0 0  9993
2 33275   0.0474  65.7469 0002550 316.3564 285.7757  1.00272107 39164
ASTRA 1M                
1 33436U 08057A   19100.32795948  .00000115  00000-0  00000+0 0  9993
2 33436   0.0156 237.3016 0002411 184.7681 273.4640  1.00274805 38158
CIEL-2                  
1 33453U 08063A   19099.91309980  .00000054  00000-0  00000-0 0  9991
2 33453   0.0094 172.3073 0003021 214.1051  11.3103  1.00272384 37822
NSS-9                   
1 33749U 09008A   19100.50614875  .00000067  00000-0  00000+0 0  9992
2 33749   0.0501  62.2122 0002066 316.1021 185.4104  1.00273533 37240
SES-7 (PROTOSTAR 2)     
1 34941U 09027A   19100.48949740 -.00000350  00000-0  00000+0 0  9993
2 34941   0.1060  95.8924 0001815 232.4117 154.5907  1.00270051 36301
NSS-12                  
1 36032U 09058A   19100.13663760  .00000067  00000-0  00000+0 0  9991
2 36032   0.0499  69.1660 0002797 310.3643 284.7333  1.00271109 34616
SES-1                   
1 36516U 10016A   19099.65806375 -.00000117  00000-0  00000-0 0  9997
2 36516   0.0450  71.6563 0002420 304.8238 317.0264  1.00271318 32715
ASTRA 3B                
1 36581U 10021A   19100.35396521  .00000132  00000-0  00000+0 0  9997
2 36581   0.0457  52.9290 0003362 324.4942 331.7714  1.00273059 32334
SES-3                   
1 37748U 11035A   19098.58871179 -.00000104  00000-0  00000+0 0  9997
2 37748   0.0486  63.8257 0002037 314.0279 287.6181  1.00271618 28355
ASTRA 1N                
1 37775U 11041A   19099.82564392  .00000116  00000-0  00000+0 0  9990
2 37775   0.0515 346.1226 0005253  43.5880 124.5059  1.00274013 28070
SES-2                   
1 37809U 11049A   19100.45050295 -.00000201  00000-0  00000+0 0  9996
2 37809   0.0115 185.3134 0002596 182.8393 265.4160  1.00271156 27687
QUETZSAT 1              
1 37826U 11054A   19100.16535174 -.00000246  00000-0  00000+0 0  9992
2 37826   0.0504  65.5562 0002928 327.9932 147.0679  1.00269826 27773
SES-4                   
1 38087U 12007A   19100.22061207 -.00000173  00000-0  00000+0 0  9998
2 38087   0.0213 295.1688 0002312  87.1943 233.2033  1.00271976 26167
SES-5                   
1 38652U 12036A   19100.21922819  .00000029  00000-0  00000+0 0  9991
2 38652   0.0293 126.7694 0002041 249.4784 265.8182  1.00272383 24745
ASTRA 2F                
1 38778U 12051A   19100.14444528  .00000146  00000-0  00000+0 0  9995
2 38778   0.0641 232.7460 0001288  37.3135   8.2287  1.00274842 23966
SES-6                   
1 39172U 13026A   19100.45983719 -.00000266  00000-0  00000+0 0  9995
2 39172   0.0366 305.5677 0002182  61.1154 316.7622  1.00271882 21394
O3B FM5                 
1 39188U 13031A   19099.74244816 -.00000018  00000-0  00000-0 0  9991
2 39188   0.0569  23.6500 0002641   4.1111 332.2542  5.00116022105800
O3B FM4                 
1 39189U 13031B   19099.64399585 -.00000018  00000-0  00000-0 0  9995
2 39189   0.0457 355.7611 0002569  25.9636 338.2872  5.00115860105790
O3B FM2                 
1 39190U 13031C   19099.80889336 -.00000018  00000-0  00000-0 0  9993
2 39190   0.0466 349.2285 0007431   6.0373   4.7284  5.00115665105771
O3B PFM                 
1 39191U 13031D   19099.84315767 -.00000018  00000-0  00000-0 0  9990
2 39191   0.0510  17.4419 0006959   8.3780 334.2159  5.00112980105685
ASTRA 2E                
1 39285U 13056A   19098.60706644  .00000148  00000-0  00000+0 0  9994
2 39285   0.0862  56.7838 0002475 319.8967  66.8787  1.00271264 20257
SES-8                   
1 39460U 13071A   19099.94459522 -.00000273  00000-0  00000-0 0  9995
2 39460   0.0152 237.4177 0002397 171.0434 224.4713  1.00270403 18182
ASTRA 5B                
1 39617U 14011B   19099.89988168  .00000151  00000-0  00000-0 0  9995
2 39617   0.0673  71.3097 0003879 298.4716 183.5098  1.00269782 18340
O3B FM3                 
1 40079U 14038A   19099.74357160 -.00000018  00000-0  00000-0 0  9997
2 40079   0.0484   4.6268 0001914  75.6802 279.7157  5.00116035 81870
O3B FM7                 
1 40080U 14038B   19099.69335825 -.00000018  00000-0  00000-0 0  9997
2 40080   0.0465   3.0811 0002517  15.9613 340.9682  5.00116402 86658
O3B FM6                 
1 40081U 14038C   19099.70937437 -.00000018  00000-0  00000+0 0  9996
2 40081   0.0475   3.9936 0002569  16.6742 339.3437  5.00115440 86780
O3B FM8                 
1 40082U 14038D   19099.76024524 -.00000018  00000-0  00000-0 0  9998
2 40082   0.0457   0.8177 0002551  18.6767 340.5164  5.00115044 86741
O3B FM10                
1 40348U 14083A   19099.39389175 -.00000018  00000-0  00000-0 0  9998
2 40348   0.0462  14.9380 0002505   4.6987 340.3740  5.00114381 78698
O3B FM11                
1 40349U 14083B   19099.60970063 -.00000018  00000-0  00000-0 0  9995
2 40349   0.0509  13.6441 0002564 349.2663 357.0923  5.00115895 78700
O3B FM12                
1 40350U 14083C   19099.67694592 -.00000018  00000-0  00000-0 0  9994
2 40350   0.0500  12.8539 0002694   2.5621 344.5934  5.00115600 78717
O3B FM9                 
1 40351U 14083D   19097.66097315 -.00000018  00000-0  00000-0 0  9992
2 40351   0.0520  13.7731 0002546   3.3443 342.8921  5.00114633 78623
ASTRA 2G                
1 40364U 14089A   19100.14444528  .00000145  00000-0  00000+0 0  9991
2 40364   0.0470  43.1314 0004367 354.6075 240.5326  1.00271022 15694
SES-9                   
1 41380U 16013A   19100.48949740 -.00000350  00000-0  00000+0 0  9991
2 41380   0.0232 258.9877 0001715 149.5129  74.4416  1.00271413 11430
SES-10                  
1 42432U 17017A   19099.88025361 -.00000276  00000-0  00000-0 0  9998
2 42432   0.0115 229.2237 0002679 161.9800  56.6141  1.00269168  7430
SES-15                  
1 42709U 17026A   19100.15497067  .00000055  00000-0  00000+0 0  9997
2 42709   0.0135 213.2394 0000863 170.1106 101.3779  1.00271325  7860
SES-11 (ECHOSTAR 105)   
1 42967U 17063A   19100.56574059 -.00000095  00000-0  00000+0 0  9991
2 42967   0.0092 230.5958 0002195 143.1213 283.5004  1.00270820  5495
SES-14                  
1 43175U 18012B   19100.15396521 -.00000283  00000-0  00000+0 0  9998
2 43175   0.0136 223.0198 0000986 142.7026 200.2971  1.00268289  4744
O3B FM15                
1 43231U 18024A   19099.72691272 -.00000018  00000-0  00000-0 0  9992
2 43231   0.0430  16.5523 0002749   4.3261 339.1339  5.00115415 19825
O3B FM16                
1 43232U 18024B   19099.77646857 -.00000018  00000-0  00000-0 0  9997
2 43232   0.0397  20.0931 0003071 356.2895 343.6285  5.00115973 19832
O3B FM14                
1 43233U 18024C   19099.82598460 -.00000018  00000-0  00000-0 0  9990
2 43233   0.0382  20.6462 0003097 359.5811 339.7861  5.00115480 19833
O3B FM13                
1 43234U 18024D   19099.84315107 -.00000018  00000-0  00000-0 0  9998
2 43234   0.0279   5.5854 0005316  15.9343 338.5038  5.00112948 19812
SES-12                  
1 43488U 18049A   19100.05612117 -.00000274  00000-0  00000+0 0  9996
2 43488   0.0347   4.0466 0001407 198.6556 110.4994  1.00270719  3104
O3B FM20                
1 44112U 19020A   19099.69146893 -.00000016  00000-0  00000-0 0  9996
2 44112   0.0379 331.6757 0010787 177.6337 210.7537  5.12928729   259
O3B FM19                
1 44113U 19020B   19099.69367207 -.00000016  00000-0  00000-0 0  9991
2 44113   0.0382 324.9511 0007322 184.6279 210.4653  5.12698335   254
O3B FM17                
1 44114U 19020C   19099.69674890 -.00000016  00000-0  00000-0 0  9991
2 44114   0.0364 329.7209 0003546 149.7992 240.5164  5.12375714   254
O3B FM18                
1 44115U 19020D   19098.72337776 -.00000016  00000-0  00000-0 0  9994
2 44115   0.0408 334.8620 0000718  76.4860 308.6635  5.12090254   203
