LEMUR-1                 
1 40044U 14033AL  19099.91049322  .00000141  00000-0  28424-4 0  9991
2 40044  97.7676 330.2199 0058364 324.9837  34.7540 14.74075007257894
LEMUR-2-JOEL            
1 40932U 15052C   19100.07656620  .00000950  00000-0  41023-4 0  9992
2 40932   6.0070 180.0342 0014233 279.5982  80.2538 14.77812968191073
LEMUR-2-CHRIS           
1 40933U 15052D   19099.80809848  .00000888  00000-0  32332-4 0  9996
2 40933   6.0051 179.6710 0014967 281.7380  78.1069 14.77964724191058
LEMUR-2-JEROEN          
1 40934U 15052E   19092.71775610  .00006655  00000-0  82165-3 0  9995
2 40934   6.0058 247.3582 0010236 145.1885 214.9179 14.77497578189691
LEMUR-2-PETER           
1 40935U 15052F   19099.78633063  .00000938  00000-0  41091-4 0  9997
2 40935   6.0031 192.9644 0011001 250.2994 109.5946 14.77098072190911
LEMUR-2-XIAOQING        
1 41871U 16062C   19100.46280316  .00003036  00000-0  13195-3 0  9991
2 41871  51.6421 172.6446 0006139 110.2425 249.9214 15.25389090131947
LEMUR-2-SOKOLSKY        
1 41872U 16062D   19100.23893071  .00002095  00000-0  95900-4 0  9994
2 41872  51.6803 176.6750 0002594 207.7748 152.3093 15.25134397131899
LEMUR-2-ANUBHAVTHAKUR   
1 41873U 16062E   19099.44765632  .00001699  00000-0  85400-4 0  9999
2 41873  51.6655 186.2704 0004638  60.2345 299.9093 15.22961144131643
LEMUR-2-WINGO           
1 41874U 16062F   19100.20836157  .00002696  00000-0  12042-3 0  9997
2 41874  51.6566 176.8618 0012110  31.3441 328.8257 15.24876642131851
LEMUR-2-SATCHMO         
1 41991U 17008AV  19099.76585985  .00001459  00000-0  63070-4 0  9990
2 41991  97.4091 166.4142 0008674  45.4332 314.7612 15.24041500118563
LEMUR-2-MIA-GRACE       
1 41992U 17008AW  19100.48819187  .00002662  00000-0  10964-3 0  9997
2 41992  97.4098 167.7945 0008354  42.4298 317.7584 15.24953447118719
LEMUR-2-SMITA-SHARAD    
1 41993U 17008AX  19100.21149332  .00001661  00000-0  70994-4 0  9995
2 41993  97.4089 167.0306 0008561  43.5210 316.6701 15.24231645118640
LEMUR-2-SPIRE-MINIONS   
1 41994U 17008AY  19099.92025283  .00002458  00000-0  10162-3 0  9994
2 41994  97.4095 167.1526 0008422  43.5228 316.6673 15.24903289118624
LEMUR-2-RDEATON         
1 41995U 17008AZ  19100.18509994  .00001665  00000-0  70990-4 0  9997
2 41995  97.4091 167.0815 0009867  54.1764 306.0389 15.24295884119328
LEMUR-2-NOGUECORREIG    
1 41996U 17008BA  19100.37856121  .00002616  00000-0  10823-3 0  9991
2 41996  97.4112 167.6987 0009666  53.8707 306.3424 15.24815662118592
LEMUR-2-JOBANPUTRA      
1 41997U 17008BB  19099.91556847  .00002321  00000-0  95808-4 0  9991
2 41997  97.4108 167.3987 0009654  54.7510 305.4630 15.25010214118628
LEMUR-2-TACHIKOMA       
1 41998U 17008BC  19099.89637120  .00001585  00000-0  67932-4 0  9991
2 41998  97.4090 166.6937 0009821  55.6742 304.5423 15.24188802118515
LEMUR-2-ANGELA          
1 42752U 17019B   19100.39919329  .00002628  00000-0  10096-3 0  9991
2 42752  51.6399 102.6307 0009761 188.9425 171.1383 15.30145043102603
LEMUR-2-JENNYBARNA      
1 42753U 17019C   19100.49613875  .00003281  00000-0  11946-3 0  9991
2 42753  51.6385  99.5880 0009290 190.6739 169.4046 15.31112913102601
LEMUR-2-ROBMOORE        
1 42754U 17019D   19100.43692366  .00001828  00000-0  74219-4 0  9996
2 42754  51.6387 102.8656 0009673 190.9047 169.1725 15.30039695102585
LEMUR-2-SPIROVISION     
1 42755U 17019E   19100.41561433  .00003564  00000-0  12847-3 0  9992
2 42755  51.6419 100.2051 0010213 193.0408 318.5908 15.31176941102502
LEMUR-2-SHAINAJOHL      
1 42771U 17036G   19100.54894931  .00002235  00000-0  10094-3 0  9991
2 42771  97.3596 159.2807 0016443 102.6881 257.6195 15.21888265 99715
LEMUR-2-XUENITERENCE    
1 42772U 17036H   19100.12283149  .00002216  00000-0  99651-4 0  9995
2 42772  97.3578 158.8953 0015956 103.2614 257.0403 15.22041779 99653
LEMUR-2-LUCYBRYCE       
1 42773U 17036J   19100.40460176  .00001399  00000-0  63714-4 0  9996
2 42773  97.3617 159.5152 0015897 101.5866 258.7155 15.22213482 99712
LEMUR-2-KUNGFOO         
1 42774U 17036K   19099.90081325  .00001878  00000-0  84960-4 0  9992
2 42774  97.3602 158.7799 0015806 103.8222 256.4774 15.22033240 99619
LEMUR-2-LYNSEY-SYMO     
1 42779U 17036Q   19099.91541749  .00002944  00000-0  12714-3 0  9991
2 42779  97.3614 159.7377 0013822 110.6098 249.6623 15.23202044 99666
LEMUR-2-LISASAURUS      
1 42780U 17036R   19100.14935999  .00002039  00000-0  90336-4 0  9997
2 42780  97.3600 159.6729 0013895 110.1650 250.1082 15.22673248 99698
LEMUR-2-SAM-AMELIA      
1 42781U 17036S   19099.39203362  .00001391  00000-0  62107-4 0  9999
2 42781  97.3620 159.1941 0013885 112.0880 248.1833 15.22931556 99585
LEMUR-2-MCPEAKE         
1 42782U 17036T   19099.93637251  .00001848  00000-0  81606-4 0  9990
2 42782  97.3615 159.7022 0013499 110.1566 250.1124 15.22906741 99660
LEMUR-2-GREENBERG       
1 42837U 17042N   19100.22264319  .00000427  00000-0  47697-4 0  9998
2 42837  97.5739 356.6214 0011689 291.9386  68.0590 14.91795576 94630
LEMUR-2-ANDIS           
1 42838U 17042P   19100.21243894  .00000508  00000-0  55673-4 0  9996
2 42838  97.5739 356.6330 0011803 291.8181  68.1782 14.91816860 94634
LEMUR-2-MONSON          
1 42839U 17042Q   19099.95713597  .00000239  00000-0  29140-4 0  9998
2 42839  97.5742 356.3584 0011521 292.1847  67.8150 14.91669553 94592
LEMUR-2-FURIAUS         
1 42840U 17042R   19100.17585241  .00000553  00000-0  60062-4 0  9997
2 42840  97.5740 356.6757 0011647 291.4054  68.5922 14.91831514 94625
LEMUR-2-PETERG          
1 42841U 17042S   19099.90215788  .00000398  00000-0  44514-4 0  9993
2 42841  97.5745 356.5878 0011178 290.2135  69.7883 14.92033838 94601
LEMUR-2-DEMBITZ         
1 42842U 17042T   19100.16245755  .00000314  00000-0  36207-4 0  9990
2 42842  97.5742 356.8430 0011307 289.9754  70.0247 14.92057895 94644
LEMUR-2-ZACHARY         
1 42845U 17042W   19100.27475735  .00000478  00000-0  52093-4 0  9990
2 42845  97.5688 356.7396 0011612 293.3692  66.6305 14.92293553 94666
LEMUR-2-ARTFISCHER      
1 42881U 17042BJ  19100.44180501  .00006168  00000-0  16550-3 0  9992
2 42881  96.9490 346.4781 0013908 106.0878 254.1901 15.38193532 97273
LEMUR-2-ROCKETJONAH     
1 43041U 17071E   19099.86096442  .00008728  00000-0  20513-3 0  9994
2 43041  51.6397  29.8861 0001222 117.0087 243.1023 15.42808445 77662
LEMUR-2-YONGLIN         
1 43045U 17071J   19100.19620136  .00010793  00000-0  24544-3 0  9993
2 43045  51.6402  26.9018 0003305 253.5575 106.5048 15.43527761 75451
LEMUR-2-KEVIN           
1 43046U 17071K   19100.20944156  .00008640  00000-0  20525-3 0  9990
2 43046  51.6404  28.5036 0003008 247.7430 112.3237 15.42497375 75447
LEMUR-2-BRIANDAVIE      
1 43047U 17071L   19099.90315553  .00008231  00000-0  19612-3 0  9999
2 43047  51.6394  30.8953 0002080 305.1904  54.8887 15.42477520 75377
LEMUR-2-ROMACOSTE       
1 43048U 17071M   19099.90314871  .00009796  00000-0  22799-3 0  9999
2 43048  51.6400  30.1848 0002087 304.8530  55.2259 15.42948297 75383
LEMUR-2-MCCULLAGH       
1 43051U 17071Q   19100.32677718  .00010133  00000-0  23586-3 0  9996
2 43051  51.6404  27.7571 0001762  73.5284 286.5895 15.42902922 75404
LEMUR-2-DUNLOP          
1 43053U 17071S   19100.08115367  .00009585  00000-0  22916-3 0  9993
2 43053  51.6392  30.5751 0001838  75.6296 284.4894 15.42163004 75354
LEMUR-2-LIU-POU-CHUN    
1 43054U 17071T   19099.22540076  .00008225  00000-0  19450-3 0  9995
2 43054  51.6396  33.1471 0000951 113.9982 246.1103 15.42707175 75249
LEMUR-2-MCCAFFERTY      
1 43123U 18004N   19099.94402252  .00002114  00000-0  90323-4 0  9991
2 43123  97.4950 168.0761 0011177 131.5011 228.7187 15.23935988 68896
LEMUR-2-PETERWEBSTER    
1 43124U 18004P   19100.17274490  .00002947  00000-0  12534-3 0  9992
2 43124  97.4948 168.2305 0011385 130.5734 229.6496 15.23767215 68925
LEMUR-2-BROWNCOW        
1 43125U 18004Q   19100.45995486  .00003926  00000-0  16470-3 0  9990
2 43125  97.4946 168.6056 0011254 130.5701 229.6517 15.24035568 68979
LEMUR-2-DAVEWILSON      
1 43126U 18004R   19099.88207748  .00003126  00000-0  13225-3 0  9999
2 43126  97.4951 168.0077 0011207 132.6644 227.5539 15.23906890 68885
LEMUR-2-MARSHALL        
1 43165U 18010C   19100.45741276  .00002723  00000-0  12519-3 0  9991
2 43165  82.9163  83.0771 0033324 122.1405 238.3072 15.19398967 67440
LEMUR-2-TALLHAMN-ATC    
1 43167U 18010E   19099.93706140  .00001454  00000-0  70343-4 0  9994
2 43167  82.9189  84.9194 0026324 132.0819 228.2661 15.17429128 67286
LEMUR-2-JIN-LUEN        
1 43182U 18014C   19100.18761347  .00000111  00000-0  14959-4 0  9995
2 43182  97.7077   8.9504 0012774 239.5746 120.4214 14.96188596 64719
LEMUR-2-URAMCHANSOL     
1 43183U 18014D   19100.31053915  .00000504  00000-0  49757-4 0  9996
2 43183  97.7079   9.0934 0012474 238.9285 121.0713 14.96236817 64732
LEMUR-2-KADI            
1 43184U 18014E   19100.17008465  .00000898  00000-0  84600-4 0  9993
2 43184  97.7081   8.9727 0012378 240.0028 119.9966 14.96263378 64712
LEMUR-2-THENICKMOLO     
1 43185U 18014F   19099.89716280  .00001046  00000-0  97701-4 0  9993
2 43185  97.7080   8.7166 0012137 241.5199 118.4800 14.96243431 64679
LEMUR-2-VU              
1 43558U 18046E   19099.84206387  .00003326  00000-0  12888-3 0  9994
2 43558  51.6421  31.0700 0007628 176.8185 183.2845 15.28990694 40879
LEMUR-2-ALEXANDER       
1 43559U 18046F   19100.23054013  .00004065  00000-0  15431-3 0  9996
2 43559  51.6416  29.1648 0007708 178.4821 181.6183 15.29071401 40714
LEMUR-2-YUASA           
1 43560U 18046G   19099.91012268  .00002455  00000-0  98463-4 0  9994
2 43560  51.6422  30.7681 0007656 191.1986 168.8824 15.28978599 40884
LEMUR-2-TOMHENDERSON    
1 43561U 18046H   19099.90660944  .00002248  00000-0  91200-4 0  9996
2 43561  51.6422  30.7466 0007614 191.8676 168.2126 15.28990900 40444
LEMUR-2-ZUPANSKI        
1 43695U 18088F   19100.43762086  .00002948  00000-0  13411-3 0  9995
2 43695  85.0356   3.9148 0019968  97.7466 262.6043 15.20088957 22803
LEMUR-2-CHANUSIAK       
1 43697U 18088H   19100.42749670  .00002973  00000-0  13234-3 0  9991
2 43697  85.0417   3.9297 0018661  82.5684 277.7677 15.20853026 22842
LEMUR-2-ORZULAK         
1 43731U 18096N   19100.44218417  .00002731  00000-0  10521-3 0  9999
2 43731  97.4662 170.6082 0020206 216.0708 270.4396 15.27051600 20170
LEMUR-2-KOBYSZCZE       
1 43732U 18096P   19100.56286265  .00003087  00000-0  11812-3 0  9998
2 43732  97.4656 170.7456 0020357 215.7830 251.9041 15.27169658 20195
LEMUR-2-DULY            
1 43745U 18096AC  19100.50594300  .00003081  00000-0  11812-3 0  9992
2 43745  97.4663 170.6754 0020185 215.7936 270.1202 15.27110881 20199
LEMUR-2-VLADIMIR        
1 43746U 18096AD  19100.43395161  .00003214  00000-0  12268-3 0  9993
2 43746  97.4653 170.6167 0020309 216.3756 274.2546 15.27217770 20205
LEMUR-2-CHRISTINAHOLT   
1 43882U 18111G   19100.53047469  .00000501  00000-0  49309-4 0  9991
2 43882  97.7237   9.6228 0010364 255.9914 104.0155 14.96436348 13602
LEMUR-2-TINYKEV         
1 43883U 18111H   19100.52737571  .00000587  00000-0  56821-4 0  9992
2 43883  97.7241   9.6310 0010270 256.0656 103.9423 14.96486364 13600
LEMUR-2-REMY-COLTON     
1 43884U 18111J   19100.52589438  .00000286  00000-0  30316-4 0  9997
2 43884  97.7244   9.6370 0010095 256.2884 103.7214 14.96493412 13608
LEMUR-2-GUSTAVO         
1 43885U 18111K   19100.52136229  .00000095  00000-0  13461-4 0  9994
2 43885  97.7248   9.6467 0010077 254.7192 105.2916 14.96553604 13601
LEMUR-2-ZO              
1 43886U 18111L   19100.51572206  .00000238  00000-0  26003-4 0  9998
2 43886  97.7256   9.6602 0009854 253.7169 106.2969 14.96635718 13613
LEMUR-2-NATALIEMURRAY   
1 43887U 18111M   19099.84017142  .00000766  00000-0  72012-4 0  9992
2 43887  97.7257   9.0086 0009826 254.6927 105.3208 14.96752585 15504
LEMUR-2-SARAHBETTYBOO   
1 43888U 18111N   19100.50433955  .00000926  00000-0  85897-4 0  9996
2 43888  97.7264   9.6840 0009796 250.5310 109.4854 14.96815295 15605
LEMUR-2-DAISY-HARPER    
1 43889U 18111P   19099.89912181  .00001259  00000-0  11477-3 0  9991
2 43889  97.7262   9.0929 0009737 252.3968 107.6190 14.96876817 15509
