TDRS 3                  
1 19548U 88091B   19100.41322729 -.00000300  00000-0  00000+0 0  9997
2 19548  14.3609   1.4096 0036620 322.2134 334.6023  1.00268763 99042
HST                     
1 20580U 90037B   19100.01211806  .00000540  00000-0  21998-4 0  9996
2 20580  28.4699 312.6851 0002871  94.2273 138.4429 15.09202347390350
TDRS 5                  
1 21639U 91054B   19100.21730344  .00000085  00000-0  00000+0 0  9997
2 21639  14.6663  14.6876 0025063 349.0258 104.9988  1.00275966101386
TDRS 6                  
1 22314U 93003B   19100.41374793 -.00000294  00000-0  00000+0 0  9991
2 22314  14.2613  17.7503 0006644 356.9110 286.5514  1.00265196 96050
TDRS 7                  
1 23613U 95035B   19100.00392854 -.00000200  00000-0  00000+0 0  9991
2 23613  14.3811   8.4479 0037306  31.2692 244.3976  1.00272384 86825
ISS (ZARYA)             
1 25544U 98067A   19100.51130735  .00003750  00000-0  67518-4 0  9992
2 25544  51.6408 337.6362 0001723 162.3949 267.0952 15.52522386164745
LANDSAT 7               
1 25682U 99020A   19100.36741670  .00000007  00000-0  11462-4 0  9993
2 25682  98.1345 169.4035 0001836  89.7081 270.4337 14.57149412 63029
TERRA                   
1 25994U 99068A   19100.17923471  .00000007  00000-0  11598-4 0  9991
2 25994  98.2057 175.7352 0000968  90.9535 269.1789 14.57113139 27079
TDRS 8                  
1 26388U 00034A   19100.00426535 -.00000232  00000-0  00000+0 0  9997
2 26388   8.5583  50.6199 0015943 297.8967 300.1641  1.00276370 68845
TIMED                   
1 26998U 01055B   19100.38590186  .00000105  00000-0  15474-4 0  9997
2 26998  74.0715  77.2390 0002629 270.0426  90.0454 14.88098219939977
TDRS 9                  
1 27389U 02011A   19100.39355090 -.00000285  00000-0  00000+0 0  9993
2 27389   6.5999  71.5390 0021844 265.4039 300.9553  1.00216994 64111
AQUA                    
1 27424U 02022A   19100.22505198  .00000080  00000-0  27762-4 0  9994
2 27424  98.2052  42.1406 0000567 249.1196 248.3847 14.57115548900684
TDRS 10                 
1 27566U 02055A   19100.50553863  .00000090  00000-0  00000+0 0  9992
2 27566   6.1647  55.5366 0010242 283.4911 230.1611  1.00271046 59907
SORCE                   
1 27651U 03004A   19100.50527024  .00000169  00000-0  31733-4 0  9991
2 27651  39.9952 229.7673 0022951 214.7485 145.1806 14.88980526879523
AURA                    
1 28376U 04026A   19099.86108247  .00000078  00000-0  27353-4 0  9991
2 28376  98.2055  43.9453 0001143  95.5705 264.5624 14.57122903783679
SWIFT                   
1 28485U 04047A   19100.48805826  .00000998  00000-0  38178-4 0  9991
2 28485  20.5561 182.2052 0011199 330.1015  29.8779 15.04346192788057
THEMIS A                
1 30580U 07004A   19099.76729994 -.00000470  00000-0  00000+0 0  9999
2 30580   8.9376 105.7575 8369756 285.1779   4.8337  0.87838068 42889
THEMIS D                
1 30797U 07004D   19100.15272117 -.00000577  00000-0  00000+0 0  9993
2 30797   6.9395  61.6083 8537421 336.0563   0.7556  0.75223301 42899
THEMIS E                
1 30798U 07004E   19099.48462130 -.00000503  00000-0  00000+0 0  9992
2 30798   6.1990  82.6929 8413125 315.2226   2.0850  0.81733257 43036
AIM                     
1 31304U 07015A   19099.81765856  .00000816  00000-0  50246-4 0  9994
2 31304  97.9663 319.8682 0006338  52.7258 307.4549 15.13018303654955
FGRST (GLAST)           
1 33053U 08029A   19100.50014187  .00000555  00000-0  15067-4 0  9998
2 33053  25.5820 175.2739 0012627  26.2821 333.8353 15.11205711597611
WISE                    
1 36119U 09071A   19100.08517136  .00000939  00000-0  35436-4 0  9995
2 36119  97.3802 135.7935 0004145 114.1557 246.0117 15.29510057517416
TDRS 11                 
1 39070U 13004A   19099.79835839  .00000073  00000-0  00000-0 0  9997
2 39070   4.4712 329.4219 0002978  23.9737 317.4226  1.00276733 22655
TDRS 12                 
1 39504U 14004A   19100.45974997 -.00000278  00000-0  00000+0 0  9992
2 39504   5.2006 336.4516 0001576  19.0933 327.2670  1.00265828 19131
GPM-CORE                
1 39574U 14009C   19100.22317661  .00004532  00000-0  69948-4 0  9995
2 39574  65.0074 188.4892 0012060 289.3191  70.6650 15.55544296290511
MMS 1                   
1 40482U 15011A   19099.58125000 -.00000002  00000-0  00000+0 0  9997
2 40482   8.6613 113.8306 9093941  16.2967  24.4352  0.28568847  9975
MMS 2                   
1 40483U 15011B   19085.34306829 -.00000932  00000-0  00000-0 0  9990
2 40483   7.2980 111.3661 9105217  18.4965   1.0002  0.28490635  9913
MMS 3                   
1 40484U 15011C   19085.34213184 -.00000931  00000-0  00000-0 0  9991
2 40484   7.3166 111.3582 9105621  18.4994   0.9371  0.28486062  9910
MMS 4                   
1 40485U 15011D   19099.58194444 -.00000002  00000-0  00000+0 0  9998
2 40485   8.6614 113.8207 9093381  16.3005  24.5290  0.28569613  9942
TDRS 13                 
1 42915U 17047A   19099.96312770 -.00000108  00000-0  00000+0 0  9992
2 42915   6.2258 330.6040 0015476  74.6897 127.8487  1.00272280  6056
JPSS-1                  
1 43013U 17073A   19100.52301932  .00000015  00000-0  27887-4 0  9997
2 43013  98.7156  39.7503 0001451  96.6208 263.5134 14.19552160 72094
