SOYUZ-MS 12             
1 44069U 19013A   19099.54722625  .00002695  00000-0  50663-4 0  9994
2 44069  51.6417 342.4291 0001930 164.1380 273.4720 15.52510928164598
WGS 10 (USA 291)        
1 44071U 19014A   19099.30743756 -.00000035  00000-0  00000-0 0  9993
2 44071   0.1941 279.1329 2051285 273.3085 353.6525  1.00184876   304
PRISMA                  
1 44072U 19015A   19099.55779906 -.00000053  00000-0  00000+0 0  9997
2 44072  97.8994 175.0772 0002590 110.1577 249.9898 14.83534260  2739
R3D2                    
1 44073U 19016A   19100.46749325 -.00000229  00000-0  00000+0 0  9999
2 44073  39.5223  19.6375 0015307  18.2217 341.7150 15.45589704  1923
ELECTRON R/B            
1 44074U 19016B   19099.93969389  .00012724  00000-0  24758-3 0  9995
2 44074  39.5154  22.6952 0014498  12.5786 347.5379 15.47091156  1850
ELECTRON R/B            
1 44075U 19016C   19100.03105288  .01559370  60138-5  96592-3 0  9992
2 44075  39.4970  16.9591 0099940 359.8339   2.0751 16.06329771  1925
TIANLIAN 2-01           
1 44076U 19017A   19091.37209804  .00000140 -39241-6  00000-0 0  9993
2 44076  27.1262  63.6117 7304492 179.8045 210.9439  2.28046949    13
CZ-3B R/B               
1 44077U 19017B   19098.13544491  .00015200  13366-5  95447-3 0  9992
2 44077  27.1130  61.6076 7258129 183.2829 166.0269  2.34219808   176
EMISAT                  
1 44078U 19018A   19100.42594042 -.00000003  00000-0  11896-4 0  9996
2 44078  98.3838 160.8840 0016606 228.9551 131.0205 14.43330414  1338
FLOCK 4A-1              
1 44079U 19018B   19100.48222363  .00000860  00000-0  41752-4 0  9991
2 44079  97.4636 160.9518 0011780 240.2200 119.7865 15.21108292  1388
FLOCK 4A-2              
1 44080U 19018C   19100.48198951  .00001552  00000-0  72729-4 0  9995
2 44080  97.4638 160.9524 0011949 241.2264 118.7772 15.21153172  1380
FLOCK 4A-3              
1 44081U 19018D   19100.35001878  .00000943  00000-0  45347-4 0  9992
2 44081  97.4638 160.8225 0012009 243.3423 116.6583 15.21215165  1373
FLOCK 4A-4              
1 44082U 19018E   19100.48149006  .00001018  00000-0  48667-4 0  9995
2 44082  97.4638 160.9533 0012139 243.3793 116.6199 15.21232839  1382
ASTROCAST 0.2           
1 44083U 19018F   19100.41533618  .00000981  00000-0  46980-4 0  9999
2 44083  97.4762 160.9200 0012431 248.2472 111.7440 15.21291734  1389
LEMUR-2-JOHANLORAN      
1 44084U 19018G   19100.15186572  .00002734  00000-0  12491-3 0  9991
2 44084  97.4634 160.6280 0012259 247.0129 112.9814 15.21369141  1338
LEMUR-2-BEAUDACIOUS     
1 44085U 19018H   19100.15163434  .00002368  00000-0  10853-3 0  9997
2 44085  97.4634 160.6287 0012205 248.0113 111.9827 15.21406027  1339
LEMUR-2-ELHAM           
1 44086U 19018J   19100.48038644  .00003161  00000-0  14370-3 0  9998
2 44086  97.4638 160.9553 0012359 247.0590 112.9342 15.21428615  1386
LEMUR-2-VICTOR-ANDREW   
1 44087U 19018K   19100.48000717  .00003055  00000-0  13871-3 0  9996
2 44087  97.4638 160.9556 0012262 248.3355 111.6575 15.21491280  1399
FLOCK 4A-17             
1 44088U 19018L   19100.34847368  .00001247  00000-0  58513-4 0  9997
2 44088  97.4644 160.8255 0012501 249.7756 110.2136 15.21477075  1369
FLOCK 4A-18             
1 44089U 19018M   19100.47985975  .00000711  00000-0  34715-4 0  9992
2 44089  97.4645 160.9564 0012506 249.9505 110.0385 15.21496096  1384
FLOCK 4A-19             
1 44090U 19018N   19100.54537293  .00001463  00000-0  67968-4 0  9999
2 44090  97.4643 161.0215 0012483 250.6457 109.3429 15.21544319  1391
FLOCK 4A-20             
1 44091U 19018P   19100.41351448  .00001510  00000-0  69966-4 0  9995
2 44091  97.4645 160.8919 0012444 252.7315 107.2559 15.21598960  1375
FLOCK 4A-8              
1 44092U 19018Q   19100.41242927  .00001101  00000-0  51590-4 0  9997
2 44092  97.4644 160.8930 0009764 254.0690 105.9470 15.21776943  1376
FLOCK 4A-7              
1 44093U 19018R   19100.41220779  .00001649  00000-0  75671-4 0  9992
2 44093  97.4647 160.8937 0009800 254.8078 105.2074 15.21818645  1375
FLOCK 4A-6              
1 44094U 19018S   19100.47774019  .00001134  00000-0  52958-4 0  9992
2 44094  97.4644 160.9589 0009807 255.9037 104.1109 15.21850459  1399
FLOCK 4A-5              
1 44095U 19018T   19100.14873198  .00001263  00000-0  58532-4 0  9992
2 44095  97.4646 160.6334 0009812 258.3085 101.7050 15.21894759  1336
FLOCK 4A-11             
1 44096U 19018U   19100.14851322  .00001239  00000-0  57453-4 0  9992
2 44096  97.4644 160.6333 0009894 259.8584 100.1536 15.21930841  1339
FLOCK 4A-10             
1 44097U 19018V   19100.47692442  .00001710  00000-0  77963-4 0  9997
2 44097  97.4640 160.9594 0009996 259.5244 100.4866 15.21991580  1382
FLOCK 4A-9              
1 44098U 19018W   19100.14795341  .00001439  00000-0  66004-4 0  9996
2 44098  97.4644 160.6341 0010022 262.2923  97.7175 15.22030006  1335
FLOCK 4A-16             
1 44099U 19018X   19100.47645358  .00000962  00000-0  45132-4 0  9994
2 44099  97.4641 160.9601 0010221 262.1190  97.8886 15.22061033  1380
FLOCK 4A-15             
1 44100U 19018Y   19100.14759334  .00000822  00000-0  38956-4 0  9992
2 44100  97.4640 160.6340 0010376 264.0560  95.9493 15.22084724  1332
FLOCK 4A-14             
1 44101U 19018Z   19100.41015450  .00000817  00000-0  38687-4 0  9992
2 44101  97.4638 160.8952 0010632 264.3555  95.6468 15.22152268  1386
FLOCK 4A-13             
1 44102U 19018AA  19100.47570135  .00000904  00000-0  42419-4 0  9990
2 44102  97.4636 160.9604 0010851 264.6063  95.3935 15.22184437  1389
AISTECHSAT 3            
1 44103U 19018AB  19100.40816254  .00001216  00000-0  55506-4 0  9997
2 44103  97.4641 160.8981 0012010 269.8680  90.1180 15.22485984  1379
AIS & APRS & ARIS & R/B 
1 44104U 19018AC  19100.16554843  .00000984  00000-0  34696-4 0  9992
2 44104  97.5173 160.7707 0058072 314.2261  45.4218 15.30330793  1375
BLUEWALKER 1            
1 44105U 19018AD  19100.16483616  .00001385  00000-0  47475-4 0  9997
2 44105  97.5265 160.7834 0058118 319.5571  40.1356 15.30461255  1375
FLOCK 4A-12             
1 44108U 19018AE  19100.43411964  .00001912  00000-0  86966-4 0  9991
2 44108  97.4646 160.9165 0009831 257.7369 225.5677 15.21921489  1280
M6P                     
1 44109U 19018AF  19100.18200105  .00001922  00000-0  66564-4 0  9990
2 44109  97.5143 160.7734 0060244 311.7344 114.0902 15.29469165  1170
PROGRESS-MS 11          
1 44110U 19019A   19099.54722625  .00002695  00000-0  50663-4 0  9997
2 44110  51.6417 342.4291 0001930 164.1380 273.4720 15.52510928164595
SL-4 R/B                
1 44111U 19019B   19097.14506545  .13505106  12580-4  28027-3 0  9990
2 44111  51.6476 352.8215 0002964 103.1589 257.2581 16.46887970   439
O3B FM20                
1 44112U 19020A   19099.69146893 -.00000016  00000-0  00000-0 0  9996
2 44112   0.0379 331.6757 0010787 177.6337 210.7537  5.12928729   259
O3B FM19                
1 44113U 19020B   19099.69367207 -.00000016  00000-0  00000-0 0  9991
2 44113   0.0382 324.9511 0007322 184.6279 210.4653  5.12698335   254
O3B FM17                
1 44114U 19020C   19099.69674890 -.00000016  00000-0  00000-0 0  9991
2 44114   0.0364 329.7209 0003546 149.7992 240.5164  5.12375714   254
O3B FM18                
1 44115U 19020D   19098.72337776 -.00000016  00000-0  00000-0 0  9994
2 44115   0.0408 334.8620 0000718  76.4860 308.6635  5.12090254   203
FREGAT R/B              
1 44116U 19020E   19094.89148573 -.00000020  00000-0  00000+0 0  9998
2 44116   0.0543 327.1757 0058215 216.9262 310.5736  5.16618623    04
