APRIZESAT 2             
1 28366U 04025A   19100.19876458  .00000015  00000-0  19116-4 0  9993
2 28366  98.3073   2.4069 0106722 228.2282 130.9748 14.36670441774648
SAUDICOMSAT 1           
1 28369U 04025D   19100.38354652  .00000050  00000-0  23353-4 0  9991
2 28369  98.2838  50.3471 0034284 144.4885 215.8602 14.52485199782912
SAUDICOMSAT 2           
1 28370U 04025E   19100.07862851  .00000043  00000-0  23865-4 0  9994
2 28370  98.3810  45.6481 0056759 296.5211  63.0169 14.47422313780200
APRIZESAT 1             
1 28372U 04025G   19099.85249665 -.00000001  00000-0  11759-4 0  9995
2 28372  98.3390  47.1869 0045461 225.5403 134.2069 14.49582745781428
NANOSAT-1               
1 28493U 04049B   19100.22923109  .00000094  00000-0  22332-4 0  9991
2 28493  98.1374 184.1715 0005621  61.3358 298.8414 14.73490173768418
SAUDICOMSAT 7           
1 31119U 07012C   19099.98612789  .00000063  00000-0  21786-4 0  9990
2 31119  98.0435  51.2427 0060928 140.4842 220.0826 14.61716901638637
SAUDICOMSAT 6           
1 31121U 07012E   19100.39878398  .00000057  00000-0  21907-4 0  9999
2 31121  98.1025  45.7139 0075754 217.7426 141.8446 14.58517712637321
SAUDICOMSAT 5           
1 31124U 07012H   19100.10940986  .00000053  00000-0  19107-4 0  9999
2 31124  98.0060  54.6768 0053031 100.6446 260.0735 14.63416756639357
SAUDICOMSAT 3           
1 31125U 07012J   19100.13814250  .00000083  00000-0  23936-4 0  9995
2 31125  97.9662  58.2391 0044604  62.2937 298.2782 14.65158560640074
SAUDICOMSAT 4           
1 31127U 07012L   19100.45092849  .00000065  00000-0  22778-4 0  9997
2 31127  98.0732  49.0805 0068108 175.9196 184.2574 14.60230529638057
APRIZESAT 4             
1 35684U 09041D   19100.17266066  .00000088  00000-0  19241-4 0  9992
2 35684  98.2184  62.9030 0048286 126.6633 233.9030 14.79195092522988
APRIZESAT 3             
1 35686U 09041F   19100.07081328  .00000091  00000-0  16466-4 0  9999
2 35686  98.2426 136.9696 0073468  23.5230 336.9316 14.87288815525560
AISSAT 1                
1 36797U 10035C   19100.15466935  .00000214  00000-0  30988-4 0  9990
2 36797  98.1095 233.7201 0011132   5.3642 354.7689 14.86155396473613
S-NET D                 
1 43186U 18014G   19100.49381519  .00000816  00000-0  76645-4 0  9994
2 43186  97.7136   9.9391 0009689 231.8646 128.1703 14.96608863 64788
S-NET B                 
1 43187U 18014H   19100.49364735  .00000819  00000-0  76912-4 0  9996
2 43187  97.7134   9.9290 0009691 231.7970 128.2380 14.96608804 64784
S-NET A                 
1 43188U 18014J   19100.29284698  .00000790  00000-0  74423-4 0  9997
2 43188  97.7136   9.7455 0009679 232.6494 127.3846 14.96608339 64752
S-NET C                 
1 43189U 18014K   19100.56060849  .00000812  00000-0  76303-4 0  9992
2 43189  97.7134   9.9928 0009687 231.5564 128.4788 14.96608522 63348
