PSUADE_IO (Note : inputs not true inputs if pdf ~=U)
2 1 625
1 1
  0.0000000000000000e+00
  0.0000000000000000e+00
 -0.0000000000000000e+00
2 1
  2.9166666666666664e-02
  0.0000000000000000e+00
 -0.0000000000000000e+00
3 1
  5.8333333333333327e-02
  0.0000000000000000e+00
 -0.0000000000000000e+00
4 1
  8.7499999999999994e-02
  0.0000000000000000e+00
 -0.0000000000000000e+00
5 1
  1.1666666666666665e-01
  0.0000000000000000e+00
 -0.0000000000000000e+00
6 1
  1.4583333333333331e-01
  0.0000000000000000e+00
 -0.0000000000000000e+00
7 1
  1.7499999999999999e-01
  0.0000000000000000e+00
 -0.0000000000000000e+00
8 1
  2.0416666666666664e-01
  0.0000000000000000e+00
 -0.0000000000000000e+00
9 1
  2.3333333333333331e-01
  0.0000000000000000e+00
 -0.0000000000000000e+00
10 1
  2.6249999999999996e-01
  0.0000000000000000e+00
 -0.0000000000000000e+00
11 1
  2.9166666666666663e-01
  0.0000000000000000e+00
 -0.0000000000000000e+00
12 1
  3.2083333333333330e-01
  0.0000000000000000e+00
 -0.0000000000000000e+00
13 1
  3.4999999999999998e-01
  0.0000000000000000e+00
 -0.0000000000000000e+00
14 1
  3.7916666666666665e-01
  0.0000000000000000e+00
 -0.0000000000000000e+00
15 1
  4.0833333333333327e-01
  0.0000000000000000e+00
 -0.0000000000000000e+00
16 1
  4.3749999999999994e-01
  0.0000000000000000e+00
 -0.0000000000000000e+00
17 1
  4.6666666666666662e-01
  0.0000000000000000e+00
 -0.0000000000000000e+00
18 1
  4.9583333333333329e-01
  0.0000000000000000e+00
 -0.0000000000000000e+00
19 1
  5.2499999999999991e-01
  0.0000000000000000e+00
 -0.0000000000000000e+00
20 1
  5.5416666666666659e-01
  0.0000000000000000e+00
 -0.0000000000000000e+00
21 1
  5.8333333333333326e-01
  0.0000000000000000e+00
 -0.0000000000000000e+00
22 1
  6.1249999999999993e-01
  0.0000000000000000e+00
 -0.0000000000000000e+00
23 1
  6.4166666666666661e-01
  0.0000000000000000e+00
 -0.0000000000000000e+00
24 1
  6.7083333333333328e-01
  0.0000000000000000e+00
 -0.0000000000000000e+00
25 1
  6.9999999999999996e-01
  0.0000000000000000e+00
 -0.0000000000000000e+00
26 1
  0.0000000000000000e+00
  2.9166666666666664e-02
 -1.0373090000000000e-01
27 1
  2.9166666666666664e-02
  2.9166666666666664e-02
 -1.3998400000000000e-01
28 1
  5.8333333333333327e-02
  2.9166666666666664e-02
 -1.4591499999999999e-01
29 1
  8.7499999999999994e-02
  2.9166666666666664e-02
 -1.4576960000000000e-01
30 1
  1.1666666666666665e-01
  2.9166666666666664e-02
 -1.4362279999999999e-01
31 1
  1.4583333333333331e-01
  2.9166666666666664e-02
 -1.4032290000000000e-01
32 1
  1.7499999999999999e-01
  2.9166666666666664e-02
 -1.3615340000000001e-01
33 1
  2.0416666666666664e-01
  2.9166666666666664e-02
 -1.3126109999999999e-01
34 1
  2.3333333333333331e-01
  2.9166666666666664e-02
 -1.2575410000000001e-01
35 1
  2.6249999999999996e-01
  2.9166666666666664e-02
 -1.1972900000000000e-01
36 1
  2.9166666666666663e-01
  2.9166666666666664e-02
 -1.1328050000000001e-01
37 1
  3.2083333333333330e-01
  2.9166666666666664e-02
 -1.0650410000000000e-01
38 1
  3.4999999999999998e-01
  2.9166666666666664e-02
 -9.9496230000000005e-02
39 1
  3.7916666666666665e-01
  2.9166666666666664e-02
 -9.2353909999999997e-02
40 1
  4.0833333333333327e-01
  2.9166666666666664e-02
 -8.5173540000000006e-02
41 1
  4.3749999999999994e-01
  2.9166666666666664e-02
 -7.8049629999999995e-02
42 1
  4.6666666666666662e-01
  2.9166666666666664e-02
 -7.1073460000000005e-02
43 1
  4.9583333333333329e-01
  2.9166666666666664e-02
 -6.4331739999999998e-02
44 1
  5.2499999999999991e-01
  2.9166666666666664e-02
 -5.7905260000000000e-02
45 1
  5.5416666666666659e-01
  2.9166666666666664e-02
 -5.1867770000000001e-02
46 1
  5.8333333333333326e-01
  2.9166666666666664e-02
 -4.6284850000000002e-02
47 1
  6.1249999999999993e-01
  2.9166666666666664e-02
 -4.1213050000000001e-02
48 1
  6.4166666666666661e-01
  2.9166666666666664e-02
 -3.6699089999999997e-02
49 1
  6.7083333333333328e-01
  2.9166666666666664e-02
 -3.2779339999999997e-02
50 1
  6.9999999999999996e-01
  2.9166666666666664e-02
 -2.9479439999999999e-02
51 1
  0.0000000000000000e+00
  5.8333333333333327e-02
 -2.0570640000000001e-01
52 1
  2.9166666666666664e-02
  5.8333333333333327e-02
 -2.5516719999999998e-01
53 1
  5.8333333333333327e-02
  5.8333333333333327e-02
 -2.7524549999999998e-01
54 1
  8.7499999999999994e-02
  5.8333333333333327e-02
 -2.8079120000000002e-01
55 1
  1.1666666666666665e-01
  5.8333333333333327e-02
 -2.7964270000000002e-01
56 1
  1.4583333333333331e-01
  5.8333333333333327e-02
 -2.7482580000000001e-01
57 1
  1.7499999999999999e-01
  5.8333333333333327e-02
 -2.6758510000000002e-01
58 1
  2.0416666666666664e-01
  5.8333333333333327e-02
 -2.5853359999999997e-01
59 1
  2.3333333333333331e-01
  5.8333333333333327e-02
 -2.4804470000000001e-01
60 1
  2.6249999999999996e-01
  5.8333333333333327e-02
 -2.3639520000000000e-01
61 1
  2.9166666666666663e-01
  5.8333333333333327e-02
 -2.2382079999999999e-01
62 1
  3.2083333333333330e-01
  5.8333333333333327e-02
 -2.1053949999999999e-01
63 1
  3.4999999999999998e-01
  5.8333333333333327e-02
 -1.9676089999999999e-01
64 1
  3.7916666666666665e-01
  5.8333333333333327e-02
 -1.8268909999999999e-01
65 1
  4.0833333333333327e-01
  5.8333333333333327e-02
 -1.6852360000000000e-01
66 1
  4.3749999999999994e-01
  5.8333333333333327e-02
 -1.5445739999999999e-01
67 1
  4.6666666666666662e-01
  5.8333333333333327e-02
 -1.4067579999999999e-01
68 1
  4.9583333333333329e-01
  5.8333333333333327e-02
 -1.2735360000000001e-01
69 1
  5.2499999999999991e-01
  5.8333333333333327e-02
 -1.1465359999999999e-01
70 1
  5.5416666666666659e-01
  5.8333333333333327e-02
 -1.0272360000000000e-01
71 1
  5.8333333333333326e-01
  5.8333333333333327e-02
 -9.1694929999999994e-02
72 1
  6.1249999999999993e-01
  5.8333333333333327e-02
 -8.1680760000000005e-02
73 1
  6.4166666666666661e-01
  5.8333333333333327e-02
 -7.2774409999999998e-02
74 1
  6.7083333333333328e-01
  5.8333333333333327e-02
 -6.5048419999999996e-02
75 1
  6.9999999999999996e-01
  5.8333333333333327e-02
 -5.8553849999999998e-02
76 1
  0.0000000000000000e+00
  8.7499999999999994e-02
 -3.0421340000000002e-01
77 1
  2.9166666666666664e-02
  8.7499999999999994e-02
 -3.5837130000000000e-01
78 1
  5.8333333333333327e-02
  8.7499999999999994e-02
 -3.8839540000000000e-01
79 1
  8.7499999999999994e-02
  8.7499999999999994e-02
 -4.0128970000000003e-01
80 1
  1.1666666666666665e-01
  8.7499999999999994e-02
 -4.0359950000000000e-01
81 1
  1.4583333333333331e-01
  8.7499999999999994e-02
 -3.9927350000000000e-01
82 1
  1.7499999999999999e-01
  8.7499999999999994e-02
 -3.9045869999999999e-01
83 1
  2.0416666666666664e-01
  8.7499999999999994e-02
 -3.7836829999999999e-01
84 1
  2.3333333333333331e-01
  8.7499999999999994e-02
 -3.6376300000000000e-01
85 1
  2.6249999999999996e-01
  8.7499999999999994e-02
 -3.4718410000000000e-01
86 1
  2.9166666666666663e-01
  8.7499999999999994e-02
 -3.2906400000000002e-01
87 1
  3.2083333333333330e-01
  8.7499999999999994e-02
 -3.0977929999999998e-01
88 1
  3.4999999999999998e-01
  8.7499999999999994e-02
 -2.8967589999999999e-01
89 1
  3.7916666666666665e-01
  8.7499999999999994e-02
 -2.6908060000000000e-01
90 1
  4.0833333333333327e-01
  8.7499999999999994e-02
 -2.4830559999999999e-01
91 1
  4.3749999999999994e-01
  8.7499999999999994e-02
 -2.2764920000000000e-01
92 1
  4.6666666666666662e-01
  8.7499999999999994e-02
 -2.0739460000000001e-01
93 1
  4.9583333333333329e-01
  8.7499999999999994e-02
 -1.8780749999999999e-01
94 1
  5.2499999999999991e-01
  8.7499999999999994e-02
 -1.6913370000000000e-01
95 1
  5.5416666666666659e-01
  8.7499999999999994e-02
 -1.5159580000000000e-01
96 1
  5.8333333333333326e-01
  8.7499999999999994e-02
 -1.3539129999999999e-01
97 1
  6.1249999999999993e-01
  8.7499999999999994e-02
 -1.2068959999999999e-01
98 1
  6.4166666666666661e-01
  8.7499999999999994e-02
 -1.0763040000000000e-01
99 1
  6.7083333333333328e-01
  8.7499999999999994e-02
 -9.6321799999999999e-02
100 1
  6.9999999999999996e-01
  8.7499999999999994e-02
 -8.6840029999999999e-02
101 1
  0.0000000000000000e+00
  1.1666666666666665e-01
 -3.9762300000000000e-01
102 1
  2.9166666666666664e-02
  1.1666666666666665e-01
 -4.5334669999999999e-01
103 1
  5.8333333333333327e-02
  1.1666666666666665e-01
 -4.8902210000000002e-01
104 1
  8.7499999999999994e-02
  1.1666666666666665e-01
 -5.0781100000000001e-01
105 1
  1.1666666666666665e-01
  1.1666666666666665e-01
 -5.1406759999999996e-01
106 1
  1.4583333333333331e-01
  1.1666666666666665e-01
 -5.1137180000000004e-01
107 1
  1.7499999999999999e-01
  1.1666666666666665e-01
 -5.0218960000000001e-01
108 1
  2.0416666666666664e-01
  1.1666666666666665e-01
 -4.8815500000000001e-01
109 1
  2.3333333333333331e-01
  1.1666666666666665e-01
 -4.7038809999999998e-01
110 1
  2.6249999999999996e-01
  1.1666666666666665e-01
 -4.4971220000000001e-01
111 1
  2.9166666666666663e-01
  1.1666666666666665e-01
 -4.2678230000000000e-01
112 1
  3.2083333333333330e-01
  1.1666666666666665e-01
 -4.0215669999999998e-01
113 1
  3.4999999999999998e-01
  1.1666666666666665e-01
 -3.7633529999999998e-01
114 1
  3.7916666666666665e-01
  1.1666666666666665e-01
 -3.4978029999999999e-01
115 1
  4.0833333333333327e-01
  1.1666666666666665e-01
 -3.2292599999999999e-01
116 1
  4.3749999999999994e-01
  1.1666666666666665e-01
 -2.9618149999999999e-01
117 1
  4.6666666666666662e-01
  1.1666666666666665e-01
 -2.6993180000000000e-01
118 1
  4.9583333333333329e-01
  1.1666666666666665e-01
 -2.4453569999999999e-01
119 1
  5.2499999999999991e-01
  1.1666666666666665e-01
 -2.2032309999999999e-01
120 1
  5.5416666666666659e-01
  1.1666666666666665e-01
 -1.9759199999999999e-01
121 1
  5.8333333333333326e-01
  1.1666666666666665e-01
 -1.7660529999999999e-01
122 1
  6.1249999999999993e-01
  1.1666666666666665e-01
 -1.5758839999999999e-01
123 1
  6.4166666666666661e-01
  1.1666666666666665e-01
 -1.4072650000000000e-01
124 1
  6.7083333333333328e-01
  1.1666666666666665e-01
 -1.2616269999999999e-01
125 1
  6.9999999999999996e-01
  1.1666666666666665e-01
 -1.1399750000000000e-01
126 1
  0.0000000000000000e+00
  1.4583333333333331e-01
 -4.8442940000000001e-01
127 1
  2.9166666666666664e-02
  1.4583333333333331e-01
 -5.4018739999999998e-01
128 1
  5.8333333333333327e-02
  1.4583333333333331e-01
 -5.7874979999999998e-01
129 1
  8.7499999999999994e-02
  1.4583333333333331e-01
 -6.0145859999999995e-01
130 1
  1.1666666666666665e-01
  1.4583333333333331e-01
 -6.1100180000000004e-01
131 1
  1.4583333333333331e-01
  1.4583333333333331e-01
 -6.1017030000000005e-01
132 1
  1.7499999999999999e-01
  1.4583333333333331e-01
 -6.0128700000000002e-01
133 1
  2.0416666666666664e-01
  1.4583333333333331e-01
 -5.8613230000000005e-01
134 1
  2.3333333333333331e-01
  1.4583333333333331e-01
 -5.6605620000000001e-01
135 1
  2.6249999999999996e-01
  1.4583333333333331e-01
 -5.4211259999999994e-01
136 1
  2.9166666666666663e-01
  1.4583333333333331e-01
 -5.1516289999999998e-01
137 1
  3.2083333333333330e-01
  1.4583333333333331e-01
 -4.8594540000000003e-01
138 1
  3.4999999999999998e-01
  1.4583333333333331e-01
 -4.5511819999999997e-01
139 1
  3.7916666666666665e-01
  1.4583333333333331e-01
 -4.2328349999999998e-01
140 1
  4.0833333333333327e-01
  1.4583333333333331e-01
 -3.9100099999999999e-01
141 1
  4.3749999999999994e-01
  1.4583333333333331e-01
 -3.5879400000000000e-01
142 1
  4.6666666666666662e-01
  1.4583333333333331e-01
 -3.2715080000000002e-01
143 1
  4.9583333333333329e-01
  1.4583333333333331e-01
 -2.9652380000000000e-01
144 1
  5.2499999999999991e-01
  1.4583333333333331e-01
 -2.6732699999999998e-01
145 1
  5.5416666666666659e-01
  1.4583333333333331e-01
 -2.3993290000000000e-01
146 1
  5.8333333333333326e-01
  1.4583333333333331e-01
 -2.1466930000000001e-01
147 1
  6.1249999999999993e-01
  1.4583333333333331e-01
 -1.9181590000000001e-01
148 1
  6.4166666666666661e-01
  1.4583333333333331e-01
 -1.7160220000000001e-01
149 1
  6.7083333333333328e-01
  1.4583333333333331e-01
 -1.5420490000000001e-01
150 1
  6.9999999999999996e-01
  1.4583333333333331e-01
 -1.3974750000000000e-01
151 1
  0.0000000000000000e+00
  1.7499999999999999e-01
 -5.6328670000000003e-01
152 1
  2.9166666666666664e-02
  1.7499999999999999e-01
 -6.1815900000000001e-01
153 1
  5.8333333333333327e-02
  1.7499999999999999e-01
 -6.5785199999999999e-01
154 1
  8.7499999999999994e-02
  1.7499999999999999e-01
 -6.8281029999999998e-01
155 1
  1.1666666666666665e-01
  1.7499999999999999e-01
 -6.9463779999999997e-01
156 1
  1.4583333333333331e-01
  1.7499999999999999e-01
 -6.9537210000000005e-01
157 1
  1.7499999999999999e-01
  1.7499999999999999e-01
 -6.8699469999999996e-01
158 1
  2.0416666666666664e-01
  1.7499999999999999e-01
 -6.7122760000000004e-01
159 1
  2.3333333333333331e-01
  1.7499999999999999e-01
 -6.4950850000000004e-01
160 1
  2.6249999999999996e-01
  1.7499999999999999e-01
 -6.2303730000000002e-01
161 1
  2.9166666666666663e-01
  1.7499999999999999e-01
 -5.9283629999999998e-01
162 1
  3.2083333333333330e-01
  1.7499999999999999e-01
 -5.5980059999999998e-01
163 1
  3.4999999999999998e-01
  1.7499999999999999e-01
 -5.2473420000000004e-01
164 1
  3.7916666666666665e-01
  1.7499999999999999e-01
 -4.8837360000000002e-01
165 1
  4.0833333333333327e-01
  1.7499999999999999e-01
 -4.5140110000000000e-01
166 1
  4.3749999999999994e-01
  1.7499999999999999e-01
 -4.1445169999999998e-01
167 1
  4.6666666666666662e-01
  1.7499999999999999e-01
 -3.7811539999999999e-01
168 1
  4.9583333333333329e-01
  1.7499999999999999e-01
 -3.4293620000000002e-01
169 1
  5.2499999999999991e-01
  1.7499999999999999e-01
 -3.0941039999999997e-01
170 1
  5.5416666666666659e-01
  1.7499999999999999e-01
 -2.7798279999999997e-01
171 1
  5.8333333333333326e-01
  1.7499999999999999e-01
 -2.4904350000000000e-01
172 1
  6.1249999999999993e-01
  1.7499999999999999e-01
 -2.2292470000000000e-01
173 1
  6.4166666666666661e-01
  1.7499999999999999e-01
 -1.9989779999999999e-01
174 1
  6.7083333333333328e-01
  1.7499999999999999e-01
 -1.8017140000000001e-01
175 1
  6.9999999999999996e-01
  1.7499999999999999e-01
 -1.6388990000000001e-01
176 1
  0.0000000000000000e+00
  2.0416666666666664e-01
 -6.3304130000000003e-01
177 1
  2.9166666666666664e-02
  2.0416666666666664e-01
 -6.8639969999999995e-01
178 1
  5.8333333333333327e-02
  2.0416666666666664e-01
 -7.2605649999999999e-01
179 1
  8.7499999999999994e-02
  2.0416666666666664e-01
 -7.5199459999999996e-01
180 1
  1.1666666666666665e-01
  2.0416666666666664e-01
 -7.6513830000000005e-01
181 1
  1.4583333333333331e-01
  2.0416666666666664e-01
 -7.6693380000000000e-01
182 1
  1.7499999999999999e-01
  2.0416666666666664e-01
 -7.5899079999999997e-01
183 1
  2.0416666666666664e-01
  2.0416666666666664e-01
 -7.4286859999999999e-01
184 1
  2.3333333333333331e-01
  2.0416666666666664e-01
 -7.1998660000000003e-01
185 1
  2.6249999999999996e-01
  2.0416666666666664e-01
 -6.9160929999999998e-01
186 1
  2.9166666666666663e-01
  2.0416666666666664e-01
 -6.5886370000000005e-01
187 1
  3.2083333333333330e-01
  2.0416666666666664e-01
 -6.2276540000000002e-01
188 1
  3.4999999999999998e-01
  2.0416666666666664e-01
 -5.8424140000000002e-01
189 1
  3.7916666666666665e-01
  2.0416666666666664e-01
 -5.4414739999999995e-01
190 1
  4.0833333333333327e-01
  2.0416666666666664e-01
 -5.0327809999999995e-01
191 1
  4.3749999999999994e-01
  2.0416666666666664e-01
 -4.6237279999999997e-01
192 1
  4.6666666666666662e-01
  2.0416666666666664e-01
 -4.2211739999999998e-01
193 1
  4.9583333333333329e-01
  2.0416666666666664e-01
 -3.8314300000000001e-01
194 1
  5.2499999999999991e-01
  2.0416666666666664e-01
 -3.4602329999999998e-01
195 1
  5.5416666666666659e-01
  2.0416666666666664e-01
 -3.1127179999999999e-01
196 1
  5.8333333333333326e-01
  2.0416666666666664e-01
 -2.7933710000000000e-01
197 1
  6.1249999999999993e-01
  2.0416666666666664e-01
 -2.5060050000000000e-01
198 1
  6.4166666666666661e-01
  2.0416666666666664e-01
 -2.2537230000000000e-01
199 1
  6.7083333333333328e-01
  2.0416666666666664e-01
 -2.0388980000000001e-01
200 1
  6.9999999999999996e-01
  2.0416666666666664e-01
 -1.8631639999999999e-01
201 1
  0.0000000000000000e+00
  2.3333333333333331e-01
 -6.9275989999999998e-01
202 1
  2.9166666666666664e-02
  2.3333333333333331e-01
 -7.4414340000000001e-01
203 1
  5.8333333333333327e-02
  2.3333333333333331e-01
 -7.8295559999999997e-01
204 1
  8.7499999999999994e-02
  2.3333333333333331e-01
 -8.0893630000000005e-01
205 1
  1.1666666666666665e-01
  2.3333333333333331e-01
 -8.2258589999999998e-01
206 1
  1.4583333333333331e-01
  2.3333333333333331e-01
 -8.2491850000000000e-01
207 1
  1.7499999999999999e-01
  2.3333333333333331e-01
 -8.1721489999999997e-01
208 1
  2.0416666666666664e-01
  2.3333333333333331e-01
 -8.0083939999999998e-01
209 1
  2.3333333333333331e-01
  2.3333333333333331e-01
 -7.7713189999999999e-01
210 1
  2.6249999999999996e-01
  2.3333333333333331e-01
 -7.4735940000000001e-01
211 1
  2.9166666666666663e-01
  2.3333333333333331e-01
 -7.1270250000000002e-01
212 1
  3.2083333333333330e-01
  2.3333333333333331e-01
 -6.7425780000000002e-01
213 1
  3.4999999999999998e-01
  2.3333333333333331e-01
 -6.3304669999999996e-01
214 1
  3.7916666666666665e-01
  2.3333333333333331e-01
 -5.9002299999999996e-01
215 1
  4.0833333333333327e-01
  2.3333333333333331e-01
 -5.4607830000000002e-01
216 1
  4.3749999999999994e-01
  2.3333333333333331e-01
 -5.0204470000000001e-01
217 1
  4.6666666666666662e-01
  2.3333333333333331e-01
 -4.5869420000000000e-01
218 1
  4.9583333333333329e-01
  2.3333333333333331e-01
 -4.1673700000000002e-01
219 1
  5.2499999999999991e-01
  2.3333333333333331e-01
 -3.7681789999999998e-01
220 1
  5.5416666666666659e-01
  2.3333333333333331e-01
 -3.3951280000000000e-01
221 1
  5.8333333333333326e-01
  2.3333333333333331e-01
 -3.0532379999999998e-01
222 1
  6.1249999999999993e-01
  2.3333333333333331e-01
 -2.7467619999999998e-01
223 1
  6.4166666666666661e-01
  2.3333333333333331e-01
 -2.4791530000000001e-01
224 1
  6.7083333333333328e-01
  2.3333333333333331e-01
 -2.2530359999999999e-01
225 1
  6.9999999999999996e-01
  2.3333333333333331e-01
 -2.0702019999999999e-01
226 1
  0.0000000000000000e+00
  2.6249999999999996e-01
 -7.4175219999999997e-01
227 1
  2.9166666666666664e-02
  2.6249999999999996e-01
 -7.9081159999999995e-01
228 1
  5.8333333333333327e-02
  2.6249999999999996e-01
 -8.2820439999999995e-01
229 1
  8.7499999999999994e-02
  2.6249999999999996e-01
 -8.5354439999999998e-01
230 1
  1.1666666666666665e-01
  2.6249999999999996e-01
 -8.6706620000000001e-01
231 1
  1.4583333333333331e-01
  2.6249999999999996e-01
 -8.6947870000000005e-01
232 1
  1.7499999999999999e-01
  2.6249999999999996e-01
 -8.6179640000000002e-01
233 1
  2.0416666666666664e-01
  2.6249999999999996e-01
 -8.4519509999999998e-01
234 1
  2.3333333333333331e-01
  2.6249999999999996e-01
 -8.2090890000000005e-01
235 1
  2.6249999999999996e-01
  2.6249999999999996e-01
 -7.9016799999999998e-01
236 1
  2.9166666666666663e-01
  2.6249999999999996e-01
 -7.5416580000000000e-01
237 1
  3.2083333333333330e-01
  2.6249999999999996e-01
 -7.1404500000000004e-01
238 1
  3.4999999999999998e-01
  2.6249999999999996e-01
 -6.7089180000000004e-01
239 1
  3.7916666666666665e-01
  2.6249999999999996e-01
 -6.2573500000000004e-01
240 1
  4.0833333333333327e-01
  2.6249999999999996e-01
 -5.7954439999999996e-01
241 1
  4.3749999999999994e-01
  2.6249999999999996e-01
 -5.3322939999999996e-01
242 1
  4.6666666666666662e-01
  2.6249999999999996e-01
 -4.8763610000000002e-01
243 1
  4.9583333333333329e-01
  2.6249999999999996e-01
 -4.4354329999999997e-01
244 1
  5.2499999999999991e-01
  2.6249999999999996e-01
 -4.0165800000000002e-01
245 1
  5.5416666666666659e-01
  2.6249999999999996e-01
 -3.6261070000000001e-01
246 1
  5.8333333333333326e-01
  2.6249999999999996e-01
 -3.2695020000000002e-01
247 1
  6.1249999999999993e-01
  2.6249999999999996e-01
 -2.9514020000000002e-01
248 1
  6.4166666666666661e-01
  2.6249999999999996e-01
 -2.6755519999999999e-01
249 1
  6.7083333333333328e-01
  2.6249999999999996e-01
 -2.4447880000000000e-01
250 1
  6.9999999999999996e-01
  2.6249999999999996e-01
 -2.2610189999999999e-01
251 1
  0.0000000000000000e+00
  2.9166666666666663e-01
 -7.7958709999999998e-01
252 1
  2.9166666666666664e-02
  2.9166666666666663e-01
 -8.2605810000000002e-01
253 1
  5.8333333333333327e-02
  2.9166666666666663e-01
 -8.6162099999999997e-01
254 1
  8.7499999999999994e-02
  2.9166666666666663e-01
 -8.8582910000000004e-01
255 1
  1.1666666666666665e-01
  2.9166666666666663e-01
 -8.9875190000000005e-01
256 1
  1.4583333333333331e-01
  2.9166666666666663e-01
 -9.0088539999999995e-01
257 1
  1.7499999999999999e-01
  2.9166666666666663e-01
 -8.9303820000000000e-01
258 1
  2.0416666666666664e-01
  2.9166666666666663e-01
 -8.7622109999999997e-01
259 1
  2.3333333333333331e-01
  2.9166666666666663e-01
 -8.5155749999999997e-01
260 1
  2.6249999999999996e-01
  2.9166666666666663e-01
 -8.2021940000000004e-01
261 1
  2.9166666666666663e-01
  2.9166666666666663e-01
 -7.8338560000000002e-01
262 1
  3.2083333333333330e-01
  2.9166666666666663e-01
 -7.4221550000000003e-01
263 1
  3.4999999999999998e-01
  2.9166666666666663e-01
 -6.9783419999999996e-01
264 1
  3.7916666666666665e-01
  2.9166666666666663e-01
 -6.5132190000000001e-01
265 1
  4.0833333333333327e-01
  2.9166666666666663e-01
 -6.0370690000000005e-01
266 1
  4.3749999999999994e-01
  2.9166666666666663e-01
 -5.5595950000000005e-01
267 1
  4.6666666666666662e-01
  2.9166666666666663e-01
 -5.0898529999999997e-01
268 1
  4.9583333333333329e-01
  2.9166666666666663e-01
 -4.6361960000000002e-01
269 1
  5.2499999999999991e-01
  2.9166666666666663e-01
 -4.2062100000000002e-01
270 1
  5.5416666666666659e-01
  2.9166666666666663e-01
 -3.8066499999999998e-01
271 1
  5.8333333333333326e-01
  2.9166666666666663e-01
 -3.4433950000000002e-01
272 1
  6.1249999999999993e-01
  2.9166666666666663e-01
 -3.1213890000000000e-01
273 1
  6.4166666666666661e-01
  2.9166666666666663e-01
 -2.8446149999999998e-01
274 1
  6.7083333333333328e-01
  2.9166666666666663e-01
 -2.6160620000000001e-01
275 1
  6.9999999999999996e-01
  2.9166666666666663e-01
 -2.4377150000000000e-01
276 1
  0.0000000000000000e+00
  3.2083333333333330e-01
 -8.0610380000000004e-01
277 1
  2.9166666666666664e-02
  3.2083333333333330e-01
 -8.4979229999999994e-01
278 1
  5.8333333333333327e-02
  3.2083333333333330e-01
 -8.8323770000000001e-01
279 1
  8.7499999999999994e-02
  3.2083333333333330e-01
 -9.0597220000000001e-01
280 1
  1.1666666666666665e-01
  3.2083333333333330e-01
 -9.1796409999999995e-01
281 1
  1.4583333333333331e-01
  3.2083333333333330e-01
 -9.1956329999999997e-01
282 1
  1.7499999999999999e-01
  3.2083333333333330e-01
 -9.1142290000000004e-01
283 1
  2.0416666666666664e-01
  3.2083333333333330e-01
 -8.9441649999999995e-01
284 1
  2.3333333333333331e-01
  3.2083333333333330e-01
 -8.6956359999999999e-01
285 1
  2.6249999999999996e-01
  3.2083333333333330e-01
 -8.3796939999999998e-01
286 1
  2.9166666666666663e-01
  3.2083333333333330e-01
 -8.0078000000000005e-01
287 1
  3.2083333333333330e-01
  3.2083333333333330e-01
 -7.5915069999999996e-01
288 1
  3.4999999999999998e-01
  3.2083333333333330e-01
 -7.1422249999999998e-01
289 1
  3.7916666666666665e-01
  3.2083333333333330e-01
 -6.6710650000000005e-01
290 1
  4.0833333333333327e-01
  3.2083333333333330e-01
 -6.1887009999999998e-01
291 1
  4.3749999999999994e-01
  3.2083333333333330e-01
 -5.7052709999999995e-01
292 1
  4.6666666666666662e-01
  3.2083333333333330e-01
 -5.2302769999999998e-01
293 1
  4.9583333333333329e-01
  3.2083333333333330e-01
 -4.7725020000000001e-01
294 1
  5.2499999999999991e-01
  3.2083333333333330e-01
 -4.3399280000000001e-01
295 1
  5.5416666666666659e-01
  3.2083333333333330e-01
 -3.9396629999999999e-01
296 1
  5.8333333333333326e-01
  3.2083333333333330e-01
 -3.5778759999999998e-01
297 1
  6.1249999999999993e-01
  3.2083333333333330e-01
 -3.2597470000000001e-01
298 1
  6.4166666666666661e-01
  3.2083333333333330e-01
 -2.9894219999999999e-01
299 1
  6.7083333333333328e-01
  3.2083333333333330e-01
 -2.7699859999999998e-01
300 1
  6.9999999999999996e-01
  3.2083333333333330e-01
 -2.6034520000000000e-01
301 1
  0.0000000000000000e+00
  3.4999999999999998e-01
 -8.2141529999999996e-01
302 1
  2.9166666666666664e-02
  3.4999999999999998e-01
 -8.6218890000000004e-01
303 1
  5.8333333333333327e-02
  3.4999999999999998e-01
 -8.9332719999999999e-01
304 1
  8.7499999999999994e-02
  3.4999999999999998e-01
 -9.1436490000000004e-01
305 1
  1.1666666666666665e-01
  3.4999999999999998e-01
 -9.2521180000000003e-01
306 1
  1.4583333333333331e-01
  3.4999999999999998e-01
 -9.2611849999999996e-01
307 1
  1.7499999999999999e-01
  3.4999999999999998e-01
 -9.1762310000000002e-01
308 1
  2.0416666666666664e-01
  3.4999999999999998e-01
 -9.0048850000000003e-01
309 1
  2.3333333333333331e-01
  3.4999999999999998e-01
 -8.7564160000000002e-01
310 1
  2.6249999999999996e-01
  3.4999999999999998e-01
 -8.4411959999999997e-01
311 1
  2.9166666666666663e-01
  3.4999999999999998e-01
 -8.0702640000000003e-01
312 1
  3.2083333333333330e-01
  3.4999999999999998e-01
 -7.6549719999999999e-01
313 1
  3.4999999999999998e-01
  3.4999999999999998e-01
 -7.2067210000000004e-01
314 1
  3.7916666666666665e-01
  3.4999999999999998e-01
 -6.7367400000000000e-01
315 1
  4.0833333333333327e-01
  3.4999999999999998e-01
 -6.2559209999999998e-01
316 1
  4.3749999999999994e-01
  3.4999999999999998e-01
 -5.7746690000000001e-01
317 1
  4.6666666666666662e-01
  3.4999999999999998e-01
 -5.3027820000000003e-01
318 1
  4.9583333333333329e-01
  3.4999999999999998e-01
 -4.8493320000000001e-01
319 1
  5.2499999999999991e-01
  3.4999999999999998e-01
 -4.4225750000000003e-01
320 1
  5.5416666666666659e-01
  3.4999999999999998e-01
 -4.0298600000000001e-01
321 1
  5.8333333333333326e-01
  3.4999999999999998e-01
 -3.6775520000000000e-01
322 1
  6.1249999999999993e-01
  3.4999999999999998e-01
 -3.3709760000000000e-01
323 1
  6.4166666666666661e-01
  3.4999999999999998e-01
 -3.1143670000000001e-01
324 1
  6.7083333333333328e-01
  3.4999999999999998e-01
 -2.9108450000000002e-01
325 1
  6.9999999999999996e-01
  3.4999999999999998e-01
 -2.7623940000000002e-01
326 1
  0.0000000000000000e+00
  3.7916666666666665e-01
 -8.2590560000000002e-01
327 1
  2.9166666666666664e-02
  3.7916666666666665e-01
 -8.6368829999999996e-01
328 1
  5.8333333333333327e-02
  3.7916666666666665e-01
 -8.9241060000000005e-01
329 1
  8.7499999999999994e-02
  3.7916666666666665e-01
 -9.1162540000000003e-01
330 1
  1.1666666666666665e-01
  3.7916666666666665e-01
 -9.2121169999999997e-01
331 1
  1.4583333333333331e-01
  3.7916666666666665e-01
 -9.2135489999999998e-01
332 1
  1.7499999999999999e-01
  3.7916666666666665e-01
 -9.1250860000000000e-01
333 1
  2.0416666666666664e-01
  3.7916666666666665e-01
 -8.9534800000000003e-01
334 1
  2.3333333333333331e-01
  3.7916666666666665e-01
 -8.7072000000000005e-01
335 1
  2.6249999999999996e-01
  3.7916666666666665e-01
 -8.3959720000000004e-01
336 1
  2.9166666666666663e-01
  3.7916666666666665e-01
 -8.0303590000000002e-01
337 1
  3.2083333333333330e-01
  3.7916666666666665e-01
 -7.6214119999999996e-01
338 1
  3.4999999999999998e-01
  3.7916666666666665e-01
 -7.1803810000000001e-01
339 1
  3.7916666666666665e-01
  3.7916666666666665e-01
 -6.7184659999999996e-01
340 1
  4.0833333333333327e-01
  3.7916666666666665e-01
 -6.2466140000000003e-01
341 1
  4.3749999999999994e-01
  3.7916666666666665e-01
 -5.7753480000000001e-01
342 1
  4.6666666666666662e-01
  3.7916666666666665e-01
 -5.3146090000000001e-01
343 1
  4.9583333333333329e-01
  3.7916666666666665e-01
 -4.8736279999999998e-01
344 1
  5.2499999999999991e-01
  3.7916666666666665e-01
 -4.4608080000000000e-01
345 1
  5.5416666666666659e-01
  3.7916666666666665e-01
 -4.0836240000000001e-01
346 1
  5.8333333333333326e-01
  3.7916666666666665e-01
 -3.7485370000000001e-01
347 1
  6.1249999999999993e-01
  3.7916666666666665e-01
 -3.4609269999999998e-01
348 1
  6.4166666666666661e-01
  3.7916666666666665e-01
 -3.2250430000000002e-01
349 1
  6.7083333333333328e-01
  3.7916666666666665e-01
 -3.0439670000000002e-01
350 1
  6.9999999999999996e-01
  3.7916666666666665e-01
 -2.9196050000000001e-01
351 1
  0.0000000000000000e+00
  4.0833333333333327e-01
 -8.2022079999999997e-01
352 1
  2.9166666666666664e-02
  4.0833333333333327e-01
 -8.5498850000000004e-01
353 1
  5.8333333333333327e-02
  4.0833333333333327e-01
 -8.8125509999999996e-01
354 1
  8.7499999999999994e-02
  4.0833333333333327e-01
 -8.9860079999999998e-01
355 1
  1.1666666666666665e-01
  4.0833333333333327e-01
 -9.0689379999999997e-01
356 1
  1.4583333333333331e-01
  4.0833333333333327e-01
 -9.0627760000000002e-01
357 1
  1.7499999999999999e-01
  4.0833333333333327e-01
 -8.9714490000000002e-01
358 1
  2.0416666666666664e-01
  4.0833333333333327e-01
 -8.8010200000000005e-01
359 1
  2.3333333333333331e-01
  4.0833333333333327e-01
 -8.5592780000000002e-01
360 1
  2.6249999999999996e-01
  4.0833333333333327e-01
 -8.2553460000000001e-01
361 1
  2.9166666666666663e-01
  4.0833333333333327e-01
 -7.8992969999999996e-01
362 1
  3.2083333333333330e-01
  4.0833333333333327e-01
 -7.5018110000000005e-01
363 1
  3.4999999999999998e-01
  4.0833333333333327e-01
 -7.0738840000000003e-01
364 1
  3.7916666666666665e-01
  4.0833333333333327e-01
 -6.6265600000000002e-01
365 1
  4.0833333333333327e-01
  4.0833333333333327e-01
 -6.1707069999999997e-01
366 1
  4.3749999999999994e-01
  4.0833333333333327e-01
 -5.7168229999999998e-01
367 1
  4.6666666666666662e-01
  4.0833333333333327e-01
 -5.2748589999999995e-01
368 1
  4.9583333333333329e-01
  4.0833333333333327e-01
 -4.8540729999999999e-01
369 1
  5.2499999999999991e-01
  4.0833333333333327e-01
 -4.4628930000000000e-01
370 1
  5.5416666666666659e-01
  4.0833333333333327e-01
 -4.1088079999999999e-01
371 1
  5.8333333333333326e-01
  4.0833333333333327e-01
 -3.7982749999999998e-01
372 1
  6.1249999999999993e-01
  4.0833333333333327e-01
 -3.5366389999999998e-01
373 1
  6.4166666666666661e-01
  4.0833333333333327e-01
 -3.3280820000000000e-01
374 1
  6.7083333333333328e-01
  4.0833333333333327e-01
 -3.1755840000000002e-01
375 1
  6.9999999999999996e-01
  4.0833333333333327e-01
 -3.0809120000000001e-01
376 1
  0.0000000000000000e+00
  4.3749999999999994e-01
 -8.0525300000000000e-01
377 1
  2.9166666666666664e-02
  4.3749999999999994e-01
 -8.3703019999999995e-01
378 1
  5.8333333333333327e-02
  4.3749999999999994e-01
 -8.6086079999999998e-01
379 1
  8.7499999999999994e-02
  4.3749999999999994e-01
 -8.7635900000000000e-01
380 1
  1.1666666666666665e-01
  4.3749999999999994e-01
 -8.8339480000000004e-01
381 1
  1.4583333333333331e-01
  4.3749999999999994e-01
 -8.8208699999999995e-01
382 1
  1.7499999999999999e-01
  4.3749999999999994e-01
 -8.7278509999999998e-01
383 1
  2.0416666666666664e-01
  4.3749999999999994e-01
 -8.5604089999999999e-01
384 1
  2.3333333333333331e-01
  4.3749999999999994e-01
 -8.3257599999999998e-01
385 1
  2.6249999999999996e-01
  4.3749999999999994e-01
 -8.0324739999999994e-01
386 1
  2.9166666666666663e-01
  4.3749999999999994e-01
 -7.6901319999999995e-01
387 1
  3.2083333333333330e-01
  4.3749999999999994e-01
 -7.3090010000000005e-01
388 1
  3.4999999999999998e-01
  4.3749999999999994e-01
 -6.8997419999999998e-01
389 1
  3.7916666666666665e-01
  4.3749999999999994e-01
 -6.4731410000000000e-01
390 1
  4.0833333333333327e-01
  4.3749999999999994e-01
 -6.0398719999999995e-01
391 1
  4.3749999999999994e-01
  4.3749999999999994e-01
 -5.6102839999999998e-01
392 1
  4.6666666666666662e-01
  4.3749999999999994e-01
 -5.1942160000000004e-01
393 1
  4.9583333333333329e-01
  4.3749999999999994e-01
 -4.8008279999999998e-01
394 1
  5.2499999999999991e-01
  4.3749999999999994e-01
 -4.4384610000000002e-01
395 1
  5.5416666666666659e-01
  4.3749999999999994e-01
 -4.1145100000000001e-01
396 1
  5.8333333333333326e-01
  4.3749999999999994e-01
 -3.8353280000000001e-01
397 1
  6.1249999999999993e-01
  4.3749999999999994e-01
 -3.6061359999999998e-01
398 1
  6.4166666666666661e-01
  4.3749999999999994e-01
 -3.4309729999999999e-01
399 1
  6.7083333333333328e-01
  4.3749999999999994e-01
 -3.3126499999999998e-01
400 1
  6.9999999999999996e-01
  4.3749999999999994e-01
 -3.2527420000000001e-01
401 1
  0.0000000000000000e+00
  4.6666666666666662e-01
 -7.8211900000000001e-01
402 1
  2.9166666666666664e-02
  4.6666666666666662e-01
 -8.1097509999999995e-01
403 1
  5.8333333333333327e-02
  4.6666666666666662e-01
 -8.3244169999999995e-01
404 1
  8.7499999999999994e-02
  4.6666666666666662e-01
 -8.4617059999999999e-01
405 1
  1.1666666666666665e-01
  4.6666666666666662e-01
 -8.5204239999999998e-01
406 1
  1.4583333333333331e-01
  4.6666666666666662e-01
 -8.5016380000000003e-01
407 1
  1.7499999999999999e-01
  4.6666666666666662e-01
 -8.4085310000000002e-01
408 1
  2.0416666666666664e-01
  4.6666666666666662e-01
 -8.2461980000000001e-01
409 1
  2.3333333333333331e-01
  4.6666666666666662e-01
 -8.0213639999999997e-01
410 1
  2.6249999999999996e-01
  4.6666666666666662e-01
 -7.7420949999999999e-01
411 1
  2.9166666666666663e-01
  4.6666666666666662e-01
 -7.4174859999999998e-01
412 1
  3.2083333333333330e-01
  4.6666666666666662e-01
 -7.0573609999999998e-01
413 1
  3.4999999999999998e-01
  4.6666666666666662e-01
 -6.6719870000000003e-01
414 1
  3.7916666666666665e-01
  4.6666666666666662e-01
 -6.2718110000000005e-01
415 1
  4.0833333333333327e-01
  4.6666666666666662e-01
 -5.8672130000000000e-01
416 1
  4.3749999999999994e-01
  4.6666666666666662e-01
 -5.4682880000000000e-01
417 1
  4.6666666666666662e-01
  4.6666666666666662e-01
 -5.0846480000000005e-01
418 1
  4.9583333333333329e-01
  4.6666666666666662e-01
 -4.7252490000000003e-01
419 1
  5.2499999999999991e-01
  4.6666666666666662e-01
 -4.3982339999999998e-01
420 1
  5.5416666666666659e-01
  4.6666666666666662e-01
 -4.1108080000000002e-01
421 1
  5.8333333333333326e-01
  4.6666666666666662e-01
 -3.8691209999999998e-01
422 1
  6.1249999999999993e-01
  4.6666666666666662e-01
 -3.6781920000000001e-01
423 1
  6.4166666666666661e-01
  4.6666666666666662e-01
 -3.5418390000000000e-01
424 1
  6.7083333333333328e-01
  4.6666666666666662e-01
 -3.4626430000000002e-01
425 1
  6.9999999999999996e-01
  4.6666666666666662e-01
 -3.4419309999999997e-01
426 1
  0.0000000000000000e+00
  4.9583333333333329e-01
 -7.5213319999999995e-01
427 1
  2.9166666666666664e-02
  4.9583333333333329e-01
 -7.7817899999999995e-01
428 1
  5.8333333333333327e-02
  4.9583333333333329e-01
 -7.9739870000000002e-01
429 1
  8.7499999999999994e-02
  4.9583333333333329e-01
 -8.0948399999999998e-01
430 1
  1.1666666666666665e-01
  4.9583333333333329e-01
 -8.1433199999999994e-01
431 1
  1.4583333333333331e-01
  4.9583333333333329e-01
 -8.1204509999999996e-01
432 1
  1.7499999999999999e-01
  4.9583333333333329e-01
 -8.0292079999999999e-01
433 1
  2.0416666666666664e-01
  4.9583333333333329e-01
 -7.8743399999999997e-01
434 1
  2.3333333333333331e-01
  4.9583333333333329e-01
 -7.6621530000000004e-01
435 1
  2.6249999999999996e-01
  4.9583333333333329e-01
 -7.4002480000000004e-01
436 1
  2.9166666666666663e-01
  4.9583333333333329e-01
 -7.0972429999999997e-01
437 1
  3.2083333333333330e-01
  4.9583333333333329e-01
 -6.7624989999999996e-01
438 1
  3.4999999999999998e-01
  4.9583333333333329e-01
 -6.4058459999999995e-01
439 1
  3.7916666666666665e-01
  4.9583333333333329e-01
 -6.0373209999999999e-01
440 1
  4.0833333333333327e-01
  4.9583333333333329e-01
 -5.6669300000000000e-01
441 1
  4.3749999999999994e-01
  4.9583333333333329e-01
 -5.3044210000000003e-01
442 1
  4.6666666666666662e-01
  4.9583333333333329e-01
 -4.9590840000000003e-01
443 1
  4.9583333333333329e-01
  4.9583333333333329e-01
 -4.6395690000000001e-01
444 1
  5.2499999999999991e-01
  4.9583333333333329e-01
 -4.3537270000000000e-01
445 1
  5.5416666666666659e-01
  4.9583333333333329e-01
 -4.1084749999999998e-01
446 1
  5.8333333333333326e-01
  4.9583333333333329e-01
 -3.9096819999999999e-01
447 1
  6.1249999999999993e-01
  4.9583333333333329e-01
 -3.7620809999999999e-01
448 1
  6.4166666666666661e-01
  4.9583333333333329e-01
 -3.6692029999999998e-01
449 1
  6.7083333333333328e-01
  4.9583333333333329e-01
 -3.6333379999999998e-01
450 1
  6.9999999999999996e-01
  4.9583333333333329e-01
 -3.6555209999999999e-01
451 1
  0.0000000000000000e+00
  5.2499999999999991e-01
 -7.1677579999999996e-01
452 1
  2.9166666666666664e-02
  5.2499999999999991e-01
 -7.4015949999999997e-01
453 1
  5.8333333333333327e-02
  5.2499999999999991e-01
 -7.5728859999999998e-01
454 1
  8.7499999999999994e-02
  5.2499999999999991e-01
 -7.6789490000000005e-01
455 1
  1.1666666666666665e-01
  5.2499999999999991e-01
 -7.7189640000000004e-01
456 1
  1.4583333333333331e-01
  5.2499999999999991e-01
 -7.6939670000000004e-01
457 1
  1.7499999999999999e-01
  5.2499999999999991e-01
 -7.6067859999999998e-01
458 1
  2.0416666666666664e-01
  5.2499999999999991e-01
 -7.4618949999999995e-01
459 1
  2.3333333333333331e-01
  5.2499999999999991e-01
 -7.2652269999999997e-01
460 1
  2.6249999999999996e-01
  5.2499999999999991e-01
 -7.0239510000000005e-01
461 1
  2.9166666666666663e-01
  5.2499999999999991e-01
 -6.7462180000000005e-01
462 1
  3.2083333333333330e-01
  5.2499999999999991e-01
 -6.4409119999999997e-01
463 1
  3.4999999999999998e-01
  5.2499999999999991e-01
 -6.1173860000000002e-01
464 1
  3.7916666666666665e-01
  5.2499999999999991e-01
 -5.7852179999999997e-01
465 1
  4.0833333333333327e-01
  5.2499999999999991e-01
 -5.4539680000000001e-01
466 1
  4.3749999999999994e-01
  5.2499999999999991e-01
 -5.1329599999999997e-01
467 1
  4.6666666666666662e-01
  5.2499999999999991e-01
 -4.8310760000000003e-01
468 1
  4.9583333333333329e-01
  5.2499999999999991e-01
 -4.5565739999999999e-01
469 1
  5.2499999999999991e-01
  5.2499999999999991e-01
 -4.3169269999999998e-01
470 1
  5.5416666666666659e-01
  5.2499999999999991e-01
 -4.1186830000000002e-01
471 1
  5.8333333333333326e-01
  5.2499999999999991e-01
 -3.9673500000000000e-01
472 1
  6.1249999999999993e-01
  5.2499999999999991e-01
 -3.8673069999999998e-01
473 1
  6.4166666666666661e-01
  5.2499999999999991e-01
 -3.8217340000000000e-01
474 1
  6.7083333333333328e-01
  5.2499999999999991e-01
 -3.8325799999999999e-01
475 1
  6.9999999999999996e-01
  5.2499999999999991e-01
 -3.9005390000000001e-01
476 1
  0.0000000000000000e+00
  5.5416666666666659e-01
 -6.7765710000000001e-01
477 1
  2.9166666666666664e-02
  5.5416666666666659e-01
 -6.9856030000000002e-01
478 1
  5.8333333333333327e-02
  5.5416666666666659e-01
 -7.1378759999999997e-01
479 1
  8.7499999999999994e-02
  5.5416666666666659e-01
 -7.2311139999999996e-01
480 1
  1.1666666666666665e-01
  5.5416666666666659e-01
 -7.2647189999999995e-01
481 1
  1.4583333333333331e-01
  5.5416666666666659e-01
 -7.2397809999999996e-01
482 1
  1.7499999999999999e-01
  5.5416666666666659e-01
 -7.1590250000000000e-01
483 1
  2.0416666666666664e-01
  5.5416666666666659e-01
 -7.0266919999999999e-01
484 1
  2.3333333333333331e-01
  5.5416666666666659e-01
 -6.8483839999999996e-01
485 1
  2.6249999999999996e-01
  5.5416666666666659e-01
 -6.6308560000000005e-01
486 1
  2.9166666666666663e-01
  5.5416666666666659e-01
 -6.3818039999999998e-01
487 1
  3.2083333333333330e-01
  5.5416666666666659e-01
 -6.1096200000000001e-01
488 1
  3.4999999999999998e-01
  5.5416666666666659e-01
 -5.8231540000000004e-01
489 1
  3.7916666666666665e-01
  5.5416666666666659e-01
 -5.5314779999999997e-01
490 1
  4.0833333333333327e-01
  5.5416666666666659e-01
 -5.2436510000000003e-01
491 1
  4.3749999999999994e-01
  5.5416666666666659e-01
 -4.9685059999999998e-01
492 1
  4.6666666666666662e-01
  5.5416666666666659e-01
 -4.7144459999999999e-01
493 1
  4.9583333333333329e-01
  5.5416666666666659e-01
 -4.4892620000000000e-01
494 1
  5.2499999999999991e-01
  5.5416666666666659e-01
 -4.2999739999999997e-01
495 1
  5.5416666666666659e-01
  5.5416666666666659e-01
 -4.1526890000000000e-01
496 1
  5.8333333333333326e-01
  5.5416666666666659e-01
 -4.0524860000000001e-01
497 1
  6.1249999999999993e-01
  5.5416666666666659e-01
 -4.0033259999999998e-01
498 1
  6.4166666666666661e-01
  5.5416666666666659e-01
 -4.0079890000000001e-01
499 1
  6.7083333333333328e-01
  5.5416666666666659e-01
 -4.0680309999999997e-01
500 1
  6.9999999999999996e-01
  5.5416666666666659e-01
 -4.1837730000000001e-01
501 1
  0.0000000000000000e+00
  5.8333333333333326e-01
 -6.3647830000000005e-01
502 1
  2.9166666666666664e-02
  5.8333333333333326e-01
 -6.5511140000000001e-01
503 1
  5.8333333333333327e-02
  5.8333333333333326e-01
 -6.6865289999999999e-01
504 1
  8.7499999999999994e-02
  5.8333333333333326e-01
 -6.7691469999999998e-01
505 1
  1.1666666666666665e-01
  5.8333333333333326e-01
 -6.7986020000000003e-01
506 1
  1.4583333333333331e-01
  5.8333333333333326e-01
 -6.7760580000000004e-01
507 1
  1.7499999999999999e-01
  5.8333333333333326e-01
 -6.7041649999999997e-01
508 1
  2.0416666666666664e-01
  5.8333333333333326e-01
 -6.5869650000000002e-01
509 1
  2.3333333333333331e-01
  5.8333333333333326e-01
 -6.4297479999999996e-01
510 1
  2.6249999999999996e-01
  5.8333333333333326e-01
 -6.2388800000000000e-01
511 1
  2.9166666666666663e-01
  5.8333333333333326e-01
 -6.0215980000000002e-01
512 1
  3.2083333333333330e-01
  5.8333333333333326e-01
 -5.7857970000000003e-01
513 1
  3.4999999999999998e-01
  5.8333333333333326e-01
 -5.5398000000000003e-01
514 1
  3.7916666666666665e-01
  5.8333333333333326e-01
 -5.2921350000000000e-01
515 1
  4.0833333333333327e-01
  5.8333333333333326e-01
 -5.0513160000000001e-01
516 1
  4.3749999999999994e-01
  5.8333333333333326e-01
 -4.8256290000000002e-01
517 1
  4.6666666666666662e-01
  5.8333333333333326e-01
 -4.6229379999999998e-01
518 1
  4.9583333333333329e-01
  5.8333333333333326e-01
 -4.4505040000000001e-01
519 1
  5.2499999999999991e-01
  5.8333333333333326e-01
 -4.3148310000000001e-01
520 1
  5.5416666666666659e-01
  5.8333333333333326e-01
 -4.2215219999999998e-01
521 1
  5.8333333333333326e-01
  5.8333333333333326e-01
 -4.1751709999999997e-01
522 1
  6.1249999999999993e-01
  5.8333333333333326e-01
 -4.1792699999999999e-01
523 1
  6.4166666666666661e-01
  5.8333333333333326e-01
 -4.2361500000000002e-01
524 1
  6.7083333333333328e-01
  5.8333333333333326e-01
 -4.3469380000000002e-01
525 1
  6.9999999999999996e-01
  5.8333333333333326e-01
 -4.5115529999999998e-01
526 1
  0.0000000000000000e+00
  6.1249999999999993e-01
 -5.9499029999999997e-01
527 1
  2.9166666666666664e-02
  6.1249999999999993e-01
 -6.1158800000000002e-01
528 1
  5.8333333333333327e-02
  6.1249999999999993e-01
 -6.2368080000000004e-01
529 1
  8.7499999999999994e-02
  6.1249999999999993e-01
 -6.3111850000000003e-01
530 1
  1.1666666666666665e-01
  6.1249999999999993e-01
 -6.3388770000000005e-01
531 1
  1.4583333333333331e-01
  6.1249999999999993e-01
 -6.3211300000000004e-01
532 1
  1.7499999999999999e-01
  6.1249999999999993e-01
 -6.2605379999999999e-01
533 1
  2.0416666666666664e-01
  6.1249999999999993e-01
 -6.1609579999999997e-01
534 1
  2.3333333333333331e-01
  6.1249999999999993e-01
 -6.0273889999999997e-01
535 1
  2.6249999999999996e-01
  6.1249999999999993e-01
 -5.8658140000000003e-01
536 1
  2.9166666666666663e-01
  6.1249999999999993e-01
 -5.6830179999999997e-01
537 1
  3.2083333333333330e-01
  6.1249999999999993e-01
 -5.4863859999999998e-01
538 1
  3.4999999999999998e-01
  6.1249999999999993e-01
 -5.2836959999999999e-01
539 1
  3.7916666666666665e-01
  6.1249999999999993e-01
 -5.0829060000000004e-01
540 1
  4.0833333333333327e-01
  6.1249999999999993e-01
 -4.8919439999999997e-01
541 1
  4.3749999999999994e-01
  6.1249999999999993e-01
 -4.7185040000000000e-01
542 1
  4.6666666666666662e-01
  6.1249999999999993e-01
 -4.5698640000000001e-01
543 1
  4.9583333333333329e-01
  6.1249999999999993e-01
 -4.4527040000000001e-01
544 1
  5.2499999999999991e-01
  6.1249999999999993e-01
 -4.3729580000000001e-01
545 1
  5.5416666666666659e-01
  6.1249999999999993e-01
 -4.3356770000000000e-01
546 1
  5.8333333333333326e-01
  6.1249999999999993e-01
 -4.3449199999999999e-01
547 1
  6.1249999999999993e-01
  6.1249999999999993e-01
 -4.4036700000000001e-01
548 1
  6.4166666666666661e-01
  6.1249999999999993e-01
 -4.5137699999999997e-01
549 1
  6.7083333333333328e-01
  6.1249999999999993e-01
 -4.6758919999999998e-01
550 1
  6.9999999999999996e-01
  6.1249999999999993e-01
 -4.8895270000000002e-01
551 1
  0.0000000000000000e+00
  6.4166666666666661e-01
 -5.5495180000000000e-01
552 1
  2.9166666666666664e-02
  6.4166666666666661e-01
 -5.6976800000000005e-01
553 1
  5.8333333333333327e-02
  6.4166666666666661e-01
 -5.8066439999999997e-01
554 1
  8.7499999999999994e-02
  6.4166666666666661e-01
 -5.8752680000000002e-01
555 1
  1.1666666666666665e-01
  6.4166666666666661e-01
 -5.9036400000000000e-01
556 1
  1.4583333333333331e-01
  6.4166666666666661e-01
 -5.8930879999999997e-01
557 1
  1.7499999999999999e-01
  6.4166666666666661e-01
 -5.8461569999999996e-01
558 1
  2.0416666666666664e-01
  6.4166666666666661e-01
 -5.7665299999999997e-01
559 1
  2.3333333333333331e-01
  6.4166666666666661e-01
 -5.6589219999999996e-01
560 1
  2.6249999999999996e-01
  6.4166666666666661e-01
 -5.5289410000000005e-01
561 1
  2.9166666666666663e-01
  6.4166666666666661e-01
 -5.3829170000000004e-01
562 1
  3.2083333333333330e-01
  6.4166666666666661e-01
 -5.2277189999999996e-01
563 1
  3.4999999999999998e-01
  6.4166666666666661e-01
 -5.0705659999999997e-01
564 1
  3.7916666666666665e-01
  6.4166666666666661e-01
 -4.9188199999999999e-01
565 1
  4.0833333333333327e-01
  6.4166666666666661e-01
 -4.7797960000000000e-01
566 1
  4.3749999999999994e-01
  6.4166666666666661e-01
 -4.6605629999999998e-01
567 1
  4.6666666666666662e-01
  6.4166666666666661e-01
 -4.5677689999999999e-01
568 1
  4.9583333333333329e-01
  6.4166666666666661e-01
 -4.5074760000000003e-01
569 1
  5.2499999999999991e-01
  6.4166666666666661e-01
 -4.4850060000000003e-01
570 1
  5.5416666666666659e-01
  6.4166666666666661e-01
 -4.5048189999999999e-01
571 1
  5.8333333333333326e-01
  6.4166666666666661e-01
 -4.5704030000000001e-01
572 1
  6.1249999999999993e-01
  6.4166666666666661e-01
 -4.6841969999999999e-01
573 1
  6.4166666666666661e-01
  6.4166666666666661e-01
 -4.8475330000000000e-01
574 1
  6.7083333333333328e-01
  6.4166666666666661e-01
 -5.0606050000000002e-01
575 1
  6.9999999999999996e-01
  6.4166666666666661e-01
 -5.3224610000000006e-01
576 1
  0.0000000000000000e+00
  6.7083333333333328e-01
 -5.1808620000000005e-01
577 1
  2.9166666666666664e-02
  6.7083333333333328e-01
 -5.3138920000000001e-01
578 1
  5.8333333333333327e-02
  6.7083333333333328e-01
 -5.4135109999999997e-01
579 1
  8.7499999999999994e-02
  6.7083333333333328e-01
 -5.4789149999999998e-01
580 1
  1.1666666666666665e-01
  6.7083333333333328e-01
 -5.5103999999999997e-01
581 1
  1.4583333333333331e-01
  6.7083333333333328e-01
 -5.5093700000000001e-01
582 1
  1.7499999999999999e-01
  6.7083333333333328e-01
 -5.4783179999999998e-01
583 1
  2.0416666666666664e-01
  6.7083333333333328e-01
 -5.4207559999999999e-01
584 1
  2.3333333333333331e-01
  6.7083333333333328e-01
 -5.3411229999999998e-01
585 1
  2.6249999999999996e-01
  6.7083333333333328e-01
 -5.2446479999999995e-01
586 1
  2.9166666666666663e-01
  6.7083333333333328e-01
 -5.1372070000000003e-01
587 1
  3.2083333333333330e-01
  6.7083333333333328e-01
 -5.0251489999999999e-01
588 1
  3.4999999999999998e-01
  6.7083333333333328e-01
 -4.9151180000000000e-01
589 1
  3.7916666666666665e-01
  6.7083333333333328e-01
 -4.8138680000000000e-01
590 1
  4.0833333333333327e-01
  6.7083333333333328e-01
 -4.7280739999999999e-01
591 1
  4.3749999999999994e-01
  6.7083333333333328e-01
 -4.6641559999999999e-01
592 1
  4.6666666666666662e-01
  6.7083333333333328e-01
 -4.6281060000000002e-01
593 1
  4.9583333333333329e-01
  6.7083333333333328e-01
 -4.6253339999999998e-01
594 1
  5.2499999999999991e-01
  6.7083333333333328e-01
 -4.6605210000000002e-01
595 1
  5.5416666666666659e-01
  6.7083333333333328e-01
 -4.7375070000000002e-01
596 1
  5.8333333333333326e-01
  6.7083333333333328e-01
 -4.8591839999999997e-01
597 1
  6.1249999999999993e-01
  6.7083333333333328e-01
 -5.0274249999999998e-01
598 1
  6.4166666666666661e-01
  6.7083333333333328e-01
 -5.2430319999999997e-01
599 1
  6.7083333333333328e-01
  6.7083333333333328e-01
 -5.5057080000000003e-01
600 1
  6.9999999999999996e-01
  6.7083333333333328e-01
 -5.8140579999999997e-01
601 1
  0.0000000000000000e+00
  6.9999999999999996e-01
 -4.8604009999999997e-01
602 1
  2.9166666666666664e-02
  6.9999999999999996e-01
 -4.9810749999999998e-01
603 1
  5.8333333333333327e-02
  6.9999999999999996e-01
 -5.0740099999999999e-01
604 1
  8.7499999999999994e-02
  6.9999999999999996e-01
 -5.1387150000000004e-01
605 1
  1.1666666666666665e-01
  6.9999999999999996e-01
 -5.1756740000000001e-01
606 1
  1.4583333333333331e-01
  6.9999999999999996e-01
 -5.1863579999999998e-01
607 1
  1.7499999999999999e-01
  6.9999999999999996e-01
 -5.1732009999999995e-01
608 1
  2.0416666666666664e-01
  6.9999999999999996e-01
 -5.1395449999999998e-01
609 1
  2.3333333333333331e-01
  6.9999999999999996e-01
 -5.0895440000000003e-01
610 1
  2.6249999999999996e-01
  6.9999999999999996e-01
 -5.0280559999999996e-01
611 1
  2.9166666666666663e-01
  6.9999999999999996e-01
 -4.9604979999999999e-01
612 1
  3.2083333333333330e-01
  6.9999999999999996e-01
 -4.8926940000000002e-01
613 1
  3.4999999999999998e-01
  6.9999999999999996e-01
 -4.8307060000000002e-01
614 1
  3.7916666666666665e-01
  6.9999999999999996e-01
 -4.7806650000000001e-01
615 1
  4.0833333333333327e-01
  6.9999999999999996e-01
 -4.7485959999999999e-01
616 1
  4.3749999999999994e-01
  6.9999999999999996e-01
 -4.7402490000000003e-01
617 1
  4.6666666666666662e-01
  6.9999999999999996e-01
 -4.7609410000000002e-01
618 1
  4.9583333333333329e-01
  6.9999999999999996e-01
 -4.8154100000000000e-01
619 1
  5.2499999999999991e-01
  6.9999999999999996e-01
 -4.9076779999999998e-01
620 1
  5.5416666666666659e-01
  6.9999999999999996e-01
 -5.0409440000000005e-01
621 1
  5.8333333333333326e-01
  6.9999999999999996e-01
 -5.2174889999999996e-01
622 1
  6.1249999999999993e-01
  6.9999999999999996e-01
 -5.4386089999999998e-01
623 1
  6.4166666666666661e-01
  6.9999999999999996e-01
 -5.7045659999999998e-01
624 1
  6.7083333333333328e-01
  6.9999999999999996e-01
 -6.0145720000000003e-01
625 1
  6.9999999999999996e-01
  6.9999999999999996e-01
 -6.3667870000000004e-01
PSUADE_IO
PSUADE
INPUT
   dimension = 2
   variable 1 X1  =   0.0000000000000000e+00   6.9999999999999996e-01
   variable 2 X2  =   0.0000000000000000e+00   6.9999999999999996e-01
   PDF 1 U
   PDF 2 U
END
OUTPUT
   dimension = 1
   variable 1 Y1
END
METHOD
#  sampling = MC
   sampling = FACT
#  sampling = LH
#  sampling = OA
#  sampling = OALH
#  sampling = MOAT
#  sampling = SALTELLI
#  sampling = LPTAU
#  sampling = METIS
#  sampling = FAST
#  sampling = BBD
#  sampling = PBD
#  sampling = FF4
#  sampling = FF5
#  sampling = CCI4
#  sampling = CCI5
#  sampling = CCIF
#  sampling = CCF4
#  sampling = CCF5
#  sampling = CCFF
#  sampling = CCC4
#  sampling = CCC5
#  sampling = CCCF
#  sampling = SFAST
#  sampling = UMETIS
#  sampling = GMOAT
   num_samples = 625
   num_replications = 1
   num_refinements = 0
   refinement_size = 10000000
   reference_num_refinements = 0
#  refinement_type = adaptive
#  randomize
#  randomize_more
#  random_seed = 2147483647
END
APPLICATION
   driver = ./simulator
   opt_driver = NONE
   aux_opt_driver = NONE
#  input_template = NONE
#  output_template = NONE
#  max_parallel_jobs = 1
#  min_job_wait_time = 1
   max_job_wait_time = 1000000
#  nondeterministic
#  launch_only
#  limited_launch_only
#  gen_inputfile_only
#  launch_interval = 15
#  save_frequency = 1000000
END
ANALYSIS
#  analyzer method = Moment
#  analyzer method = MainEffect
#  analyzer method = TwoParamEffect
#  analyzer method = ANOVA
#  analyzer method = GLSA
#  analyzer method = RSFA
#  analyzer method = MOAT
#  analyzer method = SALTELLI
#  analyzer method = Correlation
#  analyzer method = Integration
#  analyzer method = FAST
#  analyzer method = FF
#  analyzer method = PCA
#  analyzer method = OneSigma
#  analyzer method = FORM
#  analyzer method = RSMSobol1
#  analyzer method = RSMSobol2
#  analyzer method = RSMSobolTSI
#  analyzer method = Bootstrap
#  analyzer method = RSMSobolG
#  analyzer method = ARSM
#  analyzer method = REL
   analyzer output_id  = 1
   analyzer rstype = MARS
#  analyzer rstype = linear
#  analyzer rstype = quadratic
#  analyzer rstype = cubic
#  analyzer rstype = quartic
#  analyzer rstype = ANN
#  analyzer rstype = user_regression
#  analyzer rstype = GP1
#  analyzer rstype = GP2
#  analyzer rstype = SVM
#  analyzer regression_wgt_id = -1
#  graphics
#  sampleGraphics
   analyzer threshold = 1.000000e+00
#  optimization method = crude
#  optimization method = txmath
#  optimization method = appspack
#  optimization method = minpack
#  optimization method = cobyla
#  optimization method = sm
#  optimization method = mm
#  optimization method = mm_adaptive
#  optimization num_local_minima = 0
#  optimization use_response_surface
#  optimization print_level = 0
#  optimization num_fmin = 0
#  optimization output_id = 0
#  optimization max_feval = 10000
#  optimization deltax = 1.0e-6
#  optimization fmin = not defined
#  optimization cutoff = not defined
#  optimization tolerance = not defined
   printlevel 3
#  fileWrite matlab
#  config_file = NONE
END
END
