0.152425 0.499349 0.486044 0.182676 0.398293 0.536796 0.247305 0.358679 0.232137 0.610750
0.634692 0.246022 0.874617 0.928047 0.183502 0.488192 0.056554 0.076818 0.581415 0.220536
0.527203 0.976296 0.230400 0.256060 0.599732 0.469294 0.988295 0.699621 0.442358 0.990134
0.771739 0.105543 0.290220 0.539643 0.842849 0.486071 0.039211 0.648979 0.971072 0.105258
0.878344 0.434167 0.463250 0.690570 0.173955 0.540313 0.948431 0.103452 0.321220 0.989368
0.580160 0.903945 0.626171 0.473108 0.394618 0.720195 0.550974 0.263315 0.584082 0.287316
0.728767 0.980307 0.045283 0.051633 0.284301 0.316886 0.506568 0.906326 0.909593 0.185112
0.025039 0.672914 0.418627 0.811520 0.265162 0.004023 0.365393 0.590218 0.630077 0.519279
0.059700 0.896290 0.575500 0.831678 0.054509 0.967261 0.468118 0.576270 0.194474 0.661212
0.340785 0.969970 0.521808 0.011999 0.302522 0.853263 0.662026 0.299175 0.765643 0.997680
0.459300 0.762014 0.673368 0.745605 0.144312 0.190304 0.296984 0.982582 0.988034 0.123687
0.734257 0.327326 0.302203 0.841207 0.610366 0.960221 0.069815 0.784369 0.285735 0.581134
0.842546 0.851687 0.199868 0.675241 0.925372 0.882566 0.557187 0.319871 0.205289 0.029207
0.849802 0.356559 0.221375 0.707562 0.880868 0.827026 0.000324 0.599103 0.486824 0.173644
0.780317 0.540221 0.359792 0.436908 0.807042 0.713836 0.076229 0.858420 0.951019 0.190250
0.952791 0.734746 0.663792 0.301805 0.954799 0.173915 0.521989 0.442032 0.837857 0.231471
0.499714 0.435512 0.724410 0.230121 0.806784 0.457486 0.976931 0.317690 0.789044 0.059670
0.274754 0.738605 0.967579 0.155414 0.472158 0.124191 0.997998 0.274855 0.826500 0.334424
0.904996 0.517896 0.045726 0.415987 0.988307 0.407164 0.995911 0.139497 0.720369 0.801842
0.212557 0.489627 0.398773 0.339612 0.462479 0.420644 0.501117 0.096903 0.359716 0.701005
