1.660000000000000017e-02
1.455000000000000000e+13
1.000000000000000036e-10
0.0
0.0
0.0
2.602000000000000000e+05
1.545000000000000000e+05
8.260000000000000000e+04
6.905972972972973366e+04
3.000000000000000000e+02
3.299999999999999639e-07
1.000000000000000000e+00
6.765506005320439525e-04
9.756075000000000719e-01
1.241264691077357292e+09
2.603440000000000198e-01
3.450093949789016392e+02
2.800000000000000266e-01
1.340000000000000080e+00
2.278971081081080860e-02
1.000000000000000000e+00
0.000000000000000000e+00
0.000000000000000000e+00
0.000000000000000000e+00
0.000000000000000000e+00
0.000000000000000000e+00
0.000000000000000000e+00
0.000000000000000000e+00
0.000000000000000000e+00
2.556262217492982458e+01
0.000000000000000000e+00
0.000000000000000000e+00
0.000000000000000000e+00
1.000000000000000000e+00
0.000000000000000000e+00
0.000000000000000000e+00
0.000000000000000000e+00
0.000000000000000000e+00
0.000000000000000000e+00
2.556262217492982458e+01
0.000000000000000000e+00
0.000000000000000000e+00
0.000000000000000000e+00
0.000000000000000000e+00
0.000000000000000000e+00
0.000000000000000000e+00
1.000000000000000000e+00
0.000000000000000000e+00
0.000000000000000000e+00
2.556262217492982458e+01
0.000000000000000000e+00
0.000000000000000000e+00
0.000000000000000000e+00
0.000000000000000000e+00
0.000000000000000000e+00
0.000000000000000000e+00
0.000000000000000000e+00
0.000000000000000000e+00
0.000000000000000000e+00
1.000000000000000000e+00
0.000000000000000000e+00
0.000000000000000000e+00
2.556262217492982458e+01
0.000000000000000000e+00
0.000000000000000000e+00
0.000000000000000000e+00
0.000000000000000000e+00
0.000000000000000000e+00
0.000000000000000000e+00
0.000000000000000000e+00
0.000000000000000000e+00
0.000000000000000000e+00
1.000000000000000000e+00
0.000000000000000000e+00
0.000000000000000000e+00
0.000000000000000000e+00
0.000000000000000000e+00
0.000000000000000000e+00
2.556261153362779481e+01
0.000000000000000000e+00
0.000000000000000000e+00
0.000000000000000000e+00
2.556262217492982458e+01
0.000000000000000000e+00
0.000000000000000000e+00
1.000000000000000000e+00
0.000000000000000000e+00
0.000000000000000000e+00
0.000000000000000000e+00
0.000000000000000000e+00
0.000000000000000000e+00
0.000000000000000000e+00
0.000000000000000000e+00
0.000000000000000000e+00
0.000000000000000000e+00
2.556262217492982458e+01
0.000000000000000000e+00
0.000000000000000000e+00
1.000000000000000000e+00
0.000000000000000000e+00
0.000000000000000000e+00
0.000000000000000000e+00
0.000000000000000000e+00
0.000000000000000000e+00
0.000000000000000000e+00
2.556262217492982458e+01
0.000000000000000000e+00
0.000000000000000000e+00
0.000000000000000000e+00
0.000000000000000000e+00
0.000000000000000000e+00
1.000000000000000000e+00
0.000000000000000000e+00
0.000000000000000000e+00
0.000000000000000000e+00
0.000000000000000000e+00
0.000000000000000000e+00
0.000000000000000000e+00
0.000000000000000000e+00
0.000000000000000000e+00
0.000000000000000000e+00
0.000000000000000000e+00
0.000000000000000000e+00
0.000000000000000000e+00
1.000000000000000000e+00
0.000000000000000000e+00
0.000000000000000000e+00
2.556262217492982458e+01
2.556262217492982458e+01
0.000000000000000000e+00
0.000000000000000000e+00
0.000000000000000000e+00
0.000000000000000000e+00
0.000000000000000000e+00
0.000000000000000000e+00
0.000000000000000000e+00
0.000000000000000000e+00
1.000000000000000000e+00
0.000000000000000000e+00
0.000000000000000000e+00
0.000000000000000000e+00
0.000000000000000000e+00
0.000000000000000000e+00
0.000000000000000000e+00
2.556261153362779481e+01
0.000000000000000000e+00
0.000000000000000000e+00
0.000000000000000000e+00
0.000000000000000000e+00
0.000000000000000000e+00
1.000000000000000000e+00
0.000000000000000000e+00
0.000000000000000000e+00
0.000000000000000000e+00
0.000000000000000000e+00
0.000000000000000000e+00
0.000000000000000000e+00
0.000000000000000000e+00
0.000000000000000000e+00
0.000000000000000000e+00
2.556262217492982458e+01
0.000000000000000000e+00
0.000000000000000000e+00
1.000000000000000000e+00
2.479459236610219719e+01
1.649999999999999872e-06
6.355871971263594641e-04
1.109620779481409157e-02
1.193794653888192261e+04
1.193794653888192261e+04
1.193794653888192261e+04
1.193794653888192261e+04
1.193794653888192261e+04
1.193794653888192261e+04
1.193794653888192261e+04
1.193794653888192261e+04
1.193794653888192261e+04
1.193794653888192261e+04
1.193794653888192261e+04
1.193794653888192261e+04
2.169399768910793500e+04
2.169399768910793500e+04
2.169399768910793500e+04
2.169399768910793500e+04
2.169399768910793500e+04
2.169399768910793500e+04
2.169399768910793500e+04
2.169399768910793500e+04
2.169399768910793500e+04
2.169399768910793500e+04
2.169399768910793500e+04
2.169399768910793500e+04
0.0
0.0
0.0
0.000000000000000000e+00
-4.365000000000000000e+15
