1.660000000000000142e+01
1.454999999999999905e-01
1.000000000000000036e-10
2.609999999999999876e+00
1.649999999999999911e+00
5.500000000000000444e-01
5.208425196850394734e-01
2.860000000000000133e-08
4.000000000000000083e-02
9.999999999999999124e-05
1.000000000000000021e-03
-3.665191429188092154e-01
3.499999999999999639e-02
7.000000000000000146e-03
2.999999999999999889e-01
5.000000000000000000e+07
5.800000000000000000e+01
6.000000000000000000e+01
7.91e9
7.31e-6
0.1
4.800000000000000000e+10
0.000000000000000000e+00
-4.364999999999999858e+01
