250
250
250
250
250
250
250
250
250
250
250
250
250
250
432
432
432
432
432
432
432
432
432
250
250
250
250
250
250
250
250
250
250
250
250
250
250
250
250
251
251
251
251
249
248
248
247
247
251
251
128
128
128
128
128
128
128
128
128
128
128
128
128
128
128
128
128
128
128
128
128
128
128
128
128
208
208
320
320
232
232
232
1280
1280
1280
216
240
264
15
51
65
169
430
417
373
367
360
360
360
360
250
250
250
250
250
250
448
448
448
448
448
256
256
256
256
256
256
256
256
256
256
216
216
216
216
216
216
128
128
128
128
128
128
128
128
128
